92
0
True False
0.0827036360357793 0.00242201369515597 0 0.231284941617459 0.000101445599797109 0 0.000798550713315281 0.0820499454519519 0.00329641603109623 0.136897700532159 0.0338290249801047 0.000433318463120047 0.0268442367544269 0.0259223218236882 0.0246623549541555 0.179941876146112 0.0619080728682447 0.00235842375067014 0.00500392418472913 0.00764879441497443 0.0323361286115865 0 0.056833012863463 6.2065221236352E-05 0.00266179528677472 0.221913725490196 0.30418431372549 0.222054901960784 0.307945098039216 0.192364705882353 0.237894117647059 0.255650980392157 0.31898431372549 0.25095294117647 0.542728395061728 0.499896692409009 0.484097166617838 0.483675055467406 0.494507829694804 0 0 0 0 0.0980392156862745 0.134462745098039 0 0.287121568627451 0.175286274509804 0.221913725490196 0.30418431372549 0.222054901960784 0.307945098039216 0.0943254901960784 0.10343137254902 0.255650980392157 0.0318627450980392 0.0756666666666666 0.1 0.0917160493827161 0.947345679012346 0.5625 0.39979012345679 0.2875 0 0 0 0 0.0744862745098039 0.183325490196078 0 0.276588235294118 0.210556862745098 0 0 0 0 0.212682352941177 0.236207843137255 0 0.313176470588235 0.243329411764706
#NONE#
(Leaf250.txt) (listLeaf250ED.txt) (#NONE#)
(Neighbor1Leaf250.txt) (Neighbor2Leaf250.txt) (Neighbor3Leaf250.txt) (Neighbor4Leaf250.txt)
(#NONE#)
(#NONE#) (Node24.txt)
0.108427405509783 0.000263262358169127 0.000775872514377344 0.272825934813239 0.0270603639784442 0 0.0449502915414554 0.0351229777644454 0.00305810703771037 0.0885804077158909 0.191870135993629 0.000236469674088292 0.0140576962667539 0.0597583431033945 0.0555537792541314 0.0286201723005529 0.0123589244235787 0.00380004118639531 0.00621627274549607 0.00495982819353471 0.0273898122475163 0.000674673110249273 0.00698987097714601 0.00192383201557835 0.00452552527444002 0.220092497868713 0.260141091219096 0.304026854219949 0.323789428815004 0.219988491048593 0.207797527706735 0.329213554987212 0.316494884910486 0.211928815004263 0.438286366076221 0.523073325260926 0.481880968468956 0.478575185671982 0.495727361512018 0 0 0 0 0.066194799658994 0.0849416027280478 0 0.24334484228474 0.108455669224211 0.220092497868713 0.260141091219096 0.304026854219949 0.323789428815004 0.153793691389599 0.122855924978687 0.329213554987212 0.0731500426257459 0.103473145780051 0.0951086956521739 0.0908494363929147 0.916846484165325 0.551630434782609 0.381409017713365 0.298233695652174 0 0 0 0 0.140270673486786 0.142710571184996 0 0.205572890025575 0.154382779198636 0 0 0 0 0.228554560954817 0.213985933503836 0 0.320351662404092 0.221241687979539
#NONE#
