44
0
True False
0.168317508873631 0 0 0.0493857653401554 0 0 0.000216114219247897 0 0 0.20713875119711 0.102137343922744 0 0 0.192891836036266 0.0337693041213169 0.000525015441630635 0.0122311675406398 0.001205784193542 0.010777419502144 0.00596727719048815 0.182829959551054 0 0 0.00170089064819396 0.0309058622218362 0.327 0.350107843137255 0.387333333333333 0.393039215686275 0.473549019607843 0.249088235294117 0.415009803921569 0.494470588235294 0.71371568627451 0.537561728395062 0.502741319473074 0.484919572372925 0.478529244618443 0.487343737615147 0 0 0 0 0.473549019607843 0.16443137254902 0 0.41135294117647 0.71371568627451 0.327 0.350107843137255 0.387333333333333 0.393039215686275 0 0.084656862745098 0.415009803921569 0.0831176470588235 0 0.078125 0.0821296296296296 0.903456790123457 0.5625 0.34179012345679 0.21875 0 0 0 0 0.23521568627451 0.132098039215686 0 0.845294117647059 0.814735294117647 0 0 0 0 0.505921568627451 0.258441176470588 0 0.435607843137255 0.689264705882353
#NONE#
(Leaf221.txt) (listLeaf221ED.txt) (#NONE#)
(Neighbor1Leaf221.txt) (Neighbor2Leaf221.txt) (Neighbor3Leaf221.txt) (Neighbor4Leaf221.txt)
(#NONE#)
(#NONE#) (Node28.txt)
0.0607759043026263 0 0 0.114114087040481 0.00745882494571518 0 0.0175928491158999 0.0274734147359158 0.000391109415284301 0.0915184117873962 0.202593466147843 0.000298180254863914 2.80618258146348E-06 0.193320695135123 0.128663628460924 0.000962503365231932 0.00503856330273725 0.0194027559046819 0.0136041575083967 0.0067343849045964 0.0955116492972887 8.98870078387575E-05 0 0.00133923168840891 0.0131134894961648 0.286954545454546 0.315273618538324 0.350609625668449 0.47082174688057 0.460467023172905 0.29527807486631 0.442039215686274 0.616345811051693 0.633303921568627 0.67790404040404 0.511686562071235 0.484528352506182 0.454040862277369 0.506136095384419 0 0 0 0 0.448059714795009 0.221125668449198 0 0.608789661319073 0.633303921568627 0.286954545454546 0.315273618538324 0.350609625668449 0.47082174688057 0.0124073083778966 0.0741524064171123 0.442039215686274 0.00755614973262032 0 0.0653409090909091 0.0843013468013468 0.939046015712682 0.5625 0.409107744107744 0.319602272727273 0 0 0 0 0.322529411764706 0.112 0 0.87147504456328 0.787192513368984 0 0 0 0 0.470231729055258 0.320766488413547 0 0.561588235294118 0.590516934046346
#NONE#
