50
0
True False
0.0222251188653342 0 0 0.0419081715293688 0 0 0.00111125135170468 0.00703961076052639 0 0.0961680658170143 0.0761873743025269 4.94010127207608E-05 0 0.170443592228926 0.104322252067798 0.0003457216940363 0.0126681818840033 0.0151367416711546 0.0723150152311116 0.0014321750008098 0.225208702781976 0 0 0.122049547386092 0.0313890764148963 0.449717647058824 0.691733333333333 0.659780392156863 0.482650980392157 0.7456 0.612494117647059 0.562556862745098 0.319709803921569 0.454439215686275 0.772469135802469 0.473320288465741 0.483694887930896 0.563730776567499 0.540365797247882 0 0 0 0 0.7456 0.612494117647059 0 0.222227450980392 0.380956862745098 0.449717647058824 0.691733333333333 0.659780392156863 0.482650980392157 0 0 0.562556862745098 0.0974823529411766 0.0734823529411764 0.0125 0.0804938271604939 0.825604938271605 0.5 0.344716049382716 0.275 0 0 0 0 0.844376470588235 0.798627450980392 0 0.13723137254902 0.438250980392157 0 0 0 0 0.719945098039216 0.572988235294118 0 0.324862745098039 0.440925490196078
#NONE#
(Leaf333.txt) (listLeaf333ED.txt) (#NONE#)
(Neighbor1Leaf333.txt) (Neighbor2Leaf333.txt) (Neighbor3Leaf333.txt) (Neighbor4Leaf333.txt)
(#NONE#)
(#NONE#) (Node26.txt)
0.0502474417508282 1.72882193134107E-05 0.00155930703731839 0.100956875247256 0.0106574958334113 0 0.0236314665819232 0.0120876186846525 0.0183092321395762 0.0614786205683105 0.197220629097349 8.40709639577635E-05 0.00011123848442704 0.0713236834522582 0.227910157625668 0.00773228898687661 0.012465663457668 0.0151131600977042 0.037400978804361 0.0196859399944699 0.0779299501920493 0.00441875590054218 3.21189073806308E-05 0.0233932546618613 0.026232763310837 0.475952941176471 0.545093333333333 0.529185098039216 0.584709803921568 0.700451764705882 0.701538823529412 0.572945098039215 0.318777254901961 0.482950588235294 0.685266666666667 0.477955126603916 0.471829781710403 0.52522123439407 0.526367184235465 0 0 0 0 0.700451764705882 0.701538823529412 0 0.200672941176471 0.460716078431373 0.475952941176471 0.545093333333333 0.529185098039216 0.584709803921568 0 0 0.572945098039215 0.11810431372549 0.0222345098039216 0.06375 0.0921851851851852 0.913093827160494 0.54375 0.389217283950617 0.31375 0 0 0 0 0.854341960784314 0.882890980392157 0 0.221026666666667 0.442581960784314 0 0 0 0 0.650850980392157 0.638428235294118 0 0.31971137254902 0.477740392156863
#NONE#
