78
0
True False
0.439590305353724 0 0 0.117047790270001 2.65106661246709E-05 0 0.00294956074193964 0.000592165223851311 0 0.243242190932577 0.0270696910124345 0 8.82052005786264E-06 0.0661296577134537 0.00742182961630546 0.0194830954423394 0.00857643260169002 0.00406344037981158 0.00201107964631417 0.0232732044320847 0.0304226104625325 0.000256467994821787 0.00067354087666885 0.00466339456727804 0.00249821154598976 0.0326190476190476 0.0836918767507003 0.0857703081232493 0.0395854341736695 0.339126050420168 0.358507002801121 0.0737843137254902 0.226750700280112 0.20741456582633 0.199911816578483 0.548693501102796 0.525541791159615 0.481992277446049 0.482135373648999 0 0 0 0 0.115775910364146 0.280686274509804 0 0.139770308123249 0.10793837535014 0.0326190476190476 0.0836918767507003 0.0857703081232493 0.0395854341736695 0.223350140056022 0.0778207282913166 0.0737843137254902 0.0869803921568627 0.0994761904761905 0.0535714285714286 0.0456084656084656 0.852751322751323 0.549107142857143 0.341022927689594 0.321428571428571 0 0 0 0 0.678434173669468 0.414411764705882 0 0.115344537815126 0.158425770308123 0 0 0 0 0.279271708683473 0.33447619047619 0 0.246274509803922 0.220848739495798
#NONE#
(Leaf73.txt) (listLeaf73ED.txt) (#NONE#)
(Neighbor1Leaf73.txt) (Neighbor2Leaf73.txt) (Neighbor3Leaf73.txt) (Neighbor4Leaf73.txt)
(#NONE#)
(#NONE#) (Node19.txt)
0.487347805189326 0.00241349005085269 2.09012624362512E-05 0.13209218552945 0.0104070646068806 0 0.0071520709854457 0.0145780067217499 0.00064228853933079 0.144329374460548 0.0479729719049357 4.85205317669818E-05 0.00259121857565745 0.0434719216329029 0.0213788245732524 0.0244562329618362 0.00668194192374769 0.00333637793229386 0.0037416737726281 0.0162409634972627 0.0211402714231172 0.000446039480945229 0.00159001748972547 0.00421774972363533 0.00370208723027303 0.0474957264957265 0.0724776269482152 0.0913112116641528 0.0448290598290598 0.31164303670186 0.319785822021116 0.0745475113122172 0.242362493715435 0.203594268476621 0.249767331433998 0.500207106837562 0.519815044550483 0.490900261556101 0.483755953289563 0 0 0 0 0.195369532428356 0.216556561085973 0 0.147185520361991 0.116916540975364 0.0474957264957265 0.0724776269482152 0.0913112116641528 0.0448290598290598 0.116273504273504 0.103229260935143 0.0745475113122172 0.095176973353444 0.0866777275012569 0.0825320512820513 0.0519911364355809 0.77519784742007 0.533653846153846 0.284640709085154 0.260416666666667 0 0 0 0 0.415437908496732 0.406860231271996 0 0.175447461035696 0.185759678230267 0 0 0 0 0.293471091000503 0.298544997486174 0 0.247847159376571 0.205929110105581
#NONE#
