94
0
True False
0.0333442338214409 0 0 0.0621374275315632 0.0472202201011672 0 0.0464652324699011 4.63478651708943E-05 0.00179277942631059 0.0380767555652049 0.468506216656567 0 3.08794466403163E-05 0.00753759711261634 0.227164538227011 0.00347685464827607 0.00180736044223167 0.000602744807121661 0.0121420760040927 0.0102772662764922 0.0215088799206703 0 0 0.000309099901088031 0.0175534897764337 0.428593137254902 0.506916666666667 0.321686274509804 0.524578431372549 0.467921568627451 0.494872549019608 0.542549019607843 0.632053921568628 0.793740196078431 0.708641975308642 0.504024765092621 0.408809108633888 0.482169131042281 0.693181466780963 0 0 0 0 0.467921568627451 0.404803921568627 0 0.632053921568628 0.793740196078431 0.428593137254902 0.506916666666667 0.321686274509804 0.524578431372549 0 0.0900686274509804 0.542549019607843 0 0 0.078125 0.0601851851851852 0.834691358024692 0.4765625 0.284783950617284 0.2578125 0 0 0 0 0.287524509803922 0.49896568627451 0 0.638044117647059 0.908009803921569 0 0 0 0 0.48171568627451 0.471225490196078 0 0.610696078431373 0.750578431372549
#NONE#
(Leaf107.txt) (listLeaf107ED.txt) (#NONE#)
(Neighbor1Leaf107.txt) (Neighbor2Leaf107.txt) (Neighbor3Leaf107.txt) (Neighbor4Leaf107.txt)
(#NONE#)
(#NONE#) (Node26.txt)
0.0563329002954544 1.71280443778649E-05 0.00027719759998994 0.0991731536167639 0.0076184222175094 0 0.0142936382208748 0.00874822726756211 0.00926171753856606 0.0449652075678919 0.281107573908895 3.94400563729872E-06 8.30894837133647E-05 0.0655121562529576 0.236044395105813 0.0036155587291929 0.00626993060302196 0.0284373869146375 0.026026252012291 0.00990434017434297 0.0718557890677571 0.00178451931222173 2.63289801552863E-05 0.00688522512562153 0.0217559179547511 0.49976637463496 0.514837296620776 0.374245723821443 0.548554860241969 0.446576554025866 0.562594493116395 0.56951689612015 0.596647476011681 0.673172298706717 0.721757289204097 0.500148234683923 0.462487084343107 0.47537237711821 0.554953666323251 0 0 0 0 0.411236128493951 0.529599499374218 0 0.587604088443888 0.6696854401335 0.49976637463496 0.514837296620776 0.374245723821443 0.548554860241969 0.0353404255319149 0.0329949937421777 0.56951689612015 0.00904338756779307 0.00348685857321652 0.0525265957446809 0.0772025216706068 0.889989493039139 0.537898936170213 0.358355660625164 0.281914893617021 0 0 0 0 0.349583229036295 0.63255736337088 0 0.658357947434293 0.844444722569879 0 0 0 0 0.44774843554443 0.531475177304964 0 0.570929912390488 0.62306508135169
#NONE#
