34
0
True False
0.0677302929655487 0 0 0.0766193999647306 0.0310192871928377 0 0.0135179957486233 0 0 0.132811613265038 0.11400145707932 0 0 0.0610717530278451 0.174072483039374 0.0107009095773141 0.00223794077504209 0.000563850216588555 0.0644706843232377 0.00131703502490019 0.184408784248349 0 0 0 0.0654565135512506 0.691150326797386 0.753054466230937 0.776727668845316 0.640178649237473 0.177037037037037 0.182200435729847 0.565825708061002 0.17837908496732 0.322644880174292 0.587407407407407 0.51003923204057 0.455365117414032 0.478888579703436 0.549311547425269 0 0 0 0 0 0 0 0 0.134270152505447 0.691150326797386 0.753054466230937 0.776727668845316 0.640178649237473 0.177037037037037 0.182200435729847 0.565825708061002 0.17837908496732 0.188374727668845 0.0625 0.0879012345679012 0.919108367626886 0.5625 0.413100137174211 0.277777777777778 0 0 0 0 0.241342047930283 0.0932941176470588 0 0.145838779956427 0.446135076252723 0 0 0 0 0.161411764705882 0.182753812636166 0 0.176165577342048 0.289010893246187
#NONE#
(Leaf243.txt) (listLeaf243ED.txt) (#NONE#)
(Neighbor1Leaf243.txt) (Neighbor2Leaf243.txt) (Neighbor3Leaf243.txt) (Neighbor4Leaf243.txt)
(#NONE#)
(#NONE#) (Node13.txt)
0.0880434282729815 0 0.00524328249818447 0.115422517247149 0.013785280696848 0 0.0198467788919789 0.00190162277129304 0.0110729374931485 0.120635390333977 0.123935124395082 3.26837735958688E-05 0.00459221451700571 0.0500514176780505 0.143469780115798 0.0226982934810989 0.011720445591798 0.00792685556552378 0.0503898448638412 0.00579296349330972 0.141950753463574 6.54120464090616E-05 1.0897733547879E-05 0.00397317210336434 0.0574389029724405 0.662749711649366 0.691797001153402 0.710076124567474 0.665117647058824 0.244547866205306 0.221655132641292 0.588780853517878 0.201424452133795 0.29496770472895 0.543438634713145 0.490168512082315 0.466048341991136 0.502730317850046 0.528210335063148 0 0 0 0 0.0547946943483276 0.0580196078431373 0 0.0657612456747405 0.0740622837370242 0.662749711649366 0.691797001153402 0.710076124567474 0.665117647058824 0.189753171856978 0.163635524798155 0.588780853517878 0.135663206459054 0.220905420991926 0.0772058823529412 0.0989251997095134 0.898562091503268 0.551470588235294 0.38477850399419 0.303308823529412 0 0 0 0 0.273078431372549 0.150290657439446 0 0.121463667820069 0.428106113033449 0 0 0 0 0.232419838523645 0.228005767012687 0 0.212340253748558 0.267444059976932
#NONE#
