85
0
True False
0.124414340070464 0 0 0.0413470255755918 0.000509395590691472 0 0.00136177944552862 0.000426025598280996 0 0.0169023540485702 0.0895745721593497 0 0 0.0266856029324529 0.182424581746849 0.000260988875969441 0.0012368552882169 0.000178586008083122 0.176938501213791 0.000109858198699159 0.0577113567387019 0 0 4.12235138923242E-05 0.279876952994867 0.692069716775599 0.755411764705883 0.686736383442266 0.816265795206972 0.795084967320262 0.642688453159041 0.759442265795207 0.108806100217865 0.195921568627451 0.740589849108368 0.471247091894859 0.496128400004278 0.526724329787697 0.493200819591914 0 0 0 0 0.69320697167756 0.59523311546841 0 0 0.0878082788671024 0.692069716775599 0.755411764705883 0.686736383442266 0.816265795206972 0.101877995642702 0.0474553376906318 0.759442265795207 0.108806100217865 0.108113289760349 0.0833333333333333 0.0919890260631001 0.724759945130316 0.472222222222222 0.239753086419753 0.222222222222222 0 0 0 0 0.972470588235294 0.766344226579521 0 0.093045751633987 0.116989106753813 0 0 0 0 0.701185185185185 0.587302832244009 0 0.126409586056645 0.203276688453159
#NONE#
(Leaf210.txt) (listLeaf210ED.txt) (#NONE#)
(Neighbor1Leaf210.txt) (Neighbor2Leaf210.txt) (Neighbor3Leaf210.txt) (Neighbor4Leaf210.txt)
(#NONE#)
(#NONE#) (Node14.txt)
0.0875116096901805 0 2.90522431963278E-06 0.130441206226522 0.00598135210887049 0 0.00848371701591308 0.0237136955875424 0.00146301222731289 0.0438055934100283 0.150724462351776 0.000393771297620559 0.000580481668260135 0.0469013854027369 0.233008914391273 0.0206069410882033 0.00735793847666675 0.010318272264562 0.065915320199592 0.00632332330770654 0.0574633377709996 0.000177334671482744 0.00209221641468791 0.00270747852174802 0.094025730681995 0.63315109573241 0.647069434832756 0.53321291810842 0.707582929642445 0.690562399077278 0.463791003460208 0.688277739331027 0.218967012687428 0.188453517877739 0.629018155410312 0.466136741576472 0.453930339420126 0.529413549098001 0.545340023985753 0 0 0 0 0.669713494809689 0.381940945790081 0 0.089524336793541 0.073278892733564 0.63315109573241 0.647069434832756 0.53321291810842 0.707582929642445 0.0208489042675894 0.0818500576701269 0.688277739331027 0.129442675893887 0.115174625144175 0.0794117647058823 0.090242556281772 0.85552214960058 0.519852941176471 0.331100944081336 0.266911764705882 0 0 0 0 0.765182929642445 0.493833448673587 0 0.134139792387543 0.115838523644752 0 0 0 0 0.649234140715109 0.438891349480969 0 0.242049826989619 0.193325028835063
#NONE#
