39
0
True False
0.307381325350723 0 0 0.270963439231748 0.000354161396407792 0 0.00842162277436652 0.0420309790780907 0 0.0686638724369609 0.129988441327098 0 0 0.051233382518478 0.0568221063281188 0.0303890885962558 0.00464896832598172 0.000148588410104012 0.00172278691747645 0.00304771659684711 0.0230849665716661 0 0.000350262697022768 0 0.000748291442654233 0.198674509803922 0.188933333333333 0.347921568627451 0.0887058823529412 0.287450980392157 0.110737254901961 0.127788235294118 0.130980392156863 0.0517725490196078 0.257975308641975 0.476997858755581 0.659474708390242 0.48370157358458 0.427704821037196 0 0 0 0 0 0 0 0 0 0.198674509803922 0.188933333333333 0.347921568627451 0.0887058823529412 0.287450980392157 0.110737254901961 0.127788235294118 0.130980392156863 0.0517725490196078 0.075 0.0717037037037037 0.848913580246914 0.525 0.339358024691358 0.2 0 0 0 0 0.626674509803922 0.127960784313725 0 0.053678431372549 0.00353725490196078 0 0 0 0 0.23796862745098 0.121380392156863 0 0.160823529411765 0.0492784313725491
#NONE#
(Leaf325.txt) (listLeaf325ED.txt) (#NONE#)
(Neighbor1Leaf325.txt) (Neighbor2Leaf325.txt) (Neighbor3Leaf325.txt) (Neighbor4Leaf325.txt)
(#NONE#)
(#NONE#) (Node19.txt)
0.276986207679078 0.00109367713711558 0 0.354888939976763 0.0372732885191852 0 0.0215955121127269 0.0179750973350693 0.000697657480947337 0.0719543146474373 0.0805835467713541 2.22055152155363E-05 0.00209060280838431 0.0399397906720748 0.0332853019257116 0.0125342618468187 0.00487082466927844 0.00530720627940122 0.00651119410041458 0.00224394627401313 0.0231422103190263 6.70967568782564E-06 0.000229866891116437 0.000458807650765779 0.00630882971241425 0.201368526897939 0.210390145801911 0.208222222222222 0.13788838612368 0.269500251382604 0.158899949723479 0.203530417295123 0.162562091503268 0.106668677727501 0.193801836024058 0.515297921512951 0.505628682249618 0.485143088001778 0.488478110318641 0 0 0 0 0.00666264454499749 0.0164364002011061 0 0.0263629964806435 0.00952036199095023 0.201368526897939 0.210390145801911 0.208222222222222 0.13788838612368 0.262837606837607 0.142463549522373 0.203530417295123 0.136199095022624 0.097148315736551 0.0689102564102564 0.0614561570117126 0.909411206077873 0.544871794871795 0.356460905349794 0.27724358974359 0 0 0 0 0.570522875816993 0.206506787330317 0 0.132563097033685 0.0463157365510307 0 0 0 0 0.226056309703368 0.14547209653092 0 0.168621417797888 0.111900452488688
#NONE#
