49
0
True False
0.133931617672487 0 0 0.109855550063162 0.000288187896799969 0 0.0168064378983256 0 0 0.15592669892939 0.137258848346892 0 0 0.0561728395061729 0.212810030330215 0 0.000987654320987653 0.0112345679012346 0.0270886451893757 4.11522633744857E-05 0.0992206701126349 0 0 0.00065843621399177 0.0377186633549571 0.361333333333333 0.481660130718954 0.309607843137255 0.366313725490196 0.0354640522875817 0.413725490196078 0.533568627450981 0.136287581699346 0.61078431372549 0.517119341563786 0.489411355517493 0.518911753430659 0.499685238235885 0.454045961899513 0 0 0 0 0 0.202732026143791 0 0.0979738562091503 0.61078431372549 0.361333333333333 0.481660130718954 0.309607843137255 0.366313725490196 0.0354640522875817 0.210993464052287 0.533568627450981 0.0383137254901961 0 0.0833333333333333 0.0962551440329217 0.947201646090535 0.5625 0.421934156378601 0.416666666666667 0 0 0 0 0.0576209150326797 0.554496732026144 0 0.0789934640522875 1 0 0 0 0 0.0378039215686275 0.380013071895425 0 0.136928104575163 0.524862745098039
#NONE#
(Leaf281.txt) (listLeaf281ED.txt) (#NONE#)
(Neighbor1Leaf281.txt) (Neighbor2Leaf281.txt) (Neighbor3Leaf281.txt) (Neighbor4Leaf281.txt)
(#NONE#)
(#NONE#) (Node21.txt)
0.176676979305548 0 0 0.195050517360548 0.00870524861163077 0 0.0149046305912264 0.0305091939724819 0.00206983088592765 0.114810624362228 0.182164888369063 0.000311950188256873 0.0008405576582668 0.0753919007666563 0.0872221518952973 0.00484413032897847 0.0101226194087038 0.00417083467137642 0.0128201235969299 0.0137586907755337 0.0323845633409384 0.0007296836867012 0.0122257819512253 0.00397679731314128 0.0163083009593398 0.27034093637455 0.295531012404962 0.264688275310124 0.363040416166467 0.207953581432573 0.267238895558223 0.518165666266507 0.246515406162465 0.527122849139656 0.436777525825145 0.523047374159106 0.483635528590576 0.478697029885997 0.496623593268207 0 0 0 0 0.0666154461784714 0.11380712284914 0 0.174759503801521 0.51225850340136 0.27034093637455 0.295531012404962 0.264688275310124 0.363040416166467 0.141338135254102 0.153431772709084 0.518165666266507 0.0717559023609444 0.0148643457382953 0.0637755102040816 0.0884530108339632 0.91198790627362 0.551020408163265 0.371597379692618 0.293367346938776 0 0 0 0 0.198266506602641 0.323301320528211 0 0.157290916366547 0.63871468587435 0 0 0 0 0.204100040016006 0.250974789915966 0 0.262006402561024 0.493166866746699
#NONE#
