82
0
True False
0.556053247828348 0.00220875470044906 0 0.104406359629053 0.0350511410211761 0.000383337592639919 0.0278785608561111 0.00921921283315327 0.000460679000150916 0.0781178143743931 0.0716476921055523 0.00133255448870067 0.00155044375431448 0.0320283998411203 0.0280760275773708 0.0100891452070806 0.0112431170118544 0.000708214650568661 0.00886937670302428 0.00505288890908859 0.00872002090851324 0 0.00416195100580483 0 0.00274106000153264 0.0774341736694678 0.0659775910364146 0.11975350140056 0.0640448179271708 0.369221288515406 0.347613445378151 0.0584425770308122 0.116717086834734 0.333899159663866 0.19389770723104 0.450512113195372 0.57043684491406 0.502537524629416 0.475653342442072 0 0 0 0 0.312078431372549 0.215366946778712 0 0.035641456582633 0.23763025210084 0.0774341736694678 0.0659775910364146 0.11975350140056 0.0640448179271708 0.0571428571428571 0.13224649859944 0.0584425770308122 0.0810756302521008 0.0962689075630253 0.0535714285714286 0.044620811287478 0.73331569664903 0.517857142857143 0.275308641975309 0.223214285714286 0 0 0 0 0.422380952380952 0.372946778711485 0 0.0355798319327731 0.357927170868347 0 0 0 0 0.350050420168067 0.331109243697479 0 0.118403361344538 0.316151260504202
#NONE#
(Leaf266.txt) (listLeaf266ED.txt) (#NONE#)
(Neighbor1Leaf266.txt) (Neighbor2Leaf266.txt) (Neighbor3Leaf266.txt) (Neighbor4Leaf266.txt)
(#NONE#)
(#NONE#) (Node19.txt)
0.363531977441901 0.000188552230526139 0 0.214447053651604 0.0314843690851987 3.2723940835115E-05 0.0173162196501693 0.0117299094365935 0.000196654381793376 0.102673128625506 0.0758297926450489 0.000246659160780413 0.00193047648839759 0.05379232997713 0.0422741986076918 0.0117935901978016 0.0100580207515971 0.00431814313857413 0.00788144947473339 0.0142099689542028 0.02551570141486 0.000323282391671003 0.000997595562704999 0.00286006098143533 0.00636814180924428 0.0629230033476805 0.129389765662363 0.122670492587279 0.10862362505978 0.454786226685796 0.227575801052128 0.0859827833572453 0.162429459588713 0.346680057388809 0.250499849442939 0.488077624473644 0.513153268183831 0.493992004937953 0.481851123673799 0 0 0 0 0.381780966044955 0.120093256814921 0 0.0276126255380201 0.16002199904352 0.0629230033476805 0.129389765662363 0.122670492587279 0.10862362505978 0.0730052606408417 0.107482544237207 0.0859827833572453 0.134816834050693 0.186658058345289 0.0853658536585366 0.0604742547425474 0.83068051791629 0.53734756097561 0.325552544414333 0.261432926829268 0 0 0 0 0.513117168818747 0.203836441893831 0 0.0867077953132473 0.448378287900526 0 0 0 0 0.431018651362984 0.225440459110473 0 0.167862266857963 0.314674318507891
#NONE#
