66
0
True False
0.171038689566929 0 0 0.223963102960039 0.0105642509852116 0 0.0414256087392908 0.000435341905775033 0 0.0542793205608154 0.306237181501513 0 0 0.0528876738680361 0.0962974468753603 0 0.0004634206623826 0 0.0181456195412587 0 0.0117998065652827 0 0 0 0.0124625362681054 0.304794117647059 0.413843137254902 0.308774509803922 0.312156862745098 0.554803921568627 0.463921568627451 0.319588235294118 0.41235294117647 0.158862745098039 0.491820987654321 0.491161075958606 0.357021742902772 0.496917975413776 0.636397550111326 0 0 0 0 0.554803921568627 0.416107843137255 0 0.41235294117647 0.11693137254902 0.304794117647059 0.413843137254902 0.308774509803922 0.312156862745098 0 0.047813725490196 0.319588235294118 0 0.0419313725490196 0.0625 0.0820679012345679 0.905617283950617 0.5625 0.338487654320988 0.265625 0 0 0 0 0.789754901960784 0.781803921568628 0 0.244911764705882 0.0066764705882353 0 0 0 0 0.510372549019608 0.401911764705883 0 0.423490196078431 0.199196078431372
#NONE#
(Leaf300.txt) (listLeaf300ED.txt) (#NONE#)
(Neighbor1Leaf300.txt) (Neighbor2Leaf300.txt) (Neighbor3Leaf300.txt) (Neighbor4Leaf300.txt)
(#NONE#)
(#NONE#) (Node27.txt)
0.0807510647162015 2.61910374269924E-05 0 0.17457659347868 0.0234540736136873 0 0.0507426021162062 0.0272551375675274 0.00333770946369035 0.0709733640036988 0.256057331670078 0.000121880127423235 0.0026575870142217 0.0971950747578486 0.110270070614635 0.00269275439883635 0.0123848042450891 0.00639769767041419 0.0184958777703302 0.00237557776177878 0.0351272849405315 0.000131239766862899 0.000237848202181563 0.00104418719757616 0.0236940478650737 0.382939988116459 0.419819964349376 0.358648247177659 0.318975638740345 0.669489007724302 0.376759952465835 0.322863339275104 0.35526678550208 0.275005941770648 0.564754956977179 0.474280238333788 0.455894589122208 0.510225180339647 0.532930986453851 0 0 0 0 0.669489007724302 0.311691622103387 0 0.272998217468806 0.170786096256684 0.382939988116459 0.419819964349376 0.358648247177659 0.318975638740345 0 0.065068330362448 0.322863339275104 0.0822685680332739 0.104219845513963 0.0861742424242424 0.0935409652076318 0.928140665918443 0.555871212121212 0.389182566404789 0.314393939393939 0 0 0 0 0.866579322638146 0.347298276886512 0 0.307402257872846 0.104904337492573 0 0 0 0 0.613334521687463 0.38043137254902 0 0.352448009506833 0.304707664884135
#NONE#
