49
0
True False
0.00229468097419944 0 0 0.00348848555101811 0.000102903537752397 0 0.00170890188434048 0 0 0.0168622288614256 0.0180686398472959 0 0 0.0421411309856952 0.449642139440263 0.011656378600823 0.00279836026090708 0.0147325534778718 0.0421101497568414 0.031831276990453 0.253474004447692 1.02880658436214E-05 2.05761316872428E-05 0.0043518569330055 0.104705444252885 0.735264705882353 0.748833333333333 0.73437908496732 0.783114379084967 0.66659477124183 0.775555555555556 0.768375816993464 0.573401960784314 0.745013071895425 0.892664609053498 0.494016421491511 0.492792445408923 0.496612700341338 0.505408529677499 0 0 0 0 0.66659477124183 0.775555555555556 0 0.573401960784314 0.745013071895425 0.735264705882353 0.748833333333333 0.73437908496732 0.783114379084967 0 0 0.768375816993464 0 0 0.015625 0.0526337448559671 0.640565843621399 0.4375 0.186337448559671 0.182291666666667 0 0 0 0 0.693372549019608 0.775218954248366 0 0.535816993464052 0.751872549019608 0 0 0 0 0.64693137254902 0.759624183006536 0 0.560398692810458 0.73171568627451
#NONE#
(Leaf259.txt) (listLeaf259ED.txt) (#NONE#)
(Neighbor1Leaf259.txt) (Neighbor2Leaf259.txt) (Neighbor3Leaf259.txt) (Neighbor4Leaf259.txt)
(#NONE#)
(#NONE#) (Node26.txt)
0.0463085700741444 0 0 0.0398241154294482 0.00372537571904546 0 0.00936637906769041 0.00319841636367412 0.00104925788388378 0.0298609388561183 0.0776466029833178 9.82736593834965E-05 2.52201721024545E-06 0.0425894074343607 0.310461697260808 0.00637353479171574 0.00688007613480498 0.0195060070803266 0.0799340997822258 0.010584046504674 0.161882681041929 0.000225684739964035 7.55857898715043E-06 0.00268960464348512 0.147785149952803 0.713476590636254 0.741837535014005 0.700046418567427 0.777641456582633 0.703851140456182 0.769766306522609 0.755811924769908 0.418222488995598 0.574511404561825 0.792690854119425 0.481916453664327 0.485269084580563 0.521412034227508 0.52069174763022 0 0 0 0 0.690512204881953 0.769766306522609 0 0.336265706282513 0.53411924769908 0.713476590636254 0.741837535014005 0.700046418567427 0.777641456582633 0.0133389355742297 0 0.755811924769908 0.0819567827130852 0.0403921568627451 0.0497448979591837 0.0732224741748551 0.7758629377677 0.489795918367347 0.276082136558327 0.239795918367347 0 0 0 0 0.769827130852341 0.842600240096038 0 0.451791116446579 0.602468987595038 0 0 0 0 0.677896758703481 0.727008403361344 0 0.404433773509404 0.556309723889556
#NONE#
