93
0
True False
0.0940231183443402 0 0 0.170860972091814 0 0 0.00472253786574476 0.0780130321315277 0 0.0948189031854461 0.0796934965145667 0 0.0150365389985137 0.0670849579751967 0.0444499878556974 0.0223749821446993 0.139186627014523 0.0117352178488331 0.0190960075490308 0.020568968022376 0.113016521822126 0.00174512723928043 0.0014097136979857 0.0079333532100592 0.0142299364882384 0.241200980392157 0.230941176470588 0.206799019607843 0.561156862745098 0.37071568627451 0.629813725490196 0.389294117647059 0.465852941176471 0.431578431372549 0.628456790123457 0.475878741304494 0.470099904901479 0.522807225637662 0.517908039867989 0 0 0 0 0.25378431372549 0.629813725490196 0 0.465852941176471 0.431578431372549 0.241200980392157 0.230941176470588 0.206799019607843 0.561156862745098 0.11693137254902 0 0.389294117647059 0 0 0.046875 0.0884567901234569 0.945586419753087 0.5546875 0.399228395061728 0.28125 0 0 0 0 0.231171568627451 0.815985294117647 0 0.336906862745098 0.365705882352941 0 0 0 0 0.380872549019608 0.55768137254902 0 0.46953431372549 0.446049019607843
#NONE#
(Leaf95.txt) (listLeaf95ED.txt) (#NONE#)
(Neighbor1Leaf95.txt) (Neighbor2Leaf95.txt) (Neighbor3Leaf95.txt) (Neighbor4Leaf95.txt)
(#NONE#)
(#NONE#) (Node21.txt)
0.0662565917367134 0 0.000255264829024538 0.148882136719089 0.00745856615770103 0 0.020676279930387 0.0431802876364553 0.00593428631847796 0.078687315457264 0.225812207215461 0.000316197984969138 0.0018174351286275 0.110323582281593 0.146614630504129 0.00222673592756288 0.0197188782771988 0.0121333936466644 0.020785790997621 0.00692718867908174 0.0668262037995305 0.000284476363510466 0.000121265694450383 0.00284791464419126 0.0119133700702966 0.315819945182374 0.314560404807084 0.380526670883407 0.472190596668775 0.306054817625975 0.663972591187012 0.507368332279148 0.4540522875817 0.455400379506641 0.646953405017921 0.503233439684188 0.48051128470084 0.481499301518477 0.518227560529344 0 0 0 0 0.211275142314991 0.663972591187012 0 0.423395741092136 0.415310984608897 0.315819945182374 0.314560404807084 0.380526670883407 0.472190596668775 0.0947796753109846 0 0.507368332279148 0.0306565464895636 0.0400893948977441 0.071236559139785 0.0902721359352184 0.919292446568432 0.551075268817204 0.387775122793044 0.293682795698925 0 0 0 0 0.215738562091503 0.865292430950875 0 0.483917773561037 0.46950706304027 0 0 0 0 0.314164452877925 0.595556820577693 0 0.436476913345984 0.437351886991356
#NONE#
