39
0
True False
0.00046749384265068 0 0 0.0063270055919575 0.0374838127546199 0 0.0119773998172158 0.000895061728395064 0.00385852812243445 0.010186192047338 0.178536022429791 0 0 0.0159703827625199 0.216315620304537 0.0558024691358024 0.00484567901234568 0.0447755859163219 0.133416631813746 0.0161728395061728 0.10265889059281 0.024320987654321 0 0.0334588038477624 0.102530593119259 0.475401960784314 0.534019607843137 0.439921568627451 0.744009803921568 0.838 0.76671568627451 0.686578431372549 0.77778431372549 0.682196078431373 0.818981481481481 0.495771055445828 0.483447531679375 0.485905935756648 0.532838149780509 0 0 0 0 0.838 0.76671568627451 0 0.77778431372549 0.682196078431373 0.475401960784314 0.534019607843137 0.439921568627451 0.744009803921568 0 0 0.686578431372549 0 0 0.078125 0.0755555555555555 0.891296296296296 0.515625 0.33070987654321 0.21875 0 0 0 0 0.840813725490196 0.835 0 0.881323529411765 0.62528431372549 0 0 0 0 0.821274509803922 0.729078431372549 0 0.749519607843137 0.666382352941176
#NONE#
(Leaf267.txt) (listLeaf267ED.txt) (#NONE#)
(Neighbor1Leaf267.txt) (Neighbor2Leaf267.txt) (Neighbor3Leaf267.txt) (Neighbor4Leaf267.txt)
(#NONE#)
(#NONE#) (Node26.txt)
0.0417783299977925 0 0.00136631831994406 0.0623195810315162 0.00995151651787184 0 0.0104121488664777 0.0052691961078608 0.0078659157793621 0.0294991757754927 0.192433968123779 0.000253333835318933 0 0.0673936355110756 0.299462881198012 0.00877176321620765 0.0060574499521514 0.0325493604842319 0.067056443908167 0.00817031410943809 0.097597997321488 0.00285220242076691 0 0.00859475486558861 0.0403437126574572 0.551805932629462 0.499395676219206 0.360004022121669 0.70106686777275 0.726637506284565 0.626436400201106 0.695611865258924 0.730229260935143 0.579713423831071 0.767062361506806 0.498949661222928 0.462202198113523 0.487932350918527 0.575276590684228 0 0 0 0 0.726637506284565 0.616137757667169 0 0.730229260935143 0.579713423831071 0.551805932629462 0.499395676219206 0.360004022121669 0.70106686777275 0 0.0102986425339366 0.695611865258924 0 0 0.0400641025641026 0.0681608103830326 0.893333333333333 0.525641025641026 0.333944286166508 0.235576923076923 0 0 0 0 0.781865258924083 0.75178079436903 0 0.842839617898442 0.601982905982906 0 0 0 0 0.700476621417798 0.587061840120664 0 0.697419808949221 0.55980291603821
#NONE#
