59
0
True False
0.746558556219987 0 0 0.0522987920638597 0 0 0.00128468821796531 1.04192714845378E-05 0 0.111459860406978 0.018363619521226 0 0.000134128891582484 0.0180347397708985 0.00318014359130451 0.00845682093819876 0.0158656285033296 0.000884773261878271 0.000145205502301314 0.00359047768721542 0.018613332282895 1.04192714845378E-05 0.000113800951789778 0.000208385429690756 0.000786208215930461 0.0312941176470588 0.0356209150326797 0.0611535947712418 0.035281045751634 0.0850490196078431 0.563133986928105 0.0348954248366013 0.0938398692810458 0.100071895424837 0.0939197530864198 0.412678567346752 0.581213750343013 0.496549046527319 0.482726321147953 0 0 0 0 0 0.506794117647059 0 0.0277352941176471 0.0582222222222223 0.0312941176470588 0.0356209150326797 0.0611535947712418 0.035281045751634 0.0850490196078431 0.0563398692810458 0.0348954248366013 0.0661045751633987 0.0418496732026143 0.015625 0.0292592592592593 0.530853909465021 0.416666666666667 0.189022633744856 0.213541666666667 0 0 0 0 0.107130718954248 0.873790849673203 0 0.0522843137254902 0.0380032679738562 0 0 0 0 0.0758496732026144 0.465375816993464 0 0.0898300653594771 0.107699346405229
#NONE#
(Leaf294.txt) (listLeaf294ED.txt) (#NONE#)
(Neighbor1Leaf294.txt) (Neighbor2Leaf294.txt) (Neighbor3Leaf294.txt) (Neighbor4Leaf294.txt)
(#NONE#)
(#NONE#) (Node20.txt)
0.657071464663828 0 0 0.0997603906388647 0.00689643503659677 0 0.0114231802470027 0.00417123822542766 0.00159525595718044 0.0670006760802883 0.0499563007051453 0 3.77989937288391E-05 0.0322917605057634 0.0273747956939307 0.00415013262991083 0.00455617982476886 0.00527919431952609 0.00510540496993683 0.00246448792068413 0.0143958738305474 0.000323967018511143 2.31459562962261E-05 0.0013613717118652 0.00476094507019626 0.0336696576935859 0.0406247922897973 0.0752356264539714 0.0407092057161848 0.0854901960784314 0.53052442671984 0.0602047191758059 0.0871977401129943 0.146225988700565 0.158114668340657 0.455066883525802 0.584027154273084 0.499031867273696 0.474789388984645 0 0 0 0 0 0.479674310402127 0 0.0178949817215022 0.0503097374543038 0.0336696576935859 0.0406247922897973 0.0752356264539714 0.0407092057161848 0.0854901960784314 0.0508501163177135 0.0602047191758059 0.0693027583914922 0.0959162512462612 0.0476694915254237 0.0403724628583386 0.60814605566018 0.422669491525424 0.215969868173258 0.20021186440678 0 0 0 0 0.0659228979727484 0.76396344300432 0 0.0674336989032901 0.086501827849784 0 0 0 0 0.0839973413094051 0.470323030907278 0 0.0827344632768362 0.15251445663011
#NONE#
