40
0
True False
0.168177033028308 0 0 0.0737248570294956 0.00189974457215836 0 0.00124878859961408 0.00029389844808271 0.0217432950191571 0.0777945455601671 0.109884865954086 0 0.000309482545184451 0.0694514920559969 0.168318849674758 0.00295169988787585 0.0172374878210661 0.01721764835821 0.0477304592624944 0.00112004319917206 0.174397277950707 0 0 0.00126966431314258 0.0452288667203239 0.548651960784314 0.658661764705882 0.691137254901961 0.492911764705882 0.576848039215686 0.102495098039216 0.515897058823529 0.428377450980392 0.743544117647059 0.614922839506173 0.490174374327169 0.469190301161104 0.497020408566747 0.51381897574074 0 0 0 0 0.532485294117647 0 0 0.381691176470588 0.743544117647059 0.548651960784314 0.658661764705882 0.691137254901961 0.492911764705882 0.0443627450980393 0.102495098039216 0.515897058823529 0.0466862745098039 0 0.109375 0.0966512345679011 0.878117283950618 0.5234375 0.344475308641976 0.328125 0 0 0 0 0.61196568627451 0.0747009803921568 0 0.586107843137255 0.853377450980392 0 0 0 0 0.555362745098039 0.11625 0 0.401 0.691186274509804
#NONE#
(Leaf303.txt) (listLeaf303ED.txt) (#NONE#)
(Neighbor1Leaf303.txt) (Neighbor2Leaf303.txt) (Neighbor3Leaf303.txt) (Neighbor4Leaf303.txt)
(#NONE#)
(#NONE#) (Node28.txt)
0.0815262119624248 0 0 0.0759112368671412 0.0104121600552378 0 0.00961151033404542 0.00644504884954725 0.00685911939023599 0.0605921282034791 0.21542987703072 3.08794466403163E-06 0.000829890417797553 0.076122625833288 0.225539386688036 0.00663444567887121 0.0148062434190223 0.0142283650503504 0.033411834455222 0.0230808075037292 0.116423992274341 0 0.00117177838238932 0.00235168781477027 0.0186085618446875 0.453910784313725 0.566533333333333 0.597007843137255 0.508676470588235 0.564655882352941 0.137016666666667 0.499756862745098 0.499829411764706 0.705373529411765 0.696200617283951 0.500367930930678 0.462895982674563 0.472662381065946 0.558928347178764 0 0 0 0 0.555783333333333 0.0180901960784314 0 0.47136568627451 0.705373529411765 0.453910784313725 0.566533333333333 0.597007843137255 0.508676470588235 0.00887254901960785 0.118926470588235 0.499756862745098 0.028463725490196 0 0.0796875 0.0877191358024691 0.875564814814815 0.5125 0.344407407407407 0.2703125 0 0 0 0 0.545640196078431 0.0685872549019608 0 0.495657843137255 0.806050980392157 0 0 0 0 0.543182352941177 0.158067647058824 0 0.481732352941176 0.644942156862745
#NONE#
