90
0
True False
0.654200371166655 0 0 0.0719109821273501 0.0243698972239557 0 0.00327994262964118 0.00426832047672346 0 0.139683690609916 0.0101849314477683 0.000353353059566155 0.000231608402427566 0.0314504741605504 0.00939624020906017 0.008710734895137 0.00438123662242565 0.00980623065037844 0.00439880434828227 0.00323196266238665 0.0145016222743963 0.00263075365664292 0 0.00194122744112048 0.00106761593561655 0.022890756302521 0.0258179271708684 0.0627394957983193 0.0405238095238096 0.130131652661064 0.104414565826331 0.0411008403361345 0.128260504201681 0.0725126050420168 0.0938800705467372 0.460876262044369 0.593567755840079 0.492530488532046 0.48672968023738 0 0 0 0 0.0371008403361344 0.0111960784313726 0 0.0437114845938375 0 0.022890756302521 0.0258179271708684 0.0627394957983193 0.0405238095238096 0.09303081232493 0.093218487394958 0.0411008403361345 0.0845490196078431 0.0725126050420168 0.0580357142857143 0.0400440917107584 0.795185185185185 0.517857142857143 0.263033509700176 0.21875 0 0 0 0 0.083484593837535 0.114918767507003 0 0.100602240896359 0.111675070028011 0 0 0 0 0.129574229691877 0.0952633053221289 0 0.127963585434174 0.0616666666666667
#NONE#
(Leaf185.txt) (listLeaf185ED.txt) (#NONE#)
(Neighbor1Leaf185.txt) (Neighbor2Leaf185.txt) (Neighbor3Leaf185.txt) (Neighbor4Leaf185.txt)
(#NONE#)
(#NONE#) (Node20.txt)
0.578524373433835 0 0 0.140851758501576 0.0374519268017818 0 0.00855694402968027 0.00458864981262519 0.000168904534066693 0.0972584754295339 0.0369222130463466 8.51494479148713E-05 0.000106557356738092 0.021830200048454 0.0209897788764281 0.0101661355750558 0.0033407574832313 0.00453276789226566 0.00565241557025898 0.00602756949305905 0.0148022316069006 0.00109879296333207 0.000133607277157034 0.00249658518701961 0.0044142056327396 0.0435455337690632 0.0526466230936819 0.0537529411764706 0.085318082788671 0.142941176470588 0.137014814814815 0.0672954248366013 0.128157734204793 0.0975037037037037 0.119890260631001 0.475334627780585 0.507933795173252 0.495573458379545 0.491589898804774 0 0 0 0 0.0356213507625272 0.0220091503267974 0 0.0236549019607843 0.00134248366013072 0.0435455337690632 0.0526466230936819 0.0537529411764706 0.085318082788671 0.107319825708061 0.115005664488017 0.0672954248366013 0.104502832244009 0.096161220043573 0.0465277777777778 0.0369012345679012 0.749474622770919 0.504166666666667 0.254530864197531 0.222222222222222 0 0 0 0 0.0729459694989107 0.128919825708061 0 0.107075381263617 0.0976091503267974 0 0 0 0 0.153627015250545 0.133151633986928 0 0.12582265795207 0.0955176470588235
#NONE#
