59
0
True False
0.123969680166415 0 0 0.24359997048828 0.00257178526841448 0 0.00810925696261631 0.00148421371034686 0 0.0162227981473643 0.175967533791542 0 0 0.0268483643030963 0.199682825176119 0 0 4.9455984174085E-05 0.0553672008238318 0 0.0233903361572377 0 0 0 0.122736579020562 0.10796862745098 0.198070588235294 0.595960784313726 0.09278431372549 0.170133333333333 0.723427450980392 0.152243137254902 0.332196078431373 0.633874509803922 0.532493827160494 0.498721918524231 0.672166066796788 0.484854391327721 0.30069796150431 0 0 0 0 0 0.723427450980392 0 0.130501960784314 0.633874509803922 0.10796862745098 0.198070588235294 0.595960784313726 0.09278431372549 0.170133333333333 0 0.152243137254902 0.201694117647059 0 0.0125 0.0653827160493828 0.919407407407407 0.5625 0.372740740740741 0.3375 0 0 0 0 0.12238431372549 0.87201568627451 0 0.38436862745098 0.79156862745098 0 0 0 0 0.181780392156863 0.690141176470588 0 0.313301960784314 0.599498039215686
#NONE#
(Leaf275.txt) (listLeaf275ED.txt) (#NONE#)
(Neighbor1Leaf275.txt) (Neighbor2Leaf275.txt) (Neighbor3Leaf275.txt) (Neighbor4Leaf275.txt)
(#NONE#)
(#NONE#) (Node22.txt)
0.151738933293938 0 0 0.20137201871342 0.031150467563262 0 0.0292519258274862 0.00982102885200493 0.000535841714305234 0.0722628875845196 0.152916491752704 4.19793251823476E-06 2.3023052354421E-05 0.0564046270425358 0.138103167023866 0.00466705262748442 0.00616940696661809 0.0139858341308107 0.0315412296666843 0.00457447193554227 0.0546214735602934 0.000233067178940912 0.000139696878676991 0.00243866006983977 0.0380444966321949 0.089291458956464 0.183669657693586 0.475995347291459 0.147806580259222 0.226531738118976 0.705063476237953 0.171435028248588 0.250759056164839 0.672611498836823 0.454400502197112 0.498085622170868 0.645635309285361 0.487448891670708 0.367201103197679 0 0 0 0 0.0528620804253905 0.698714523097374 0 0.0544998338318378 0.672611498836823 0.089291458956464 0.183669657693586 0.475995347291459 0.147806580259222 0.173669657693586 0.00634895314057827 0.171435028248588 0.196259222333001 0 0.048728813559322 0.0703180581711655 0.90112366603892 0.542372881355932 0.351548441096464 0.275423728813559 0 0 0 0 0.213846460618145 0.859849783981389 0 0.319565968760386 0.79572482552343 0 0 0 0 0.22285211033566 0.646953140578265 0 0.233554669325357 0.635151877700233
#NONE#
