70
0
True False
0.0743628053031459 0 0 0.213591592044203 0.00192960364305311 0 0.00675603069207212 0.0115992066997458 0.0160573122529645 0.0614285305345789 0.166355887945787 0 0 0.0720977132512156 0.196811239589503 0 0.000266066528687878 0.00157788472919013 0.0353413497937329 0 0.0209422700169057 0 0 0 0.120882506975214 0.62299245852187 0.577031674208145 0.186636500754148 0.796790346907994 0.502072398190045 0.247306184012066 0.806253393665158 0.773444947209653 0.373788838612368 0.54624881291548 0.498617786087699 0.356221020936077 0.495643780585867 0.658215187664898 0 0 0 0 0.483683257918552 0.0906847662141779 0 0.773444947209653 0.0933966817496229 0.62299245852187 0.577031674208145 0.186636500754148 0.796790346907994 0.0183891402714932 0.156621417797888 0.806253393665158 0 0.280392156862745 0.0528846153846154 0.077673314339981 0.914358974358974 0.548076923076923 0.366087369420703 0.317307692307692 0 0 0 0 0.339547511312217 0.215565610859729 0 0.826045248868778 0.489429864253394 0 0 0 0 0.515698340874811 0.243393665158371 0 0.737538461538461 0.339351432880845
#NONE#
(Leaf201.txt) (listLeaf201ED.txt) (#NONE#)
(Neighbor1Leaf201.txt) (Neighbor2Leaf201.txt) (Neighbor3Leaf201.txt) (Neighbor4Leaf201.txt)
(#NONE#)
(#NONE#) (Node14.txt)
0.082649981921392 1.79086301688784E-06 8.95431508443919E-06 0.172851994087735 0.00380778643104258 0 0.0144321754416841 0.0191493253442683 0.00603716664524407 0.0456434131635841 0.181185370793381 8.30550790054521E-05 1.5890672175433E-05 0.0597889471258851 0.205640801291373 0.00191708843919166 0.00342920559496636 0.00360095918795298 0.0628755300592505 0.000495953946623009 0.0457481767640006 5.29669454400637E-05 5.30499242047433E-06 0.000262877712761184 0.0903152831825213 0.660756302521009 0.570578151260504 0.309596078431373 0.778187675070028 0.50447619047619 0.194379831932773 0.788777030812325 0.689042016806723 0.3308 0.587733686067019 0.499948559940214 0.391022433432569 0.487671849272871 0.621110631320721 0 0 0 0 0.491298039215686 0.077526050420168 0 0.689042016806723 0.159980952380952 0.660756302521009 0.570578151260504 0.309596078431373 0.778187675070028 0.0131781512605042 0.116853781512605 0.788777030812325 0 0.170819047619048 0.0553571428571429 0.0798606701940035 0.906936507936508 0.541964285714286 0.366985890652557 0.298214285714286 0 0 0 0 0.35136862745098 0.100559103641457 0 0.750835854341737 0.422301960784314 0 0 0 0 0.510463865546218 0.210652100840336 0 0.648664985994398 0.308607282913165
#NONE#
