85
0
True False
0.168483955662029 0 0 0.327424332922601 0.000864838151717321 0 0.00408503413506836 0.0276931026758903 0 0.120700631312857 0.116928179363423 0 0 0.102500786033522 0.0433462685852282 0.00670142195271286 0.00315030364288962 0.00150913990996883 0.0038335205350897 0.000455906527899813 0.0601758389533868 0 0 0 0.0121467396357175 0.213298474945534 0.291786492374728 0.424100217864924 0.159263616557734 0.231555555555556 0.180745098039216 0.155516339869281 0.39920697167756 0.326762527233115 0.325061728395062 0.442158852686105 0.537773724168685 0.517192945169581 0.461548057859185 0 0 0 0 0.0914030501089326 0.0861655773420479 0 0.0484139433551198 0.162200435729847 0.213298474945534 0.291786492374728 0.424100217864924 0.159263616557734 0.140152505446623 0.0945795206971679 0.155516339869281 0.35079302832244 0.164562091503268 0.0902777777777778 0.101124828532236 0.94761316872428 0.5625 0.403415637860082 0.347222222222222 0 0 0 0 0.258483660130719 0.123503267973856 0 0.930261437908497 0.52802614379085 0 0 0 0 0.23277559912854 0.184100217864924 0 0.309368191721133 0.283302832244009
#NONE#
(Leaf147.txt) (listLeaf147ED.txt) (#NONE#)
(Neighbor1Leaf147.txt) (Neighbor2Leaf147.txt) (Neighbor3Leaf147.txt) (Neighbor4Leaf147.txt)
(#NONE#)
(#NONE#) (Node24.txt)
0.153110376414028 0 6.26593087091838E-06 0.255771790294664 0.0459797574789092 0 0.029335101717568 0.0302051096911172 0.00307688641518546 0.110113088796608 0.139231398570196 0.000353695882471008 0.000976773112964972 0.0704761122822114 0.057014991178198 0.0180306230650433 0.0100211550957421 0.00906898955708976 0.00886829862258878 0.00803639754211153 0.0378465408544101 0.000234109868653215 0.000693322060628033 0.0011088979228639 0.0104403176458767 0.258402306805075 0.269690426758939 0.289522952710496 0.256754786620531 0.227502652825836 0.230792156862745 0.255247981545559 0.48437785467128 0.341745328719723 0.368556281771968 0.500861010824 0.486491911840494 0.487064169738068 0.494136023172969 0 0 0 0 0.0914943483275663 0.101002537485582 0 0.328414302191465 0.154255594002307 0.258402306805075 0.269690426758939 0.289522952710496 0.256754786620531 0.13600830449827 0.129789619377163 0.255247981545559 0.155963552479815 0.187489734717416 0.0772058823529412 0.0886027596223675 0.931821350762527 0.559558823529412 0.396679738562092 0.321323529411765 0 0 0 0 0.163230911188005 0.178206228373702 0 0.823886043829296 0.529729642445213 0 0 0 0 0.235550173010381 0.237025144175317 0 0.413908189158016 0.302057208765859
#NONE#
