82
0
True False
0.0421829768350093 0 0 0.0583518297524958 0.0245100559465372 0 0.0484324800470594 0.000432653968627425 0.0062199036918138 0.0483311729305792 0.138519582657236 0 0 0.0254403252545292 0.409377300337557 0.00347243181981009 0.0126301660276737 0.00483024691358025 0.038260022159683 0.00379710755669215 0.112203817810581 0.000787037037037037 0 0.0020216049382716 0.0201992843152264 0.519348039215686 0.625848039215686 0.455843137254902 0.649612745098039 0.709083333333334 0.695529411764706 0.595725490196078 0.715980392156863 0.677220588235294 0.713672839506173 0.499426194739124 0.399412513736003 0.475893762532713 0.716649891254291 0 0 0 0 0.709083333333334 0.695529411764706 0 0.715980392156863 0.677220588235294 0.519348039215686 0.625848039215686 0.455843137254902 0.649612745098039 0 0 0.595725490196078 0 0 0.0390625 0.0589197530864198 0.89837962962963 0.5390625 0.317916666666667 0.25 0 0 0 0 0.749921568627451 0.954392156862745 0 0.764401960784314 0.764436274509804 0 0 0 0 0.688647058823529 0.624848039215686 0 0.692470588235294 0.614877450980392
#NONE#
(Leaf268.txt) (listLeaf268ED.txt) (#NONE#)
(Neighbor1Leaf268.txt) (Neighbor2Leaf268.txt) (Neighbor3Leaf268.txt) (Neighbor4Leaf268.txt)
(#NONE#)
(#NONE#) (Node26.txt)
0.0324809068099148 0 0 0.0497058252922969 0.00547278118790998 0 0.0108109180168541 0.00888509275206663 0.00579584847932554 0.0333834748771938 0.197389057851937 0.00047603161731778 1.65614626197435E-05 0.0443395883809957 0.408147147342407 0.00542216402966582 0.0124529846752416 0.0112705637205097 0.0483300649699613 0.00249653883708287 0.0956167184620689 8.73353775396551E-05 3.01225691916271E-06 0.00211180490973568 0.0253055786904371 0.480575801052128 0.60598900047824 0.583817790530847 0.559351028216164 0.678779531324725 0.690072214251554 0.544673840267814 0.705556193208991 0.626307508369201 0.806856368563685 0.491090868517307 0.471192505403903 0.498831822570768 0.558869322263995 0 0 0 0 0.678779531324725 0.690072214251554 0 0.705556193208991 0.626307508369201 0.480575801052128 0.60598900047824 0.583817790530847 0.559351028216164 0 0 0.544673840267814 0 0 0.0365853658536585 0.068366455886781 0.849394760614273 0.506859756097561 0.294590484793737 0.23780487804878 0 0 0 0 0.756635102821617 0.838088474414156 0 0.781767097082735 0.648596365375419 0 0 0 0 0.6474093735055 0.639699665231946 0 0.668816355810617 0.593479196556671
#NONE#
