80
0
True False
0.165874633890232 0 0 0.235996409957479 0 0 0.000432340290395091 0.0715425041095649 0 0.107470789053807 0.126213711327009 0.000144193136406707 0 0.137775271878642 0.0657684888070596 0 0.0059111808431012 0.00245128331891402 0.0104584361670197 0 0.0606978349204065 0 0 0 0.00926292229996225 0.260392156862745 0.250418300653595 0.227503267973856 0.289875816993464 0.118718954248366 0.565464052287582 0.226745098039216 0.116228758169935 0.58337908496732 0.409094650205761 0.506151793970751 0.566064900590722 0.471552272248713 0.432629422302952 0 0 0 0 0 0.510006535947712 0 0 0.518137254901961 0.260392156862745 0.250418300653595 0.227503267973856 0.289875816993464 0.118718954248366 0.0554575163398693 0.226745098039216 0.116228758169935 0.0652418300653595 0.0625 0.0893004115226337 0.917962962962963 0.552083333333333 0.396502057613169 0.291666666666667 0 0 0 0 0.091562091503268 0.665013071895425 0 0.0281307189542483 0.78697385620915 0 0 0 0 0.118006535947712 0.540503267973856 0 0.133196078431373 0.530830065359477
#NONE#
(Leaf276.txt) (listLeaf276ED.txt) (#NONE#)
(Neighbor1Leaf276.txt) (Neighbor2Leaf276.txt) (Neighbor3Leaf276.txt) (Neighbor4Leaf276.txt)
(#NONE#)
(#NONE#) (Node22.txt)
0.149598498272396 0 0 0.200453159734898 0.049190821610386 0 0.0170415563118522 0.0373260227020217 0.00121632191423309 0.119207262285734 0.114246033231586 0.000562424942153845 3.4179992460675E-05 0.112705960616065 0.0693139598813689 0.0117756648056292 0.00842141251799329 0.0113764162386223 0.0150536759272391 0.0164720599565381 0.0463621467433301 0.0012829362234489 5.2636175390742E-05 0.0103750462053121 0.00793180371134064 0.157261764705882 0.235873039215686 0.3533 0.208376960784314 0.210511274509804 0.528796078431372 0.210217156862745 0.170984803921569 0.54834068627451 0.435233024691358 0.486333718756427 0.58101314963484 0.493827883933827 0.421740877892667 0 0 0 0 0.0756524509803922 0.49978137254902 0 0.037843137254902 0.537032352941176 0.157261764705882 0.235873039215686 0.3533 0.208376960784314 0.134858823529412 0.029014705882353 0.210217156862745 0.133141666666667 0.0113083333333333 0.06953125 0.0810200617283951 0.916541666666667 0.5484375 0.367299382716049 0.29453125 0 0 0 0 0.121499509803922 0.672452450980392 0 0.0786259803921569 0.728775490196079 0 0 0 0 0.216677941176471 0.495066176470588 0 0.186627941176471 0.503776960784314
#NONE#
