56
0
True False
0.137844742785697 0 0 0.295640586036339 0.00032186184699183 0 0.0238342137339921 0.000944718405539771 4.95172072295122E-05 0.015601348935114 0.244809796107598 0 0 0.00487061994199361 0.158806924815442 0 0 0 0.0327426017215802 0 0.00383521029280034 0 0 0 0.0806978581696826 0.595670588235294 0.20123137254902 0.178949019607843 0.764737254901961 0.24878431372549 0.303701960784314 0.678933333333333 0.681411764705882 0.404376470588235 0.410567901234568 0.51652654721059 0.369647347898297 0.469902420581999 0.56793322074644 0 0 0 0 0 0.185764705882353 0 0.681411764705882 0.328125490196078 0.595670588235294 0.20123137254902 0.178949019607843 0.764737254901961 0.24878431372549 0.117937254901961 0.678933333333333 0 0.0762509803921568 0.0625 0.0735308641975309 0.925777777777778 0.5625 0.364444444444444 0.25 0 0 0 0 0.310792156862745 0.310149019607843 0 0.932901960784314 0.315341176470588 0 0 0 0 0.229403921568627 0.286533333333333 0 0.635890196078431 0.398862745098039
#NONE#
(Leaf139.txt) (listLeaf139ED.txt) (#NONE#)
(Neighbor1Leaf139.txt) (Neighbor2Leaf139.txt) (Neighbor3Leaf139.txt) (Neighbor4Leaf139.txt)
(#NONE#)
(#NONE#) (Node13.txt)
0.104446375861289 0 0 0.197482543528129 0.0111186172946211 0 0.0256630467310123 0.0191100598638853 0.00629074207567025 0.0492581779606741 0.204012789144869 6.62356930902925E-06 0.000131592686292314 0.0446826440188283 0.204671589491294 0.00112255762559756 0.00323620543588289 0.00604583697511426 0.0414484000638611 0.00235057820268797 0.041571898208768 2.26847260146309E-05 0 0.000137113768527517 0.0371899227676716 0.526142857142857 0.312690476190476 0.228602941176471 0.681002801120448 0.29300350140056 0.319571428571429 0.688985994397759 0.620285014005603 0.399814425770308 0.531838624338624 0.510189713009528 0.410198233280945 0.474429929203428 0.56848211545324 0 0 0 0 0.176917366946779 0.201603641456583 0 0.583019607843137 0.21866456582633 0.526142857142857 0.312690476190476 0.228602941176471 0.681002801120448 0.116086134453782 0.117967787114846 0.688985994397759 0.037265406162465 0.181149859943978 0.0658482142857143 0.0880709876543209 0.919647266313933 0.551339285714286 0.387455908289242 0.286830357142857 0 0 0 0 0.155606442577031 0.251147058823529 0 0.818969887955182 0.625537114845938 0 0 0 0 0.305525210084034 0.320006302521008 0 0.575368347338935 0.359313725490196
#NONE#
