44
0
True False
0.0956337986994261 0 0 0.0328347953282997 0.000197799480776363 0 0.00249671143836396 2.47066090179122E-05 0 0.00968362484736724 0.0390166824957638 0 0 0.0144774909060829 0.120664001477508 0.000222249660451908 0.00229736694549799 0.000172946263125386 0.184775431247327 0.00128460944362007 0.0260852784260568 0 0 0.000840024706609018 0.469292482024705 0.782329411764706 0.824321568627451 0.820729411764706 0.831333333333333 0.0428627450980392 0.764549019607843 0.832721568627451 0.882329411764706 0.881278431372549 0.791283950617284 0.488871376763307 0.486213874279032 0.510455391669318 0.520412896581409 0 0 0 0 0.00654901960784314 0.764549019607843 0 0.882329411764706 0.881278431372549 0.782329411764706 0.824321568627451 0.820729411764706 0.831333333333333 0.0363137254901961 0 0.832721568627451 0 0 0.1 0.0959012345679012 0.601358024691358 0.4375 0.217950617283951 0.225 0 0 0 0 0 0.920023529411765 0 0.942894117647059 0.898078431372549 0 0 0 0 0.113294117647059 0.703827450980392 0 0.856039215686274 0.797223529411765
#NONE#
(Leaf327.txt) (listLeaf327ED.txt) (#NONE#)
(Neighbor1Leaf327.txt) (Neighbor2Leaf327.txt) (Neighbor3Leaf327.txt) (Neighbor4Leaf327.txt)
(#NONE#)
(#NONE#) (Node25.txt)
0.0591639453960057 0.000530464641394495 0 0.086346242061639 0.000637046502735132 0 0.00496417470401881 0.00744215234077457 0.000173343254473283 0.0293159855165225 0.109086420460341 2.85196043760482E-06 2.27317608272294E-05 0.0487295676892854 0.333585366240938 0.00712034962664626 0.00430130418648301 0.00573466378789179 0.086767340233373 0.00426940228875246 0.0748672021519216 0.00168350584646331 0.000338467348313859 0.00134686027109334 0.133570611729669 0.650288770053476 0.672699643493761 0.651393939393939 0.684433155080214 0.195441176470588 0.562081996434938 0.691077540106952 0.755569518716578 0.720558823529412 0.739657687991021 0.495254771726669 0.479878251816043 0.486866691673698 0.51993391740072 0 0 0 0 0.0677673796791444 0.529212121212121 0 0.745520499108735 0.720558823529412 0.650288770053476 0.672699643493761 0.651393939393939 0.684433155080214 0.127673796791444 0.0328698752228164 0.691077540106952 0.0100490196078431 0 0.0568181818181818 0.0844023569023569 0.789298540965207 0.494318181818182 0.297985409652076 0.255681818181818 0 0 0 0 0.113612299465241 0.671441176470588 0 0.857758467023173 0.811596256684492 0 0 0 0 0.226499108734403 0.522356506238859 0 0.718005347593583 0.670901069518717
#NONE#
