77
0
True False
0.134077852087551 0 0 0.248321785451897 0 0 0.00188904571665692 0.0907156420145121 0 0.074151825227664 0.115572064837324 0.000417336465932979 0 0.0600528513138678 0.14772732089462 0 0.00157522943717375 0 0.025815471904831 0 0.0830667712386539 0 0 0 0.0166168034093153 0.0964950980392157 0.186612745098039 0.251200980392157 0.168769607843137 0.272024509803922 0.658078431372549 0.16218137254902 0.514563725490196 0.652107843137255 0.502608024691358 0.510816461936989 0.582973227043335 0.465501864796523 0.417812116886849 0 0 0 0 0.159911764705882 0.658078431372549 0 0.410240196078431 0.652107843137255 0.0964950980392157 0.186612745098039 0.251200980392157 0.168769607843137 0.112112745098039 0 0.16218137254902 0.104323529411765 0 0.0703125 0.0731172839506173 0.902854938271605 0.5625 0.364104938271605 0.2109375 0 0 0 0 0.325857843137255 0.893416666666667 0 0.593029411764706 0.702671568627451 0 0 0 0 0.260313725490196 0.616338235294118 0 0.474813725490196 0.623333333333333
#NONE#
(Leaf234.txt) (listLeaf234ED.txt) (#NONE#)
(Neighbor1Leaf234.txt) (Neighbor2Leaf234.txt) (Neighbor3Leaf234.txt) (Neighbor4Leaf234.txt)
(#NONE#)
(#NONE#) (Node9.txt)
0.209186680491716 0 0 0.143623920000994 0.0541206362854942 0 0.0322696049582165 0.0177735641444433 0.000107005384902047 0.0606097858513402 0.15537869738047 0.000112617347202284 0.00628524002195011 0.0595829037339561 0.124702874294376 0.00318319190569819 0.00883203999358257 0.0147270110526967 0.020761765485806 0.00329459679106184 0.0655879935675959 0.00209771152066581 3.55504138254552E-05 0.00230873043799557 0.0154178789360126 0.103191240132417 0.173588999236058 0.23944385026738 0.150652915711739 0.324477209065444 0.616498599439776 0.151888973771327 0.47601171377642 0.695226381461676 0.457248677248677 0.513563004520124 0.542649076287132 0.47411633393387 0.439984194071439 0 0 0 0 0.237074611662847 0.606862745098039 0 0.440704863763687 0.688372803666922 0.103191240132417 0.173588999236058 0.23944385026738 0.150652915711739 0.0874025974025974 0.0096358543417367 0.151888973771327 0.0353068500127324 0.00685357779475426 0.0722402597402597 0.0683758217091551 0.878581048581049 0.548701298701299 0.344287317620651 0.283279220779221 0 0 0 0 0.278941685765215 0.730119174942705 0 0.466031066972243 0.831624140565317 0 0 0 0 0.325366437484085 0.57679602750191 0 0.461241151005857 0.646660045836516
#NONE#
