57
0
True False
0.193756671449956 0 0 0.236148925822661 0.0381265725248459 0 0.0140668968181753 0.00108856361030897 0 0.118436889133102 0.0397768532134883 0 0 0.0693126753174492 0.0290100613553651 0.0384358146501372 0.00890046965737201 0.00639999982093946 0.0212387766342791 0.0273795655944609 0.12859894595744 0.000356345367752933 0.000139939523876944 0.0031745539732443 0.0256514795751449 0.176121568627451 0.145788235294118 0.238176470588235 0.179913725490196 0.417682352941176 0.245082352941176 0.168486274509804 0.16383137254902 0.755517647058824 0.331925925925926 0.553400720034666 0.548469168432737 0.462559425592552 0.459570442939632 0 0 0 0 0.358501960784314 0.103623529411765 0 0.0320078431372549 0.755517647058824 0.176121568627451 0.145788235294118 0.238176470588235 0.179913725490196 0.0591803921568627 0.141458823529412 0.168486274509804 0.131823529411765 0 0.075 0.057 0.883049382716049 0.55 0.338765432098765 0.2625 0 0 0 0 0.330619607843137 0.219160784313725 0 0.139090196078431 0.959823529411765 0 0 0 0 0.420117647058823 0.242882352941176 0 0.156764705882353 0.706972549019608
#NONE#
(Leaf313.txt) (listLeaf313ED.txt) (#NONE#)
(Neighbor1Leaf313.txt) (Neighbor2Leaf313.txt) (Neighbor3Leaf313.txt) (Neighbor4Leaf313.txt)
(#NONE#)
(#NONE#) (Node21.txt)
0.198162175848922 0 0 0.275006859091076 0.0301934358619972 0 0.0255313543974939 0.016228154620921 4.38322539640795E-06 0.0770771890278818 0.120890395953638 0 0.00608129341265454 0.0472100778495747 0.0704222793710406 0.0137708253360657 0.0110586928356129 0.00209717324029997 0.0179992518113722 0.00882045072808373 0.0575470217591151 7.13205749429099E-05 0.0020569158695034 0.00170379661496028 0.0180669525694477 0.184624699002408 0.197965600275198 0.23496181630547 0.220270381836945 0.347294805641555 0.207165462676299 0.165234262125903 0.178855177158583 0.736258685930512 0.338481698072341 0.518578302255683 0.559061851606773 0.482528102395418 0.460363843201786 0 0 0 0 0.206689370485036 0.0783295493636051 0 0.0407650498796009 0.736258685930512 0.184624699002408 0.197965600275198 0.23496181630547 0.220270381836945 0.140605435156519 0.128835913312693 0.165234262125903 0.138090127278982 0 0.0866228070175439 0.074396794455274 0.896296296296297 0.549342105263158 0.362191899501841 0.277412280701754 0 0 0 0 0.454476092191262 0.153180598555212 0 0.11181217750258 0.935520467836257 0 0 0 0 0.320111455108359 0.214262813897489 0 0.184855177158583 0.67415135878913
#NONE#
