75
0
True False
0.0861678397043473 0 0 0.0227600708723192 0.000786320298523643 0 0.000506284046951058 0 0 0.0109291539769418 0.054117374846514 0 0 0.0175166042659372 0.122905755909956 0.000836315133056096 0.0029637633204913 5.18379590537924E-05 0.155161352239864 0.00173918731596086 0.0407003759435913 0 5.17116813039542E-05 0.000124863738207796 0.482681188746981 0.762967320261438 0.781990196078431 0.74209477124183 0.825624183006536 0.243447712418301 0.819107843137255 0.834326797385621 0.207493464052288 0.876617647058824 0.800534979423868 0.494069364088053 0.49226372635188 0.496809094540167 0.50252082510417 0 0 0 0 0.209303921568628 0.819107843137255 0 0.149055555555556 0.876617647058824 0.762967320261438 0.781990196078431 0.74209477124183 0.825624183006536 0.0341437908496732 0 0.834326797385621 0.058437908496732 0 0.0677083333333333 0.084454732510288 0.607685185185185 0.40625 0.191862139917695 0.192708333333333 0 0 0 0 0.140653594771242 0.810352941176471 0 0.165826797385621 0.850388888888889 0 0 0 0 0.263503267973856 0.77386274509804 0 0.221911764705882 0.857813725490196
#NONE#
(Leaf260.txt) (listLeaf260ED.txt) (#NONE#)
(Neighbor1Leaf260.txt) (Neighbor2Leaf260.txt) (Neighbor3Leaf260.txt) (Neighbor4Leaf260.txt)
(#NONE#)
(#NONE#) (Node26.txt)
0.060862015020784 0 0.00156434049404687 0.0625905219946538 0.00690700749414315 0 0.007454909729871 0.0077019173420976 0.00477033272350701 0.0367669857588684 0.101619442395456 0.000908872716764797 6.93325027117961E-05 0.0328617204007061 0.252084292037384 0.0176960725336251 0.00889171150120194 0.00794857442654156 0.104694951012638 0.00749953405608659 0.103696643126651 0.00180949391802763 1.81626235726263E-05 0.00452876211285846 0.167054404077803 0.68070954248366 0.680638954248366 0.675910065359477 0.7235722875817 0.331275294117647 0.773778823529412 0.714954248366013 0.25977045751634 0.755938823529412 0.736131687242798 0.487527697118334 0.507804282193954 0.509906635465483 0.465207957370434 0 0 0 0 0.230861176470588 0.773778823529412 0 0.15829908496732 0.755938823529412 0.68070954248366 0.680638954248366 0.675910065359477 0.7235722875817 0.100414117647059 0 0.714954248366013 0.10147137254902 0 0.0625 0.0820032921810699 0.792753909465021 0.4975 0.302077366255144 0.2475 0 0 0 0 0.330812026143791 0.837223529411765 0 0.204890980392157 0.800099346405229 0 0 0 0 0.328290196078431 0.740430849673203 0 0.268487320261438 0.729213071895425
#NONE#
