86
0
True False
0.186590934532735 0 0 0.225711498799797 0 0 0.000886908437135992 0.0178777111496803 0 0.0258114805351093 0.217542251151674 0 0 0.0619024530739991 0.137944320263283 0 0.00793258334363538 0.00241705333839277 0.0235707067560651 0.000123624675485227 0.0467449799827885 0 0 0 0.0449434939602188 0.0206535947712418 0.160647058823529 0.385287581699346 0.0840849673202614 0.418529411764706 0.556326797385621 0.156542483660131 0.522549019607843 0.44562091503268 0.501399176954733 0.487323741932449 0.602626199803041 0.499765675905535 0.387508135313404 0 0 0 0 0.37702614379085 0.556326797385621 0 0.377928104575163 0.387254901960784 0.0206535947712418 0.160647058823529 0.385287581699346 0.0840849673202614 0.0415032679738562 0 0.156542483660131 0.14462091503268 0.0583660130718955 0.125 0.0800823045267489 0.893703703703704 0.541666666666667 0.368786008230453 0.302083333333333 0 0 0 0 0.215457516339869 0.563418300653595 0 0.730679738562091 0.295091503267974 0 0 0 0 0.430143790849673 0.539333333333333 0 0.466535947712418 0.443666666666667
#NONE#
(Leaf214.txt) (listLeaf214ED.txt) (#NONE#)
(Neighbor1Leaf214.txt) (Neighbor2Leaf214.txt) (Neighbor3Leaf214.txt) (Neighbor4Leaf214.txt)
(#NONE#)
(#NONE#) (Node9.txt)
0.133624382942151 1.4750611412843E-06 0.000783244066387408 0.175337864442062 0.0254794445054267 0 0.0188908016831512 0.018214271324445 0.00818204688672969 0.0653712408506432 0.210760368937388 4.31980595844291E-05 0.00100895899630616 0.0818772347207116 0.127886339278781 0.0057910904773485 0.0150868174091167 0.00913474000122262 0.0129890802820278 0.00641462460100512 0.0651330376805812 0.000301553010188525 0.000345500310348113 0.0040694663634849 0.013273218109768 0.138291837665299 0.251906520747834 0.310412676698587 0.171852257181943 0.461672594619243 0.553712722298222 0.182860921112631 0.614008207934337 0.487120839033288 0.553966408268734 0.498762390408057 0.535111219798054 0.48685085474781 0.43297171347142 0 0 0 0 0.438843593251254 0.549587779297766 0 0.596203374373005 0.445964888280894 0.138291837665299 0.251906520747834 0.310412676698587 0.171852257181943 0.0228290013679891 0.004124943000456 0.182860921112631 0.0178048335613315 0.041155950752394 0.0697674418604651 0.0738644846396784 0.912530864197531 0.550145348837209 0.376780074648292 0.317587209302326 0 0 0 0 0.449517555859553 0.620329685362517 0 0.813675330597355 0.477091655266758 0 0 0 0 0.450698586411309 0.525351573187414 0 0.554090287277702 0.467953488372093
#NONE#
