72
0
True False
0.0811028592793178 0 0 0.13600817106223 0.0417048693343496 0 0.0789869018485666 0.0232619754133107 0.016364988842053 0.0633437230648059 0.359191210870846 0 0 0.0366887756885851 0.0985322115467658 0.00017636684303351 0.00255750239429765 0 0.010288721090835 0.0249029982363316 0.0125594554136466 0 0 0.000229276895943563 0.0140999921750813 0.406689075630252 0.499243697478992 0.399837535014006 0.439238095238095 0.441260504201681 0.154795518207283 0.411809523809524 0.19152380952381 0.274336134453782 0.606067019400353 0.48297786461289 0.450037985414757 0.493763063295944 0.557970218949325 0 0 0 0 0.302487394957983 0.036515406162465 0 0.121764705882353 0.0659551820728291 0.406689075630252 0.499243697478992 0.399837535014006 0.439238095238095 0.138773109243698 0.118280112044818 0.411809523809524 0.0697591036414566 0.208380952380953 0.0178571428571429 0.0768077601410935 0.801499118165785 0.491071428571429 0.311675485008818 0.232142857142857 0 0 0 0 0.557422969187675 0.039546218487395 0 0.0808011204481792 0.230829131652661 0 0 0 0 0.411170868347339 0.194728291316527 0 0.200700280112045 0.268313725490196
#NONE#
(Leaf316.txt) (listLeaf316ED.txt) (#NONE#)
(Neighbor1Leaf316.txt) (Neighbor2Leaf316.txt) (Neighbor3Leaf316.txt) (Neighbor4Leaf316.txt)
(#NONE#)
(#NONE#) (Node23.txt)
0.120334082570042 0.000505235027677833 5.16379559631511E-06 0.162181020981532 0.0211528929996844 0.000259911045014528 0.0379408832765535 0.020904695277592 0.00806384674731689 0.0912417264860091 0.216024312801222 4.82195577504573E-05 0.00323198938612302 0.0829791829414855 0.110028732373752 0.0261695479110587 0.0104359167120283 0.00609153307035881 0.0142149886243244 0.0119113754606676 0.0398440164044576 0.00118375193051637 0.00329000267776846 0.00107201848750016 0.0108849534539676 0.430329520697168 0.357843137254902 0.383514705882353 0.415924291938998 0.400173202614379 0.203990740740741 0.367582788671024 0.186359477124183 0.234807734204793 0.518422496570645 0.47463291242283 0.470191297491143 0.501882179007097 0.517441552143956 0 0 0 0 0.287412309368192 0.114181917211329 0 0.0955114379084968 0.108969498910675 0.430329520697168 0.357843137254902 0.383514705882353 0.415924291938998 0.112760893246187 0.0898088235294117 0.367582788671024 0.0908480392156862 0.125838235294118 0.078125 0.0901766117969822 0.883900891632373 0.535590277777778 0.362501714677641 0.267361111111111 0 0 0 0 0.524864379084967 0.0771514161220043 0 0.0611078431372549 0.235748366013072 0 0 0 0 0.375016339869281 0.230283224400871 0 0.21099183006536 0.236451525054466
#NONE#
