70
0
True False
0.126809209268246 0 0 0.0316853544647913 0.00185096733336279 0 0.000622444557703984 0.000186335403726708 0 0.0159058371347026 0.0346666286368307 0 0 0.0198099475187996 0.0773485399961965 0.000145596738633055 0.00317527431742333 0.000186431004069732 0.167432972724781 0.00356968063542705 0.039982107635728 0 0.000103997670452182 0.000496894409937888 0.476021780549188 0.792555555555555 0.83664705882353 0.824823529411765 0.840549019607843 0.0660915032679738 0.171398692810457 0.836679738562091 0.188941176470588 0.589803921568627 0.744341563786008 0.496237608123606 0.485206267874547 0.487245075574706 0.520021728049059 0 0 0 0 0 0.142052287581699 0 0.126156862745098 0.589803921568627 0.792555555555555 0.83664705882353 0.824823529411765 0.840549019607843 0.0660915032679738 0.0293464052287582 0.836679738562091 0.0627843137254902 0 0.0729166666666667 0.10059670781893 0.626049382716049 0.395833333333333 0.221213991769547 0.1875 0 0 0 0 0.0256535947712419 0.192692810457516 0 0.0298627450980392 0.59821568627451 0 0 0 0 0.0795686274509804 0.153483660130719 0 0.205359477124183 0.570849673202614
#NONE#
(Leaf133.txt) (listLeaf133ED.txt) (#NONE#)
(Neighbor1Leaf133.txt) (Neighbor2Leaf133.txt) (Neighbor3Leaf133.txt) (Neighbor4Leaf133.txt)
(#NONE#)
(#NONE#) (Node13.txt)
0.0876448914455441 0.00073953823953824 0.00049963924963925 0.118677174687357 0.0045381458463416 0 0.0119675517913495 0.0133205998218891 0.00188609144686142 0.0536900739271235 0.163242313477368 0.000697578492631885 0.000393396937551167 0.0710851844676459 0.209204997387197 0.00724320865835491 0.00880081548329375 0.00627421401598099 0.0688171925217146 0.00266625348109927 0.0766120336479753 5.32757467659135E-05 6.53844010403252E-05 0.00082242692974193 0.0910580178959953 0.635732212885154 0.581777591036414 0.577767507002801 0.717979271708683 0.221588795518207 0.328345098039216 0.710478431372549 0.219192717086835 0.603821288515406 0.644082892416226 0.49839804872468 0.478809754416371 0.487419466886006 0.517742270774473 0 0 0 0 0.100351260504202 0.252870028011205 0 0.112501960784314 0.603821288515406 0.635732212885154 0.581777591036414 0.577767507002801 0.717979271708683 0.121237535014006 0.0754750700280112 0.710478431372549 0.106690756302521 0 0.0794642857142857 0.0944038800705467 0.871086419753086 0.533035714285714 0.358786596119929 0.283928571428571 0 0 0 0 0.155485714285714 0.314995518207283 0 0.0990521008403362 0.751488515406162 0 0 0 0 0.231976470588235 0.320862745098039 0 0.240243697478992 0.56581512605042
#NONE#
