62
0
True False
0.530933419109249 0 0 0.127343347849218 0.0408167891879095 0 0.032920729375981 0.00238807209901155 0.00202596120780851 0.0060636265470554 0.117681629709486 4.15316886784617E-05 0 0.00745493811778387 0.0900151325824831 0 0.000290721820749232 0.000872165462247695 0.0231835655108584 0 0.0024942868407301 0.000166126754713847 0 0 0.0153079561360359 0.0168366013071895 0.0307777777777778 0.0396209150326797 0.0926143790849672 0.340248366013072 0.736320261437909 0.0524575163398692 0.117882352941176 0.283418300653595 0.238539094650206 0.386313921770091 0.621956662755808 0.528464386810842 0.459031435807563 0 0 0 0 0.170562091503268 0.736320261437909 0 0 0.101699346405229 0.0168366013071895 0.0307777777777778 0.0396209150326797 0.0926143790849672 0.169686274509804 0 0.0524575163398692 0.117882352941176 0.181718954248366 0.0729166666666667 0.0538477366255144 0.682139917695473 0.46875 0.237901234567901 0.125 0 0 0 0 0.371333333333334 0.881941176470588 0 0.131960784313726 0.408450980392157 0 0 0 0 0.329790849673202 0.671967320261438 0 0.0999803921568628 0.258732026143791
#NONE#
(Leaf310.txt) (listLeaf310ED.txt) (#NONE#)
(Neighbor1Leaf310.txt) (Neighbor2Leaf310.txt) (Neighbor3Leaf310.txt) (Neighbor4Leaf310.txt)
(#NONE#)
(#NONE#) (Node22.txt)
0.346427735781702 4.13617957637248E-06 3.99085296500421E-06 0.181355450213497 0.0592072231014628 0 0.0229072666800695 0.00804193144975461 0.00120375429024916 0.0831726642044276 0.0927363070785158 0.000117206984930865 0.00862379914242976 0.0416229782852299 0.0688079624730779 0.00653201517322929 0.0045706774412162 0.00537556943248042 0.0138798305468653 0.00390921319438483 0.0327122742379403 0.000473114460059206 3.18758230932971E-05 0.00255695914140763 0.0157260638314356 0.091741302972802 0.13404174573055 0.133737507906388 0.102831119544592 0.335306135357369 0.730576850094876 0.102255534471853 0.195344086021505 0.29260468058191 0.288699721226603 0.455791516507994 0.568450155346768 0.506020214981836 0.458902008213431 0 0 0 0 0.222304237824162 0.730576850094876 0 0.0957216951296648 0.147401644528779 0.091741302972802 0.13404174573055 0.133737507906388 0.102831119544592 0.113001897533207 0 0.102255534471853 0.0996223908918406 0.145203036053131 0.0786290322580645 0.0599661489446436 0.805446037435284 0.527217741935484 0.308532457188371 0.280241935483871 0 0 0 0 0.298517394054396 0.908737507906388 0 0.117843769765971 0.317543959519292 0 0 0 0 0.336800126502214 0.665571790006325 0 0.206857685009488 0.290241619228337
#NONE#
