95
0
True False
0.212319284075074 0 0 0.142769777951793 0.0116962025316456 0 0.00349267051117649 0.00189889577843757 0 0.141361809900848 0.112483530748549 0 0 0.144899984682717 0.0405080226799423 0 0.00964977746984776 0.0403975004411304 0.00743553558521671 0.00303339969001751 0.117182128296276 6.29405840886203E-05 0 0.00313301552545447 0.00767552354778507 0.299243137254902 0.285882352941177 0.214207843137255 0.349490196078431 0.155062745098039 0.431788235294118 0.421145098039216 0.609674509803922 0.606188235294118 0.462753086419753 0.518901790179678 0.468790597426438 0.471488738113641 0.517406211995048 0 0 0 0 0.0674705882352941 0.394501960784314 0 0.609674509803922 0.606188235294118 0.299243137254902 0.285882352941177 0.214207843137255 0.349490196078431 0.087592156862745 0.0372862745098039 0.421145098039216 0 0 0.06875 0.0844691358024691 0.892308641975309 0.55625 0.369037037037037 0.29375 0 0 0 0 0.14441568627451 0.588576470588235 0 0.870423529411764 0.696270588235294 0 0 0 0 0.147509803921569 0.393498039215686 0 0.562419607843137 0.565282352941176
#NONE#
(Leaf231.txt) (listLeaf231ED.txt) (#NONE#)
(Neighbor1Leaf231.txt) (Neighbor2Leaf231.txt) (Neighbor3Leaf231.txt) (Neighbor4Leaf231.txt)
(#NONE#)
(#NONE#) (Node15.txt)
0.124350652511662 0 0 0.228230917585316 0.00790249267663349 0 0.0218133995843542 0.0471654553917677 0.00237850447051983 0.0661369431760754 0.192598843952102 3.94658300109694E-05 0.0010871260053897 0.0949717213259466 0.0978601663840973 0.0016384392207001 0.00683860112697716 0.0172957669360097 0.0130711145817341 0.00195770759550051 0.0566820383762515 0.000356947808725719 0.00202673620301253 0.00161318029220954 0.0139837789650043 0.242300515995872 0.258683178534572 0.287279669762642 0.299232610939112 0.230224561403509 0.439691228070176 0.326803302373581 0.580010319917441 0.618122600619195 0.522036387264457 0.529500853062128 0.51018829771614 0.458337675606224 0.474551441933768 0 0 0 0 0.103728379772962 0.377137667698659 0 0.549595046439629 0.597242518059855 0.242300515995872 0.258683178534572 0.287279669762642 0.299232610939112 0.126496181630547 0.062553560371517 0.326803302373581 0.0304152734778122 0.0208800825593395 0.0822368421052632 0.0918622482131254 0.919697205977907 0.550657894736842 0.390586094866797 0.307236842105263 0 0 0 0 0.149854282765738 0.529818782249742 0 0.833374613003096 0.845862125902993 0 0 0 0 0.244909391124871 0.415297007223942 0 0.523212796697626 0.553158720330238
#NONE#
