43
0
True False
0.544646902550141 0 0 0.0470770342965749 9.9126448555931E-05 0 0.0123528801017243 0.00100317166010201 0 0.148939033534607 0.0630449819087699 0 0.00213380193297352 0.0336577925824142 0.0266848427816681 0.000198887565214688 0.0108904441899966 0.0256964256399049 0.00603644434770603 0.000866702997928818 0.0574851673714246 0.00334531037046214 0 0.00131334407136662 0.0145277056484654 0.0320235294117647 0.0349333333333334 0.0330980392156863 0.0332392156862745 0.743356862745098 0.58761568627451 0.0308705882352941 0.263372549019608 0.411419607843137 0.235703703703703 0.436414610480821 0.508979788247228 0.505403745265571 0.490228226072117 0 0 0 0 0.743356862745098 0.509364705882353 0 0.113035294117647 0.278078431372549 0.0320235294117647 0.0349333333333334 0.0330980392156863 0.0332392156862745 0 0.0782509803921568 0.0308705882352941 0.150337254901961 0.133341176470588 0.025 0.0515061728395062 0.584049382716049 0.525 0.23562962962963 0.3 0 0 0 0 0.95796862745098 0.789992156862745 0 0.271043137254902 0.466439215686275 0 0 0 0 0.662737254901961 0.530847058823529 0 0.27961568627451 0.410501960784314
#NONE#
(Leaf285.txt) (listLeaf285ED.txt) (#NONE#)
(Neighbor1Leaf285.txt) (Neighbor2Leaf285.txt) (Neighbor3Leaf285.txt) (Neighbor4Leaf285.txt)
(#NONE#)
(#NONE#) (Node9.txt)
0.383537961493521 0 0 0.158550973299767 0.0209074802674694 0 0.0180482720201785 0.00661118939287217 0 0.0676212774942616 0.0743869035918965 0 0.00124507877585791 0.0432330309156753 0.0657964635447896 0.00253564390176596 0.00912962596351753 0.0101048823001369 0.0224345155303638 0.0105097115914671 0.0612125877320927 0.00268652347735873 0.000292569351139907 0.00623013051510407 0.0349251788407636 0.0873041495668034 0.0935558595531236 0.112204286365709 0.0841276789785682 0.722205198358413 0.693227542179662 0.0883091655266758 0.197629730962152 0.417772001823985 0.333910422049957 0.473362852052638 0.53452687808206 0.50249625040638 0.470159997496749 0 0 0 0 0.722205198358413 0.684128590971272 0 0.0860091199270406 0.345913360693115 0.0873041495668034 0.0935558595531236 0.112204286365709 0.0841276789785682 0 0.00909895120839033 0.0883091655266758 0.111620611035112 0.0718586411308709 0.0755813953488372 0.0578351995406259 0.791294860752225 0.539244186046512 0.314320987654321 0.290697674418605 0 0 0 0 0.884552667578659 0.760926584587323 0 0.136924760601915 0.44078431372549 0 0 0 0 0.66921568627451 0.658139534883721 0 0.216506155950752 0.404006383948928
#NONE#
