77
0
True False
0.113827011217741 0 0 0.262901077708772 9.57469217364662E-06 0 0.00397747846602732 0.0356497247845845 0 0.0336085970623937 0.135525323018397 0 0 0.0488802787098211 0.214809112210918 0.000572563327723563 0.000589281237818481 0.00160524328567529 0.0631974667931554 0.000104981866768467 0.0203198291985556 0 0 0 0.0644224564194751 0.533402714932127 0.324582202111614 0.197852187028658 0.710196078431373 0.407861236802413 0.259647058823529 0.704147812971342 0.718865761689291 0.20116742081448 0.504216524216524 0.512049935096495 0.344584788039271 0.478113283975412 0.633416456084347 0 0 0 0 0.286702865761689 0.0678190045248868 0 0.718865761689291 0.030184012066365 0.533402714932127 0.324582202111614 0.197852187028658 0.710196078431373 0.121158371040724 0.191828054298643 0.704147812971342 0 0.170983408748115 0.0721153846153846 0.075042735042735 0.893779677113011 0.543269230769231 0.360104463437797 0.298076923076923 0 0 0 0 0.307601809954751 0.259113122171946 0 0.861532428355958 0.182196078431373 0 0 0 0 0.416914027149321 0.253481146304676 0 0.680316742081448 0.204135746606335
#NONE#
(Leaf202.txt) (listLeaf202ED.txt) (#NONE#)
(Neighbor1Leaf202.txt) (Neighbor2Leaf202.txt) (Neighbor3Leaf202.txt) (Neighbor4Leaf202.txt)
(#NONE#)
(#NONE#) (Node14.txt)
0.154450289601733 0 4.55625455625456E-05 0.198887767968028 0.015310269116601 0 0.0192989113287361 0.0136095037506026 0.00820468372088289 0.0625153255148484 0.152932159528159 3.20825419639649E-06 0 0.0654043466766291 0.169545473656674 0.00176691194229212 0.00349289330988048 0.00615514032695612 0.0329411541295718 0.00367026524694795 0.052499209700765 0.000932189983789809 3.22279422393301E-06 0.00132747196299219 0.0370040389399277 0.54824649859944 0.426746116628469 0.181423478482302 0.653431627196333 0.401152024446142 0.152398777692895 0.649029284441049 0.6607410236822 0.155415839062898 0.47647266313933 0.502944661626175 0.343568235236083 0.485267116981116 0.620159135341389 0 0 0 0 0.337081741787624 0.0178752228163993 0 0.6607410236822 0.0249060351413293 0.54824649859944 0.426746116628469 0.181423478482302 0.653431627196333 0.0640702826585179 0.134523554876496 0.649029284441049 0 0.130509803921569 0.0698051948051948 0.0754545454545455 0.905170755170755 0.545454545454545 0.360963604296938 0.289772727272727 0 0 0 0 0.244726254138019 0.125923096511332 0 0.800764451235039 0.0816465495289025 0 0 0 0 0.415166793990323 0.157390883626178 0 0.621227400050929 0.164490960020372
#NONE#
