73
0
True False
0.0616343815911059 0 0 0.0626899867616574 0 0 0.00369014252904954 0.000315500685871057 0 0.0690212691471303 0.261676768713423 0 0 0.0227188642298646 0.450743034808338 0 0.000274414493809881 0.00107367030062768 0.0332367024940951 0 0.00890602039203938 0 0 0 0.0240192438529886 0.606082788671024 0.568588235294118 0.497581699346405 0.703267973856209 0.566901960784314 0.210858387799564 0.713673202614379 0.636196078431372 0.371132897603486 0.702949245541838 0.507819714078184 0.463624100927518 0.464007410152199 0.559565213826901 0 0 0 0 0.400122004357299 0.0459564270152506 0 0.58118082788671 0.160570806100218 0.606082788671024 0.568588235294118 0.497581699346405 0.703267973856209 0.166779956427015 0.164901960784314 0.713673202614379 0.0550152505446623 0.210562091503268 0.0486111111111111 0.0804389574759945 0.728079561042524 0.486111111111111 0.213799725651578 0.222222222222222 0 0 0 0 0.732583877995643 0.287111111111111 0 0.819590413943355 0.587416122004357 0 0 0 0 0.516897603485839 0.195289760348584 0 0.58400871459695 0.306762527233116
#NONE#
(Leaf136.txt) (listLeaf136ED.txt) (#NONE#)
(Neighbor1Leaf136.txt) (Neighbor2Leaf136.txt) (Neighbor3Leaf136.txt) (Neighbor4Leaf136.txt)
(#NONE#)
(#NONE#) (Node14.txt)
0.101592330366149 0 0 0.148321095784318 0.000664187107381339 0 0.00771086943751874 0.026101972778536 0.000845799111466946 0.0596101485300304 0.167467585490318 0.000181359885122181 5.08360841303301E-06 0.06477164430799 0.254400586845181 0.00558949378577268 0.00416245136426365 0.00896881427286879 0.0416610653686733 0.00145839510161608 0.0566537820993849 1.01483863220049E-05 4.75949984779676E-05 0.00200195544744915 0.0477736359227466 0.635941445071179 0.541000805801773 0.454418479720655 0.723743755036261 0.503762019876444 0.206049422508729 0.708871877518131 0.596445339779748 0.318070910556003 0.595657026889903 0.493556587874651 0.41696442200245 0.493968883475208 0.576848222768174 0 0 0 0 0.35320977706151 0.0418066075745367 0 0.560294923448832 0.167607305936073 0.635941445071179 0.541000805801773 0.454418479720655 0.723743755036261 0.150552242814934 0.164242814934193 0.708871877518131 0.0361504163309159 0.15046360461993 0.0633561643835616 0.0862354134956875 0.886585489599188 0.544520547945205 0.354693049213597 0.290239726027397 0 0 0 0 0.80254525919957 0.156401289282836 0 0.831086757990868 0.459773301101262 0 0 0 0 0.44346065001343 0.206884770346495 0 0.547952189094816 0.288328767123288
#NONE#
