84
0
True False
0.0601357370972433 0 0 0.108372734488526 0.0944387441555727 0 0.00924996529324549 0.000213018823648754 0.00509023898382947 0.0297425831468219 0.110118426670822 0 0.000776973322720617 0.00448526890650691 0.25217054601478 0.20495396098909 0.0150539657180634 0.00096082556696468 0.0233347355805402 0.000960466517726445 0.0399127637651011 0.0015105309658848 0.000190652170717298 0.0014597475139353 0.0368681143082601 0.596811463046757 0.679085972850679 0.515734539969834 0.731981900452489 0.228717948717949 0.20115233785822 0.720138763197587 0.219173453996984 0.20614479638009 0.458679962013295 0.509617474064314 0.463307676226547 0.479817355056466 0.518941537331555 0 0 0 0 0.0964253393665158 0.0781025641025641 0 0.039001508295626 0.0773303167420814 0.596811463046757 0.679085972850679 0.515734539969834 0.731981900452489 0.132292609351433 0.123049773755656 0.720138763197587 0.180171945701358 0.128814479638009 0.0576923076923077 0.116087369420703 0.894017094017094 0.495192307692308 0.319924026590693 0.182692307692308 0 0 0 0 0.110871794871795 0.149420814479638 0 0.187164404223228 0.125767722473605 0 0 0 0 0.266778280542986 0.213110105580694 0 0.216932126696833 0.227351432880845
#NONE#
(Leaf244.txt) (listLeaf244ED.txt) (#NONE#)
(Neighbor1Leaf244.txt) (Neighbor2Leaf244.txt) (Neighbor3Leaf244.txt) (Neighbor4Leaf244.txt)
(#NONE#)
(#NONE#) (Node13.txt)
0.134663267425848 0 0 0.147410570546467 0.0192794937429125 0 0.00832063399599227 0.0155280631013549 0.00215463117520039 0.0687620520195835 0.0996152303630273 0.000353211019842085 0.000323996341341061 0.0428175994439354 0.150613295469063 0.039404720610231 0.00538429888556925 0.00641471878261864 0.0670070752004059 0.00604820078366223 0.0683030268708339 0.000853080880363356 6.78726078918537E-05 0.00175224601917636 0.11492271471468 0.690744631185808 0.693980392156862 0.608746965452847 0.761483660130719 0.188101307189543 0.143609243697479 0.752620915032679 0.210107843137255 0.169484593837535 0.501781305114638 0.480932905203891 0.432498594803948 0.500345296816499 0.546615516600491 0 0 0 0 0.0676774042950514 0.0231661998132586 0 0.0807721755368814 0.0182721755368814 0.690744631185808 0.693980392156862 0.608746965452847 0.761483660130719 0.120423902894491 0.12044304388422 0.752620915032679 0.129335667600374 0.151212418300653 0.0669642857142857 0.0954791299235744 0.864196061140505 0.519345238095238 0.348180482069371 0.284970238095238 0 0 0 0 0.0950975723622782 0.137875350140056 0 0.157464985994398 0.200285247432306 0 0 0 0 0.212254435107376 0.140833333333333 0 0.217384220354809 0.167614845938375
#NONE#
