53
0
True False
0.35195151076529 0 0 0.228513825441667 0.000817202570387795 0 0.00358923600348441 0.00903225581503322 0 0.0768032933136491 0.0219632217145088 0 0 0.0669240307853588 0.0192872834305145 0 0.00737263451447839 0.00780763250124031 0.00657828280394399 0.00931897809874698 0.131135680813046 0 0 0.0092695587690026 0.0496353726596481 0.0569176470588235 0.0956156862745099 0.265105882352941 0.0781803921568626 0.134572549019608 0.689388235294118 0.0815294117647059 0.305207843137255 0.346509803921569 0.315604938271605 0.485271408433524 0.634915236014224 0.499105015886398 0.423747072058418 0 0 0 0 0 0.689388235294118 0 0.166282352941176 0.28996862745098 0.0569176470588235 0.0956156862745099 0.265105882352941 0.0781803921568626 0.134572549019608 0 0.0815294117647059 0.138925490196078 0.0565411764705882 0.0625 0.0491851851851852 0.843679012345679 0.5375 0.310271604938272 0.25 0 0 0 0 0.0909882352941178 0.74318431372549 0 0.337741176470588 0.191333333333333 0 0 0 0 0.129082352941176 0.662925490196079 0 0.286792156862745 0.361929411764706
#NONE#
(Leaf309.txt) (listLeaf309ED.txt) (#NONE#)
(Neighbor1Leaf309.txt) (Neighbor2Leaf309.txt) (Neighbor3Leaf309.txt) (Neighbor4Leaf309.txt)
(#NONE#)
(#NONE#) (Node22.txt)
0.345335184614285 0 0 0.217389665604673 0.0183108110781412 0 0.0177633099575535 0.0229920979068598 0.00015544814466357 0.0677775150317227 0.103248864183014 0.00019380559513993 0.000139780523925292 0.0379593225797807 0.0627734692068515 0.0108796822508956 0.00466535599561743 0.00462524350507138 0.0133944484466047 0.00658052363032827 0.0433741499750063 0.000289464938581241 0.000296254836144929 0.00269151951048553 0.0191640824846551 0.0561931187569367 0.0792356640769515 0.199027746947836 0.0875523492415834 0.143792822789493 0.659688494265631 0.0999933407325194 0.275803921568627 0.351631520532741 0.309503843466108 0.495350195254366 0.593552714970849 0.49539376910067 0.441805884725289 0 0 0 0 0.0248864224935257 0.659688494265631 0 0.132111727709952 0.304398076211617 0.0561931187569367 0.0792356640769515 0.199027746947836 0.0875523492415834 0.118906400295967 0 0.0999933407325194 0.143692193858676 0.0472334443211247 0.0695754716981132 0.0606009783368274 0.822368972746331 0.528301886792453 0.311090146750524 0.273584905660377 0 0 0 0 0.0873806881243064 0.833294117647059 0 0.303167591564928 0.224699223085461 0 0 0 0 0.155994080651128 0.597821679615242 0 0.26526526082131 0.363931927487976
#NONE#
