73
0
True False
0.18923235821011 0 0 0.305594889101279 0.000917473652833179 0 0.0462764744487564 0.000370400861056991 0.000599658154500317 0.0107607688682836 0.232979248643671 0 0 0.00557453818534512 0.162515689713316 0 0 0 0.0170764967647614 0 0.00125243546242486 0 0 0 0.0268495679336628 0.408616246498599 0.214145658263305 0.0973837535014005 0.594145658263305 0.517602240896359 0.17740056022409 0.650890756302521 0.257635854341737 0.305086834733893 0.352663139329806 0.507657054252413 0.298949110599787 0.484904111574844 0.5928190864775 0 0 0 0 0.517602240896359 0.051467787114846 0 0.0554173669467787 0.119490196078431 0.408616246498599 0.214145658263305 0.0973837535014005 0.594145658263305 0 0.125932773109244 0.650890756302521 0.202218487394958 0.185596638655462 0.0446428571428571 0.0585537918871252 0.897178130511464 0.535714285714286 0.323245149911817 0.321428571428571 0 0 0 0 0.467910364145658 0.0328459383753501 0 0.17356862745098 0.527787114845938 0 0 0 0 0.498997198879552 0.188980392156863 0 0.254201680672269 0.274033613445378
#NONE#
(Leaf203.txt) (listLeaf203ED.txt) (#NONE#)
(Neighbor1Leaf203.txt) (Neighbor2Leaf203.txt) (Neighbor3Leaf203.txt) (Neighbor4Leaf203.txt)
(#NONE#)
(#NONE#) (Node23.txt)
0.158120355195311 0 0 0.275520096582901 0.0194404845730297 0 0.0290651773650196 0.0233971981196196 0.00108783688815366 0.0605814814757528 0.187921598925354 0.00012205464391008 7.19194570302837E-05 0.0671500362158035 0.0906526137509278 0.00427648850289885 0.00441082525701812 0.00668067049568062 0.0137337964716386 0.00401665446086733 0.0371323485755705 0.000555070833915528 0.000144111280431777 0.00116817339814352 0.0147510075310223 0.314699973139941 0.207223207091056 0.17556271823798 0.501707225355896 0.469034112275047 0.218855224281493 0.549528874563524 0.254242814934193 0.239631479989256 0.390766108574328 0.503481609226001 0.401299020648326 0.488384572782591 0.548632462391887 0 0 0 0 0.394652699435939 0.0706682782702122 0 0.0644721998388397 0.0873580445876981 0.314699973139941 0.207223207091056 0.17556271823798 0.501707225355896 0.0743814128391083 0.148186946011281 0.549528874563524 0.189770615095353 0.152273435401558 0.0599315068493151 0.0766801961779131 0.907277185861661 0.537671232876712 0.355550481988838 0.293664383561644 0 0 0 0 0.539523502551706 0.171707762557078 0 0.260435132957292 0.240063389739457 0 0 0 0 0.444053720118184 0.220006446414182 0 0.246114961052914 0.234309965081923
#NONE#
