97
0
True False
0.116377175159987 0 0 0.0744391364154522 0.00622115128499785 0 0.00716638261615211 0.00627702051493873 0.00030290513561889 0.0878886358449653 0.165750812983194 0 2.75368305108082E-05 0.0867126758264616 0.111190771273497 6.85871056241427E-05 0.0121859492547059 0.0138559060761644 0.0556749273046186 0.00215394017414719 0.182973514612596 0 0 0.000836793194369451 0.0698961783919981 0.55555991285403 0.524954248366013 0.399673202614379 0.62236165577342 0.212222222222222 0.726644880174292 0.394553376906318 0.175960784313726 0.776296296296296 0.629341563786008 0.484367998304267 0.499694004817576 0.50171919428513 0.482515224052794 0 0 0 0 0.101220043572985 0.726644880174292 0 0.0448976034858388 0.776296296296296 0.55555991285403 0.524954248366013 0.399673202614379 0.62236165577342 0.111002178649237 0 0.394553376906318 0.131063180827887 0 0.0972222222222222 0.0910699588477366 0.894951989026063 0.527777777777778 0.353443072702332 0.305555555555556 0 0 0 0 0.131607843137255 0.625699346405229 0 0.0945490196078431 0.816718954248366 0 0 0 0 0.223747276688453 0.725119825708061 0 0.209071895424837 0.748901960784314
#NONE#
(Leaf256.txt) (listLeaf256ED.txt) (#NONE#)
(Neighbor1Leaf256.txt) (Neighbor2Leaf256.txt) (Neighbor3Leaf256.txt) (Neighbor4Leaf256.txt)
(#NONE#)
(#NONE#) (Node21.txt)
0.0825312986778088 2.1997958071892E-05 0.000126811758296789 0.146188387892782 0.0183703863537091 0 0.0204875625235251 0.023405368166495 0.0153616229426097 0.0549871277731917 0.252091933335431 0.000957439441508658 3.44560387849176E-05 0.0651231972421234 0.187088917587896 0.00495894191345275 0.00409671284612712 0.00695671451956646 0.0296609741362108 0.00346917242557332 0.0544951414722589 0.00154984227502257 9.41835306096474E-05 0.00130775018380748 0.0266340590051373 0.425488174651304 0.436312916919345 0.477347079037801 0.455376591873863 0.261341419041844 0.66407560137457 0.403951890034364 0.256131392763291 0.672449565393167 0.606365024818633 0.490249566714819 0.502596426565953 0.501047447614786 0.484497429900981 0 0 0 0 0.139226197695573 0.659549626035981 0 0.12077258944815 0.672449565393167 0.425488174651304 0.436312916919345 0.477347079037801 0.455376591873863 0.12211522134627 0.00452597533858904 0.403951890034364 0.135358803315141 0 0.0811855670103093 0.0950197276314115 0.91202240040728 0.547036082474227 0.370416189385262 0.300257731958763 0 0 0 0 0.215592884576511 0.714135839902972 0 0.183453810390135 0.84035213260562 0 0 0 0 0.264214271275521 0.632859510814635 0 0.259539518900344 0.6265546796038
#NONE#
