50
0
True False
0.634276877919861 0 0 0.182877000191936 0.00163721734832571 0 0.0102065323485641 0.00142082091977063 0 0.0252714591765687 0.0683639415281301 0 0 0.0273675992131613 0.0264180040148384 0 0.00197696378366917 0.00642479859900265 0.00236093416787611 0.000247127146917089 0.00574692722309049 0 0 6.17283950617285E-05 0.00534206802322745 0.0311862745098039 0.0390098039215687 0.037343137254902 0.0469117647058824 0.108460784313725 0.112372549019608 0.0485980392156862 0.358098039215686 0.510401960784314 0.138055555555556 0.559488078387789 0.547523071514539 0.478717708149781 0.484944480632737 0 0 0 0 0 0 0 0.220686274509804 0.430058823529412 0.0311862745098039 0.0390098039215687 0.037343137254902 0.0469117647058824 0.108460784313725 0.112372549019608 0.0485980392156862 0.137411764705882 0.080343137254902 0.046875 0.0270679012345679 0.712962962962963 0.5 0.24070987654321 0.234375 0 0 0 0 0.0284411764705883 0.0451960784313726 0 0.744441176470588 0.7655 0 0 0 0 0.116107843137255 0.111539215686274 0 0.298588235294117 0.459029411764706
#NONE#
(Leaf269.txt) (listLeaf269ED.txt) (#NONE#)
(Neighbor1Leaf269.txt) (Neighbor2Leaf269.txt) (Neighbor3Leaf269.txt) (Neighbor4Leaf269.txt)
(#NONE#)
(#NONE#) (Node24.txt)
0.268837792845372 0 0 0.219216010269046 0.0361213527482001 0 0.042950431460681 0.0258689737764296 6.69768859936426E-05 0.121695452446792 0.0990730306663065 0.00180339259058778 0.00462249102373138 0.0568470699740889 0.0407718969386115 0.0125674833252452 0.00840878229356023 0.00642876734059815 0.00604239146329396 0.00913891782642152 0.0289110426396666 0.000853392153323606 0.000612321521608443 0.00290409362236905 0.0062579361880729 0.0868376470588235 0.115069803921569 0.151398431372549 0.143970980392157 0.211586666666667 0.210185882352941 0.144809411764706 0.387538823529412 0.41626431372549 0.302093827160494 0.530712534009237 0.530705197594605 0.478298581563009 0.479073254023569 0 0 0 0 0.0824329411764706 0.0834894117647059 0 0.247805490196078 0.339766274509804 0.0868376470588235 0.115069803921569 0.151398431372549 0.143970980392157 0.129153725490196 0.126696470588235 0.144809411764706 0.139733333333333 0.0764980392156863 0.0725 0.070246913580247 0.863841975308642 0.54125 0.33476049382716 0.2725 0 0 0 0 0.137339607843137 0.10128 0 0.53084 0.506404705882353 0 0 0 0 0.220623529411765 0.21792862745098 0 0.349494117647059 0.392103529411765
#NONE#
