72
0
True False
0.325894987932169 0 0 0.405574550269968 2.1250371881508E-05 0 0.000338836059823236 0.030371927565274 0.000680011900208253 0.0440063102178962 0.0358998729421522 0.000105298626905905 0 0.0332547116132757 0.0353386535031199 0.00796479483958235 0.00162029446958375 0.0184253962247285 0.0155695058455369 0.0156910060980878 0.0194928666454173 0 0 0.00102024045332967 0.00872948442106044 0.102032679738562 0.079078431372549 0.0947320261437908 0.119464052287582 0.316287581699346 0.567758169934641 0.111477124183007 0.110666666666667 0.145679738562091 0.209917695473251 0.494511020558539 0.586790188279855 0.491955021045957 0.474876243894473 0 0 0 0 0.0841960784313725 0.493104575163399 0 0 0.0346339869281045 0.102032679738562 0.079078431372549 0.0947320261437908 0.119464052287582 0.232091503267974 0.0746535947712418 0.111477124183007 0.110666666666667 0.111045751633987 0.0208333333333333 0.0561111111111111 0.873827160493827 0.541666666666667 0.322818930041152 0.270833333333333 0 0 0 0 0.344366013071895 0.637104575163399 0 0.122078431372549 0.0306013071895425 0 0 0 0 0.299732026143791 0.514307189542483 0 0.107281045751634 0.172732026143791
#NONE#
(Leaf183.txt) (listLeaf183ED.txt) (#NONE#)
(Neighbor1Leaf183.txt) (Neighbor2Leaf183.txt) (Neighbor3Leaf183.txt) (Neighbor4Leaf183.txt)
(#NONE#)
(#NONE#) (Node19.txt)
0.270166376661251 1.50170443453319E-05 1.38318325794985E-05 0.263293448061776 0.0315937750769128 0 0.0152747517163849 0.0297796072618536 0.00210879778729472 0.132986735927611 0.0709068414848606 8.0031648909488E-05 0.000719190352580071 0.0535885462777857 0.0363070481567652 0.0203583988388952 0.00770284272582812 0.00582202418214359 0.00858267467134956 0.00428377632088918 0.0351462202375336 4.31092642426554E-05 8.94894975092816E-05 0.00110270544109827 0.0100347595296 0.140298474945534 0.149335511982571 0.234919389978214 0.141697167755991 0.2264825708061 0.508903594771242 0.154004357298475 0.155918845315904 0.169552287581699 0.245925925925926 0.462459144613612 0.564198137718941 0.504110330732912 0.467386260098955 0 0 0 0 0.0764716775599129 0.399532135076253 0 0.0230942265795207 0.0447924836601307 0.140298474945534 0.149335511982571 0.234919389978214 0.141697167755991 0.150010893246187 0.109371459694989 0.154004357298475 0.132824618736383 0.124759803921569 0.0876736111111111 0.068434499314129 0.889689643347051 0.544270833333333 0.353983196159122 0.302951388888889 0 0 0 0 0.209383442265795 0.750113834422658 0 0.122730936819172 0.083890522875817 0 0 0 0 0.220386165577342 0.455748910675381 0 0.158418845315904 0.183028867102397
#NONE#
