55
0
True False
0.0996774676656075 0 0 0.189984813813128 3.71563041862769E-05 0 0.0039588447967223 0.0157926918211442 0.00309980376819947 0.0407920561265259 0.120695484494202 0 0 0.0592685191863603 0.322029622772271 0 0.000333880228914221 0.00132668782680952 0.0525831163103318 0.000346792172405251 0.00699551272196499 0 0 4.9609326553392E-05 0.083027940664673 0.550858823529412 0.680486274509804 0.514756862745098 0.667301960784314 0.806945098039216 0.074843137254902 0.614141176470588 0.815290196078432 0.140180392156863 0.566061728395062 0.490331953225077 0.349266743622666 0.501304450005839 0.667474107758601 0 0 0 0 0.806945098039216 0 0 0.815290196078432 0 0.550858823529412 0.680486274509804 0.514756862745098 0.667301960784314 0 0.074843137254902 0.614141176470588 0 0.140180392156863 0.06875 0.0694320987654321 0.893234567901234 0.54375 0.330604938271605 0.3 0 0 0 0 0.845988235294118 0.00104313725490196 0 0.852129411764706 0.121698039215686 0 0 0 0 0.783003921568628 0.0959647058823529 0 0.792466666666667 0.136482352941177
#NONE#
(Leaf197.txt) (listLeaf197ED.txt) (#NONE#)
(Neighbor1Leaf197.txt) (Neighbor2Leaf197.txt) (Neighbor3Leaf197.txt) (Neighbor4Leaf197.txt)
(#NONE#)
(#NONE#) (Node17.txt)
0.0769334251011669 0 0 0.120841727826311 0.00364004041142824 0 0.00913081598012616 0.0067287854051032 0.00110463174272174 0.0362726384978362 0.124569834808384 0 8.99422121287073E-06 0.0380707734789941 0.316014886089625 0.011003681923692 0.00227832613183745 0.00132305055516438 0.0871841527336588 0.0010822523496149 0.0555449965429312 2.25078214679602E-06 0 0.000753651514819801 0.107511083903226 0.529455258467023 0.690680213903743 0.696736541889483 0.633485918003565 0.78502174688057 0.174275222816399 0.603417468805704 0.797295543672014 0.198171122994652 0.654080808080808 0.495110189720868 0.418947328622466 0.494289358336949 0.60456819150599 0 0 0 0 0.78502174688057 0.031921568627451 0 0.797295543672014 0.0661340463458111 0.529455258467023 0.690680213903743 0.696736541889483 0.633485918003565 0 0.142353654188948 0.603417468805704 0 0.132037076648841 0.0579545454545455 0.0779685746352413 0.834466891133558 0.506818181818182 0.291553310886644 0.255681818181818 0 0 0 0 0.831515151515151 0.152324420677362 0 0.864381461675579 0.179278431372549 0 0 0 0 0.756751515151515 0.17364064171123 0 0.762018538324421 0.192949732620321
#NONE#
