85
0
True False
0.0789300190787024 0 0 0.260444170368912 0.000519352046494374 0 0.0121677287254737 0.0363172822606319 4.94620996661308E-05 0.0719641531658303 0.0937311589532567 8.65037691189769E-05 2.47005063603804E-05 0.0465013282057971 0.0431134011519738 0.0242536219577615 0.0464376546101994 0.0185164556498794 0.00348348571527421 0.0694230842962852 0.151194056758818 0.00224841507098742 0.00834897556358403 0.023995168207802 0.00824982183719105 0.237007843137255 0.314054901960784 0.249949019607843 0.289376470588235 0.627796078431373 0.338352941176471 0.390305882352941 0.589274509803922 0.5228 0.568604938271605 0.528468877523688 0.447873052842348 0.44645476989935 0.545191119611191 0 0 0 0 0.627796078431373 0.303223529411765 0 0.589274509803922 0.5228 0.237007843137255 0.314054901960784 0.249949019607843 0.289376470588235 0 0.035129411764706 0.390305882352941 0 0 0.05625 0.0773827160493827 0.93416049382716 0.5625 0.384086419753086 0.3125 0 0 0 0 0.79663137254902 0.354137254901961 0 0.678478431372549 0.570964705882353 0 0 0 0 0.585596078431373 0.320564705882353 0 0.563435294117647 0.498117647058823
#NONE#
(Leaf330.txt) (listLeaf330ED.txt) (#NONE#)
(Neighbor1Leaf330.txt) (Neighbor2Leaf330.txt) (Neighbor3Leaf330.txt) (Neighbor4Leaf330.txt)
(#NONE#)
(#NONE#) (Node28.txt)
0.0893728771827969 0 2.56172147683244E-05 0.167857639491063 0.0207825527454234 0 0.0370995140342603 0.0314054150784823 0.00357876237412707 0.0771341491051897 0.216681231753955 0.000347463080819969 0.000597600347201882 0.0947439669898254 0.111959721000925 0.00869346868064632 0.0121720668726616 0.0115969926940561 0.0127356435731368 0.0148757419117363 0.0714189655721961 0.00105202886305775 0.00115273817933286 0.00552511390396643 0.00919072935037083 0.226331718569781 0.319126643598616 0.293023298731257 0.326834140715109 0.645872202998846 0.352344636678201 0.306451211072664 0.58242029988466 0.539140945790081 0.571888162672476 0.507858958854362 0.475296813541882 0.471352295285098 0.514206783392394 0 0 0 0 0.631465743944637 0.280602076124567 0 0.564223760092272 0.539140945790081 0.226331718569781 0.319126643598616 0.293023298731257 0.326834140715109 0.0144064590542099 0.0717425605536332 0.306451211072664 0.0181965397923875 0 0.0691176470588235 0.080084241103849 0.920004357298475 0.550735294117647 0.374685548293392 0.286764705882353 0 0 0 0 0.848144405997693 0.307116032295271 0 0.703331949250288 0.574719261822376 0 0 0 0 0.586349250288351 0.348913956170704 0 0.543534025374856 0.511493886966551
#NONE#
