63
0
True False
0.0344912477202115 0 0 0.0831845043377472 0.00689568724490493 0 0.0148056114915124 0.0572737585658866 0.00215293244246474 0.0300840484903266 0.263585338196274 0 0 0.228535233689525 0.211089212465697 0.000444639627019603 0.00261815611381213 0.00246981903350283 0.00948516468608636 0.00182784665140326 0.0428994376880426 0.000123517786561265 0 0.000716174397170978 0.00731766937185125 0.351780392156863 0.424745098039216 0.437670588235294 0.434164705882353 0.483435294117647 0.548149019607843 0.505858823529412 0.376964705882353 0.450345098039216 0.743012345679012 0.510762267215711 0.483936733062104 0.469579460819838 0.512207403030718 0 0 0 0 0.338282352941176 0.548149019607843 0 0.31036862745098 0.199380392156863 0.351780392156863 0.424745098039216 0.437670588235294 0.434164705882353 0.145152941176471 0 0.505858823529412 0.0665960784313725 0.250964705882353 0.0625 0.0897777777777777 0.878395061728395 0.525 0.338617283950617 0.275 0 0 0 0 0.76801568627451 0.841380392156863 0 0.291835294117647 0.659050980392157 0 0 0 0 0.433513725490196 0.496298039215686 0 0.391560784313726 0.404125490196078
#NONE#
(Leaf251.txt) (listLeaf251ED.txt) (#NONE#)
(Neighbor1Leaf251.txt) (Neighbor2Leaf251.txt) (Neighbor3Leaf251.txt) (Neighbor4Leaf251.txt)
(#NONE#)
(#NONE#) (Node27.txt)
0.0604835058509696 0 0 0.13899260716417 0.00137386015054472 0 0.0142362295066778 0.049638557255403 0.00134970749710784 0.0670848761914756 0.290095832831702 0.000280382777419219 0.00121711924675967 0.0925254632093031 0.141190668647687 0.00150380081792608 0.0175799725400095 0.0147942966860951 0.0135784492800801 0.0111383469643497 0.0669236330969807 0.000315700746749012 2.94461032034439E-05 0.00303325365900887 0.012634289776378 0.352552131963897 0.409188297541239 0.430121381886088 0.423363834422658 0.588817927170868 0.594929349517585 0.467583566760037 0.34751509492686 0.374606286959228 0.672157554379777 0.48631767416483 0.473823151998995 0.503374841458178 0.524536373707602 0 0 0 0 0.577297852474323 0.579381886087768 0 0.299005291005291 0.257891067538126 0.352552131963897 0.409188297541239 0.430121381886088 0.423363834422658 0.0115200746965453 0.0155474634298164 0.467583566760037 0.0485098039215686 0.116715219421102 0.0753968253968254 0.0917617087987458 0.900897511267881 0.53968253968254 0.379404271996865 0.317460317460317 0 0 0 0 0.790486772486773 0.806887643946467 0 0.216301276065982 0.437894802365391 0 0 0 0 0.539820728291317 0.525836290071584 0 0.363739184562714 0.354989106753813
#NONE#
