100
0
True False
0.0740301704765637 0 0 0.23504691281547 0.000547413031961857 0 0.00437854178635118 0.0133989119096826 0.0112661133674731 0.0724618392280999 0.118618798413845 0 0 0.0714007682513881 0.184594315347901 0 0.00596120800615738 0.00287793612112329 0.0629166035912022 0 0.0533075328116744 1.76584849019954E-05 0 0 0.0891752763562033 0.731843137254902 0.611635854341737 0.345742296918767 0.748420168067227 0.626 0.244705882352941 0.738095238095238 0.276403361344538 0.38521568627451 0.530564373897707 0.491601327562111 0.382457478916398 0.494746053198415 0.608033876494527 0 0 0 0 0.572016806722689 0.106823529411765 0 0.173394957983193 0.0609579831932773 0.731843137254902 0.611635854341737 0.345742296918767 0.748420168067227 0.0539831932773109 0.137882352941176 0.738095238095238 0.103008403361344 0.324257703081232 0.0535714285714286 0.086031746031746 0.891640211640212 0.526785714285714 0.384021164021164 0.366071428571429 0 0 0 0 0.788397759103642 0.0853221288515407 0 0.162974789915966 0.819983193277311 0 0 0 0 0.590935574229692 0.262565826330532 0 0.337271708683473 0.295361344537815
#NONE#
(Leaf81.txt) (listLeaf81ED.txt) (#NONE#)
(Neighbor1Leaf81.txt) (Neighbor2Leaf81.txt) (Neighbor3Leaf81.txt) (Neighbor4Leaf81.txt)
(#NONE#)
(#NONE#) (Node14.txt)
0.0974870756486611 5.71641605567292E-05 1.24269914253759E-06 0.147324794519327 0.0060491288214445 0 0.0136084331682402 0.00903133343764126 0.00980309141098114 0.0576722130780205 0.15684536968175 1.85973164211168E-05 3.79832571654409E-05 0.0523303920347566 0.239305491297567 0.00588490992115676 0.00456803725561958 0.00548152081767577 0.0524851072008942 0.00344292177236457 0.0598801846539215 0.000512478016885611 0.000106763218610941 0.000373370406202162 0.0776923962049939 0.673770588235294 0.628735294117647 0.536386666666666 0.709411764705882 0.661355294117647 0.18485568627451 0.704338823529412 0.301261176470588 0.33256431372549 0.589896296296296 0.469425101425022 0.42746977662546 0.518491413944545 0.566808875380107 0 0 0 0 0.652072156862745 0.061621568627451 0 0.200894509803922 0.180643921568627 0.673770588235294 0.628735294117647 0.536386666666666 0.709411764705882 0.00928313725490196 0.123234117647059 0.704338823529412 0.100366666666667 0.151920392156863 0.07 0.0892271604938272 0.872114814814815 0.533125 0.349162962962963 0.290625 0 0 0 0 0.768818823529411 0.109595294117647 0 0.176667058823529 0.456653725490196 0 0 0 0 0.62421568627451 0.200731764705882 0 0.315505882352941 0.305162352941176
#NONE#
