67
0
True False
0.237295040674168 0 0 0.303721033618831 0 0 0.00304507021485157 0.0343490707831829 0.000123456790123457 0.153804753644251 0.0271040032046348 0.00592592592592592 0.0178941643334408 0.00920729114026279 0.00475142149879058 0.108850805890427 0.0764479244367214 0 0.000222222222222222 0.00292907678325126 0.0109512068767837 0 0.00308003029537996 5.0588086505628E-05 0.000246913580246914 0.315380392156863 0.209403921568627 0.183529411764706 0.200964705882353 0.214274509803922 0.144454901960784 0.193050980392157 0.178580392156863 0.187505882352941 0.366740740740741 0.487958178411225 0.432793264162285 0.499573599078532 0.527905914238716 0 0 0 0 0.194203921568627 0.0383294117647058 0 0.148227450980392 0.0868 0.315380392156863 0.209403921568627 0.183529411764706 0.200964705882353 0.0200705882352942 0.106125490196078 0.193050980392157 0.0303529411764706 0.100705882352941 0.1 0.0886419753086419 0.947012345679012 0.5625 0.379259259259259 0.3375 0 0 0 0 0.197333333333334 0.1152 0 0.0584 0.238933333333333 0 0 0 0 0.204541176470588 0.140996078431373 0 0.176164705882353 0.169482352941177
#NONE#
(Leaf326.txt) (listLeaf326ED.txt) (#NONE#)
(Neighbor1Leaf326.txt) (Neighbor2Leaf326.txt) (Neighbor3Leaf326.txt) (Neighbor4Leaf326.txt)
(#NONE#)
(#NONE#) (Node19.txt)
0.250034520912871 9.88499993388462E-05 2.80516974082101E-05 0.342790803796452 0.036851791041272 0 0.0321055161385749 0.0287184728915882 0.00207573560045668 0.0994360170817682 0.0698805184487975 0.000461461972985712 0.00423971817633423 0.0317095222481783 0.0302032322538286 0.0274475314953875 0.00799934194835797 0.00224920948219714 0.0066705913032729 0.00186465479395878 0.0177387879107575 8.38528727027593E-05 0.000283314108870162 0.000478704744860985 0.00654979907978045 0.177522388059701 0.202382206613989 0.16260872110038 0.180249926836406 0.239080479953175 0.148941176470588 0.150258121158911 0.177291776412057 0.199578577699737 0.196756955960936 0.496453612196074 0.530925959363907 0.495544928763171 0.486915837509265 0 0 0 0 0.0796657887035411 0.0234170324846356 0 0.0404266900790167 0.0297910447761194 0.177522388059701 0.202382206613989 0.16260872110038 0.180249926836406 0.159414691249634 0.125524143985953 0.150258121158911 0.136865086333041 0.169787532923617 0.0615671641791045 0.0589644370738898 0.906012529942878 0.53544776119403 0.350252441496223 0.262126865671642 0 0 0 0 0.24635177055897 0.098558384547849 0 0.0921158911325724 0.19358443078724 0 0 0 0 0.23240035118525 0.154517998244074 0 0.183380743342113 0.196099502487562
#NONE#
