63
0
True False
0.123861505889795 0 0 0.170919531638425 0.0361350733213202 0 0.0630569304631131 0.000123456790123457 0 0.0479744162509522 0.317532718390408 0 0 0.0156228370247736 0.155776784832115 0 0.000395110513493653 2.47096614776378E-05 0.011266631708425 0 0.0454483040177386 0 0 0 0.0118619894978394 0.206909803921569 0.34041568627451 0.171325490196078 0.415866666666667 0.204227450980392 0.515098039215686 0.373733333333333 0.461835294117647 0.294776470588235 0.537851851851852 0.517356253159823 0.507112546532223 0.470562467470687 0.530671201831086 0 0 0 0 0.078964705882353 0.515098039215686 0 0.461835294117647 0.217741176470588 0.206909803921569 0.34041568627451 0.171325490196078 0.415866666666667 0.125262745098039 0 0.373733333333333 0 0.077035294117647 0.075 0.0843950617283951 0.897851851851852 0.5625 0.365851851851852 0.275 0 0 0 0 0.0898588235294118 0.789560784313726 0 0.32481568627451 0 0 0 0 0 0.226564705882353 0.462956862745098 0 0.451905882352941 0.360062745098039
#NONE#
(Leaf306.txt) (listLeaf306ED.txt) (#NONE#)
(Neighbor1Leaf306.txt) (Neighbor2Leaf306.txt) (Neighbor3Leaf306.txt) (Neighbor4Leaf306.txt)
(#NONE#)
(#NONE#) (Node15.txt)
0.0947809846000204 0 8.43215406573789E-05 0.244032829061486 0.0316511272049871 0 0.0295423237828074 0.0342570625419235 0.00483736458983958 0.0775503359896344 0.210094022314648 3.35259193701797E-05 0.0103721031189715 0.0666211743431727 0.095970345197449 0.0146749670097818 0.0198340672974648 0.00468882792534377 0.0117670057108478 0.00738888457731293 0.0328945226771976 0.000153114894764902 0.000326814962116628 0.000218575438465395 0.00822569930173718 0.189078120136944 0.266318082788671 0.287578586990352 0.298130718954248 0.240466230936819 0.499154684095861 0.344934951758481 0.424601929660753 0.294037348272642 0.510497746423672 0.519450329171042 0.511250208208105 0.46900785061404 0.479088151730789 0 0 0 0 0.133909741674448 0.453038281979459 0 0.400085901027077 0.225146591970121 0.189078120136944 0.266318082788671 0.287578586990352 0.298130718954248 0.106556489262372 0.0461164021164021 0.344934951758481 0.0245160286336757 0.068890756302521 0.0724206349206349 0.0845502645502646 0.921309033901626 0.546626984126984 0.384221046443269 0.300595238095238 0 0 0 0 0.144054154995331 0.760346093993153 0 0.335269841269841 0.0986567071272954 0 0 0 0 0.253096171802054 0.441564270152505 0 0.421031434796141 0.322067226890756
#NONE#
