82
0
True False
0.00759139630523804 0 0 0.0306441331989184 7.88041524355174E-05 0 0.00104025399108673 0.00256109960229811 0 0.0267035292471582 0.0332762125175863 0 0 0.0225086984215202 0.0280487260796449 2.6267402153927E-06 0.000451799317047544 0.000239033359600736 0.0965650005661162 4.20278434462832E-05 0.0860320924150711 0 0 0 0.664214566242616 0.892396328744264 0.889542761785566 0.887122236128494 0.899660408844389 0.849282436378807 0.88344931163955 0.900178556528995 0.537812265331665 0.843607843137255 0.855074862096139 0.490516145089568 0.497546651164111 0.513178904400411 0.476323329536861 0 0 0 0 0.849282436378807 0.88344931163955 0 0.469460158531498 0.837922403003755 0.892396328744264 0.889542761785566 0.887122236128494 0.899660408844389 0 0 0.900178556528995 0.0683521068001669 0.00568544013350021 0.0319148936170213 0.0668400315208826 0.539808247964276 0.377659574468085 0.189936958234831 0.188829787234043 0 0 0 0 0.865731330830204 0.9042920317063 0 0.508859407592824 0.83376637463496 0 0 0 0 0.819356695869838 0.861084689194827 0 0.53788986232791 0.826480600750939
#NONE#
(Leaf52.txt) (listLeaf52ED.txt) (#NONE#)
(Neighbor1Leaf52.txt) (Neighbor2Leaf52.txt) (Neighbor3Leaf52.txt) (Neighbor4Leaf52.txt)
(#NONE#)
(#NONE#) (Node26.txt)
0.021018583221537 0 0 0.0270299043459124 9.64890738757129E-05 0 0.000956625278477387 0.00166071604175949 0 0.0226913711568745 0.0327778508924735 0 0 0.0200482808692949 0.0740818513155815 0.0013752371144468 0.00155405202571546 0.00294554157608981 0.135283118176507 0.00359413901361099 0.103750363347767 0.000612773749962468 3.01114122252334E-06 0.00104361737693567 0.549476474281956 0.832341463414634 0.843327116212339 0.834290291726447 0.869454328072692 0.848145384983262 0.866492587278814 0.86481587757054 0.582854136776662 0.841133907221425 0.849114724480578 0.492327811298436 0.492599459718636 0.505232451998935 0.496084636349626 0 0 0 0 0.848145384983262 0.866492587278814 0 0.539267336202774 0.837875179340029 0.832341463414634 0.843327116212339 0.834290291726447 0.869454328072692 0 0 0.86481587757054 0.0435868005738881 0.00325872788139646 0.0304878048780488 0.0671318879855465 0.579732008431195 0.386432926829268 0.193514001806685 0.189024390243902 0 0 0 0 0.872563845050215 0.888671927307508 0 0.54079387852702 0.853654232424677 0 0 0 0 0.82141893830703 0.843147297943568 0 0.579508369201339 0.815663318986131
#NONE#
