72
0
True False
0.27383290523999 0 0 0.113053039538146 0.0515532651001874 0 0.013404245943713 0.000126135216952573 0 0.170404206963316 0.0218521480197575 0 0.00625270289750613 0.121196698558327 0.00166010403268574 0.0586061333703277 0.0149542552885569 0.00469722203241238 0.00529426034361328 0.0300451357000507 0.0950296990576702 0 0.00257777659729956 0.00240057067238937 0.0130594954270992 0.0564593837535014 0.118683473389356 0.0913781512605041 0.158700280112045 0.175641456582633 0.241288515406162 0.136644257703081 0.628207282913165 0.272980392156863 0.374356261022928 0.539017327751842 0.533635745688202 0.467549758788538 0.444481049253592 0 0 0 0 0.068733893557423 0.229607843137255 0 0.628207282913165 0.210380952380952 0.0564593837535014 0.118683473389356 0.0913781512605041 0.158700280112045 0.10690756302521 0.0116806722689076 0.136644257703081 0 0.0625994397759104 0.0982142857142857 0.0574955908289242 0.811111111111111 0.517857142857143 0.293756613756614 0.196428571428571 0 0 0 0 0.0818655462184874 0.197848739495798 0 0.740257703081232 0.299663865546219 0 0 0 0 0.188901960784314 0.238672268907563 0 0.598829131652661 0.261310924369748
#NONE#
(Leaf290.txt) (listLeaf290ED.txt) (#NONE#)
(Neighbor1Leaf290.txt) (Neighbor2Leaf290.txt) (Neighbor3Leaf290.txt) (Neighbor4Leaf290.txt)
(#NONE#)
(#NONE#) (Node15.txt)
0.289443069470485 0 0 0.224518326799355 0.0243132541384589 0 0.0183933359261341 0.0211223251174227 0.000445028087838331 0.0933311224180386 0.105632222955054 4.51832471175175E-05 0.00089621045674157 0.0587524059918952 0.0612725277699757 0.0130258134870148 0.00600933861075044 0.00306661307904376 0.0118680341931526 0.00694512202399378 0.0443184365243592 0.00068703965210188 0.000516035729985279 0.00146274188819341 0.0139358124328883 0.0855370370370371 0.11188779956427 0.143080610021786 0.151506535947712 0.221214596949891 0.316813725490196 0.152476579520697 0.674024509803921 0.285312636165577 0.317748628257887 0.536757064691143 0.520353154539607 0.47434074610118 0.475956222989579 0 0 0 0 0.112230392156863 0.228355664488017 0 0.663950435729847 0.184593137254902 0.0855370370370371 0.11188779956427 0.143080610021786 0.151506535947712 0.108984204793028 0.0884580610021786 0.152476579520697 0.0100740740740741 0.100719498910675 0.0763888888888889 0.0649108367626886 0.843554526748971 0.541666666666667 0.334525034293553 0.296006944444444 0 0 0 0 0.0922750544662309 0.317511982570806 0 0.922859477124183 0.28487962962963 0 0 0 0 0.235143790849673 0.314702614379085 0 0.599959694989107 0.279777777777778
#NONE#
