46
0
True False
0.157157873600984 0 0 0.104847263013936 0.0194481469713485 0 0.0118707303505032 0.000835794129807549 0 0.112030035059672 0.0776017472870916 0 0.011897697446362 0.234535632038675 0.0797499263387132 0.00346958919095995 0.00881478557940974 0.0186592133140441 0.012511586622629 0.00294083367927741 0.133516424642622 0 0 0.00159921662113012 0.00851350411283575 0.381304812834225 0.348270944741533 0.585155080213904 0.270773618538324 0.185087344028521 0.307201426024955 0.297133689839572 0.427080213903743 0.671251336898396 0.533187429854097 0.490400415318402 0.567115106202166 0.495461173174431 0.406420792614253 0 0 0 0 0.048680926916221 0.23167201426025 0 0.364923351158645 0.671251336898396 0.381304812834225 0.348270944741533 0.585155080213904 0.270773618538324 0.1364064171123 0.0755294117647058 0.297133689839572 0.062156862745098 0 0.0340909090909091 0.0789001122334456 0.882008978675645 0.551136363636364 0.342098765432099 0.289772727272727 0 0 0 0 0.214174688057041 0.235664884135472 0 0.44972192513369 0.803176470588235 0 0 0 0 0.172852049910873 0.301686274509804 0 0.429893048128342 0.62245632798574
#NONE#
(Leaf271.txt) (listLeaf271ED.txt) (#NONE#)
(Neighbor1Leaf271.txt) (Neighbor2Leaf271.txt) (Neighbor3Leaf271.txt) (Neighbor4Leaf271.txt)
(#NONE#)
(#NONE#) (Node21.txt)
0.083601074301622 0.000135781166020763 0 0.120304114730837 0.0214520908223836 0 0.0278438677780915 0.00772379847066938 0.00671389437659199 0.0704102869693824 0.219361057294451 2.73965096846661E-06 0.00285049424416426 0.11351320291901 0.13886439894098 0.00498942202925017 0.0129802602375481 0.011926136234843 0.0221082050039061 0.0111360152739333 0.100902393176176 9.42543674421711E-05 0.000341776701790122 0.00342734786693012 0.0193173874430095 0.266219096334186 0.452986359761296 0.591630008525149 0.227713554987212 0.256591645353794 0.368776641091219 0.288209718670077 0.482830349531117 0.656830349531117 0.616100375738057 0.506708926239198 0.541585075797273 0.478281881934725 0.422441713173563 0 0 0 0 0.149121909633419 0.308667519181586 0 0.464277067348679 0.656830349531117 0.266219096334186 0.452986359761296 0.591630008525149 0.227713554987212 0.107469735720375 0.0601091219096334 0.288209718670077 0.0185532821824382 0 0.0570652173913043 0.0804320987654321 0.911833064949007 0.552989130434783 0.372436929683307 0.313858695652174 0 0 0 0 0.209441602728048 0.228953964194373 0 0.488798806479113 0.799415174765558 0 0 0 0 0.260722932651321 0.383553282182438 0 0.473973572037511 0.610973572037511
#NONE#
