74
0
True False
0.0462431061735457 0 0 0.244824354849776 0.0183954291593181 0 0.0163427098843551 0.0249476215785903 0 0.0582031146865124 0.25538832554485 0 0 0.0965732226553173 0.161310073259704 0 0.00098884847148736 0.00146099720752498 0.0282360212804246 0 0.0394475214539355 0 0 0 0.00763865379465771 0.170849673202614 0.23218954248366 0.602738562091503 0.329790849673203 0.32737908496732 0.756797385620915 0.32397385620915 0.287156862745098 0.254130718954248 0.559855967078189 0.499224243691781 0.59855209266069 0.482868000715417 0.378754534816005 0 0 0 0 0.184228758169935 0.756797385620915 0 0.0686928104575163 0.106738562091503 0.170849673202614 0.23218954248366 0.602738562091503 0.329790849673203 0.143150326797386 0 0.32397385620915 0.218464052287582 0.147392156862745 0.0416666666666667 0.0924485596707819 0.948333333333333 0.552083333333333 0.406481481481481 0.385416666666667 0 0 0 0 0.324307189542484 0.80856862745098 0 0.24997385620915 0.24943137254902 0 0 0 0 0.335150326797386 0.706901960784314 0 0.276725490196079 0.255065359477124
#NONE#
(Leaf163.txt) (listLeaf163ED.txt) (#NONE#)
(Neighbor1Leaf163.txt) (Neighbor2Leaf163.txt) (Neighbor3Leaf163.txt) (Neighbor4Leaf163.txt)
(#NONE#)
(#NONE#) (Node22.txt)
0.11089970450947 9.86387847701716E-05 0 0.188885054030894 0.00535418110157736 0 0.0113248921688105 0.0300011470219403 9.53058240958095E-05 0.107495916835575 0.155957310927691 0.000293214620618616 0.000242704180022262 0.137753612360479 0.108973894324443 0.0146316176865391 0.0107283392418346 0.0117310601666595 0.0238968840269151 0.0073597130342717 0.0509683475152852 8.38564829213038E-05 0.000316418695462814 0.00221344687005275 0.0206947395896703 0.208967143614202 0.36792315845257 0.54493799682035 0.410173820879703 0.3164297827239 0.602978272390037 0.360306306306306 0.215101748807631 0.238520402755697 0.526297964631298 0.47731625673555 0.516364588230914 0.503516726005081 0.474256361185104 0 0 0 0 0.212408055113937 0.580947535771065 0 0.10002808691044 0.0967424483306836 0.208967143614202 0.36792315845257 0.54493799682035 0.410173820879703 0.104021727609963 0.0220307366189719 0.360306306306306 0.115073661897191 0.141777954425013 0.0768581081081081 0.098646980313647 0.938768768768768 0.556587837837838 0.403435101768435 0.319256756756757 0 0 0 0 0.294287758346582 0.888246422893482 0 0.111428722840488 0.174571807101219 0 0 0 0 0.317653948065713 0.536355590885003 0 0.231879703232644 0.24049920508744
#NONE#
