94
0
True False
0.658510810017597 0 0 0.0595257427798874 0.0501809600499168 0 0.0293151160312623 3.24886289798571E-05 0.00981802442270921 0.00389089201431995 0.0917309730127332 0 1.97220505673376E-05 0.000566551318589132 0.0638057849655823 0.000796124217185659 0.00180083130270184 0.000118052139695032 0.0176536254540735 0.00114892910509713 0.00426019008953623 0 0.000591661517020132 1.31169044105591E-05 0.00622040397813539 0.0363983488132095 0.0461857585139319 0.101642930856553 0.0294406604747162 0.100109391124871 0.241067079463364 0.0265263157894737 0.107438596491228 0.551453044375645 0.182982456140351 0.500788269929498 0.693604649610278 0.491882338281302 0.440622066500414 0 0 0 0 0.0192590299277606 0.177948400412797 0 0 0.478934984520124 0.0363983488132095 0.0461857585139319 0.101642930856553 0.0294406604747162 0.0808503611971104 0.0631186790505676 0.0265263157894737 0.107438596491228 0.0725180598555211 0.0690789473684211 0.0433918128654971 0.600149447693308 0.434210526315789 0.203697205977908 0.171052631578947 0 0 0 0 0.0667636738906089 0.120937048503612 0 0.0798617131062951 0.734963880288958 0 0 0 0 0.0921093911248711 0.252804953560372 0 0.109717234262126 0.497971104231166
#NONE#
(Leaf230.txt) (listLeaf230ED.txt) (#NONE#)
(Neighbor1Leaf230.txt) (Neighbor2Leaf230.txt) (Neighbor3Leaf230.txt) (Neighbor4Leaf230.txt)
(#NONE#)
(#NONE#) (Node15.txt)
0.361334270705476 0 0 0.209020602659899 0.0239385587619255 0 0.0209703232871882 0.0256375780178764 0.00203224734932204 0.071261803896812 0.0930215075924766 0.000227848982382294 5.29974203088162E-06 0.0577720842839247 0.0588677488345704 0.0024004013015118 0.00408199427146465 0.00605137586704175 0.0128880605948919 0.00396700099253252 0.0346990623484654 0.000212983010928194 0.000123591156048441 0.00159034885931045 0.00989530748392125 0.0804735085523571 0.127831873174802 0.158044221944097 0.114886107634543 0.148858156028369 0.230513141426784 0.142590738423029 0.286693783896537 0.59419774718398 0.286864985552929 0.533861960346 0.597275340553921 0.471494519835232 0.452151591854801 0 0 0 0 0.0484776804338757 0.123044639132249 0 0.172599082186066 0.570140592407176 0.0804735085523571 0.127831873174802 0.158044221944097 0.114886107634543 0.100380475594493 0.107468502294535 0.142590738423029 0.114094701710471 0.0240571547768043 0.0724734042553191 0.062846073023378 0.817780404517993 0.519946808510638 0.316380351983189 0.271941489361702 0 0 0 0 0.101147684605757 0.121738005840634 0 0.313450980392157 0.77542010846892 0 0 0 0 0.152360450563204 0.245561118064247 0 0.273782227784731 0.540756362119316
#NONE#
