56
0
True False
0.0658773403177303 0 0 0.374583623338624 0 0 0 0.0321378769891294 0 0.0973239397499653 0.120253231025779 0 0 0.131212524736882 0.119400739837581 0 0.00108674002394406 0.00167901234567901 0.00928954504620236 4.93827160493828E-05 0.0436476306764151 0 0 0 0.00345841319601832 0.181623529411765 0.273247058823529 0.366501960784314 0.197537254901961 0.276298039215686 0.43844705882353 0.191560784313726 0.295019607843137 0.555207843137255 0.412617283950617 0.515731188084834 0.631219394866786 0.472488287570846 0.391482727888223 0 0 0 0 0.077364705882353 0.290062745098039 0 0.149521568627451 0.555207843137255 0.181623529411765 0.273247058823529 0.366501960784314 0.197537254901961 0.198933333333333 0.14838431372549 0.191560784313726 0.145498039215686 0 0.0875 0.0777777777777778 0.951703703703704 0.5625 0.413654320987654 0.3625 0 0 0 0 0.417701960784314 0.870988235294118 0 0.258760784313726 0.807027450980392 0 0 0 0 0.251992156862745 0.379066666666667 0 0.286721568627451 0.504596078431372
#NONE#
(Leaf241.txt) (listLeaf241ED.txt) (#NONE#)
(Neighbor1Leaf241.txt) (Neighbor2Leaf241.txt) (Neighbor3Leaf241.txt) (Neighbor4Leaf241.txt)
(#NONE#)
(#NONE#) (Node21.txt)
0.120454018535735 0.00153086617252351 1.76541204717181E-05 0.273942097673219 0.024535104678889 0.000124424536518601 0.0326011569461268 0.046052843756753 0.0183740843238661 0.0845948469487885 0.147174745101375 0.000170104426231236 0.000899856023036314 0.0868274146266321 0.0692313674422512 0.00497160659001798 0.00190848485626068 0.013127605012608 0.0139154379440464 0.00254638817581031 0.038125752102011 0.00083695524192494 0.000221970450425174 0.00152116391906343 0.0162940503954154 0.208455182072829 0.260176470588235 0.346039915966387 0.292608543417367 0.362214985994398 0.462059523809524 0.246461484593837 0.230918067226891 0.612200280112045 0.41125 0.501812020629524 0.54096730832455 0.482533419531724 0.464446162670692 0 0 0 0 0.164028711484594 0.269322829131653 0 0.102437675070028 0.612200280112045 0.208455182072829 0.260176470588235 0.346039915966387 0.292608543417367 0.198186274509804 0.192736694677871 0.246461484593837 0.128480392156863 0 0.0691964285714286 0.0849559082892416 0.92327380952381 0.549107142857143 0.384426807760141 0.316964285714286 0 0 0 0 0.536327030812325 0.814175770308123 0 0.14881162464986 0.847371148459383 0 0 0 0 0.328233893557423 0.398443277310924 0 0.240319327731092 0.548179971988796
#NONE#
