18
0
True False
0.206536942640851 0 0 0.176288365112476 0.0315283123267816 0 0.0264011100664963 0.019678156613881 0.0302917903066271 0.0355464886251236 0.225873008294895 0 0 0.0236773584628493 0.153361843973715 0 0 0 0.0214024443987425 0 0.0292412790982362 0 0 0 0.0201729000793254 0.265392156862746 0.383450980392157 0.260686274509804 0.479823529411765 0.587392156862745 0.575294117647059 0.218725490196079 0.779392156862745 0.368039215686275 0.469876543209876 0.418672244336331 0.376918712221731 0.561884079022591 0.598809811395212 0 0 0 0 0.587392156862745 0.575294117647059 0 0.779392156862745 0.219176470588236 0.265392156862746 0.383450980392157 0.260686274509804 0.479823529411765 0 0 0.218725490196079 0 0.148862745098039 0.0625 0.0808641975308642 0.919197530864198 0.5625 0.379691358024691 0.375 0 0 0 0 0.0554901960784315 0.909392156862745 0 0.679803921568628 0.614686274509804 0 0 0 0 0.628490196078431 0.483941176470588 0 0.770392156862745 0.329039215686274
#NONE#
(Leaf263.txt) (listLeaf263ED.txt) (#NONE#)
(Neighbor1Leaf263.txt) (Neighbor2Leaf263.txt) (Neighbor3Leaf263.txt) (Neighbor4Leaf263.txt)
(#NONE#)
(#NONE#) (Node27.txt)
0.0741784664832572 6.85955742135517E-06 0 0.156224895869959 0.0177357681144708 0 0.021315751474837 0.051762902720483 0.00364699633278968 0.0328521427274662 0.322034507858651 0.0001032743061232 0 0.0650040864191862 0.161948709905734 0.00131960994848663 0.00236243745094481 0.00769628068262915 0.0211922954109934 0.00361947566430203 0.037579072883533 0.000686783170624169 6.86549129455706E-06 0.00131130120422498 0.0174115163225886 0.404328976034859 0.473581699346405 0.337013071895425 0.525150326797385 0.545834422657952 0.612337690631808 0.376209150326797 0.655481481481481 0.329298474945534 0.617750342935528 0.464702155513411 0.413064453466401 0.538757187428224 0.604695098425693 0 0 0 0 0.545834422657952 0.588355119825708 0 0.655481481481481 0.145394335511983 0.404328976034859 0.473581699346405 0.337013071895425 0.525150326797385 0 0.0239825708061002 0.376209150326797 0 0.183904139433551 0.0729166666666667 0.0811042524005487 0.904698216735254 0.545138888888889 0.371481481481481 0.291666666666667 0 0 0 0 0.434385620915033 0.884361655773421 0 0.740058823529412 0.351701525054466 0 0 0 0 0.539422657952069 0.545248366013072 0 0.613769063180828 0.326562091503268
#NONE#
