80
0
True False
0.315898543341235 0 0 0.146908853438206 0 0 0.000926158689906312 0.0120312434003749 0 0.0385465322222591 0.0210429987485548 0 0.00338148485043383 0.0634999101291848 0.05140202214284 0.00912904312565273 0.0748486482586178 0.116977236181687 0.0028774241134824 0.00574848572441209 0.101928693990096 0.00135863382358825 2.46913580246914E-05 0.0138392278618652 0.0196301685995788 0.164262745098039 0.112364705882353 0.176580392156863 0.139588235294118 0.661070588235294 0.632309803921568 0.155509803921569 0.568588235294118 0.620227450980392 0.483246913580247 0.485002922313325 0.478549672404209 0.489192143777299 0.485757869451972 0 0 0 0 0.661070588235294 0.632309803921568 0 0.568588235294118 0.620227450980392 0.164262745098039 0.112364705882353 0.176580392156863 0.139588235294118 0 0 0.155509803921569 0 0 0.05 0.0522716049382716 0.844456790123457 0.54375 0.315938271604938 0.2125 0 0 0 0 0.805780392156863 0.7332 0 0.337356862745098 0.696819607843137 0 0 0 0 0.624294117647059 0.606309803921569 0 0.577125490196078 0.597682352941176
#NONE#
(Leaf149.txt) (listLeaf149ED.txt) (#NONE#)
(Neighbor1Leaf149.txt) (Neighbor2Leaf149.txt) (Neighbor3Leaf149.txt) (Neighbor4Leaf149.txt)
(#NONE#)
(#NONE#) (Node9.txt)
0.208710922646734 0 0.000719503059058559 0.125597581200462 0.0289681389399764 0 0.0252914656742018 0.0167645263015063 0.00483979005807101 0.0436902640615522 0.147176373094556 4.0298602251758E-05 0.000637311353200538 0.0469114280319244 0.159464007144948 0.00548117962867875 0.0135570946373431 0.0193749742850503 0.0277686024534868 0.00126963985454216 0.0754892938583162 0.000182234739646846 4.63443606750986E-05 0.00345261178428745 0.0445664142295306 0.112719117647059 0.190882843137255 0.269730392156863 0.169378921568627 0.681314215686274 0.714093137254902 0.152128431372549 0.536304411764706 0.684280392156863 0.537061728395062 0.496215133930878 0.532916343373551 0.489501208326794 0.43652829467108 0 0 0 0 0.67645 0.708203431372549 0 0.505276470588235 0.684280392156863 0.112719117647059 0.190882843137255 0.269730392156863 0.169378921568627 0.00486421568627451 0.00588970588235294 0.152128431372549 0.0310279411764706 0 0.0671875 0.0668842592592593 0.859452160493827 0.53671875 0.333493827160494 0.28359375 0 0 0 0 0.886504411764706 0.799595588235294 0 0.527095098039216 0.794611274509804 0 0 0 0 0.626069117647059 0.675483823529412 0 0.523215196078432 0.644783823529412
#NONE#
