99
0
True False
0.130237819320861 0 0 0.032103080539969 0 0 0.000411712411754977 0 0 0.0112401533926953 0.0363559343127971 0 0 0.0156316513280763 0.0823897676613742 0.000452786696303614 0.00249788914459975 0.00021961771788818 0.179988931073025 0.000480241872373048 0.0394453137627124 0 0 6.8620992534036E-05 0.468476479773037 0.781886710239651 0.835742919389978 0.820858387799564 0.814915032679739 0.21718082788671 0.804557734204793 0.807416122004357 0.156030501089325 0.124727668845316 0.754334705075446 0.498637407714767 0.478999033982195 0.488675412088741 0.533120831525223 0 0 0 0 0.137721132897603 0.804557734204793 0 0.105564270152505 0.0457516339869281 0.781886710239651 0.835742919389978 0.820858387799564 0.814915032679739 0.0794596949891067 0 0.807416122004357 0.0504662309368191 0.0789760348583878 0.0902777777777778 0.0920164609053498 0.609862825788752 0.409722222222222 0.20437585733882 0.222222222222222 0 0 0 0 0.0307233115468409 0.899132897603486 0 0.0818779956427015 0.0140697167755991 0 0 0 0 0.239816993464052 0.747738562091503 0 0.169254901960784 0.141376906318083
#NONE#
(Leaf194.txt) (listLeaf194ED.txt) (#NONE#)
(Neighbor1Leaf194.txt) (Neighbor2Leaf194.txt) (Neighbor3Leaf194.txt) (Neighbor4Leaf194.txt)
(#NONE#)
(#NONE#) (Node13.txt)
0.101348952898129 0 9.21080483004488E-05 0.15365213489016 0.0114345726699418 0 0.0122111774953294 0.0130892017767494 0.00547877287862002 0.0520292748054707 0.154031983863221 0.000132277913740578 0.000419162639793472 0.0553646206861956 0.173873488562101 0.00775316967973587 0.0070191900740791 0.0121752263164052 0.0583012220116451 0.00356635515091444 0.0760299052280761 0.000156527497968111 1.24904292086189E-06 0.00127069764917974 0.100568728221322 0.655517924341453 0.592926520102991 0.567410972469796 0.706807288571994 0.255639136462666 0.613519112695583 0.700566844919786 0.268337096454743 0.226402852049911 0.59030303030303 0.466771565225694 0.455985316858055 0.521861937522021 0.53607495440298 0 0 0 0 0.142984353337295 0.575294117647059 0 0.142360071301248 0.115849871261636 0.655517924341453 0.592926520102991 0.567410972469796 0.706807288571994 0.112654783125371 0.0382249950485245 0.700566844919786 0.125977025153496 0.110552980788275 0.0776515151515152 0.0949108367626886 0.882174834767427 0.535984848484849 0.363585235066717 0.300505050505051 0 0 0 0 0.114864725688255 0.795886710239651 0 0.177242226183403 0.135282234105764 0 0 0 0 0.280629035452565 0.558267775797188 0 0.282301445830858 0.246012675777382
#NONE#
