86
0
True False
0.0193530130167222 0 0 0.0256908129001285 0.000295345839523694 0 0.00102626855948963 0.00197669813787125 0.000542337204869222 0.0212179328769538 0.156658175181491 1.61729426669182E-05 0 0.0211279228690024 0.675079296393636 0.00440516298718471 0.00520519779684195 0.00145244684665817 0.0119419781520763 0.00593986592616801 0.0339547788670774 0.000217450652500425 0.000104703780482982 0.000861134988675846 0.0129333040799794 0.478138959931799 0.578231031543052 0.605093776641091 0.55414663256607 0.654952259164535 0.581609548167093 0.559933503836317 0.647461210571185 0.664658141517477 0.8602871712292 0.49215395515831 0.489396706424013 0.50886166149189 0.525057097983528 0 0 0 0 0.64529326513214 0.552115089514066 0 0.647461210571185 0.664658141517477 0.478138959931799 0.578231031543052 0.605093776641091 0.55414663256607 0.00965899403239556 0.0294944586530264 0.559933503836317 0 0 0.0285326086956522 0.0666425120772947 0.59898013955985 0.388586956521739 0.189685990338164 0.129076086956522 0 0 0 0 0.858510656436488 0.634449275362319 0 0.673001705029838 0.66361210571185 0 0 0 0 0.585408354646206 0.560133844842285 0 0.628523444160273 0.647116794543904
#NONE#
(Leaf112.txt) (listLeaf112ED.txt) (#NONE#)
(Neighbor1Leaf112.txt) (Neighbor2Leaf112.txt) (Neighbor3Leaf112.txt) (Neighbor4Leaf112.txt)
(#NONE#)
(#NONE#) (Node26.txt)
0.0238155951939574 0 0 0.0259192278099412 0.000179583089224717 0 0.00106100415408181 0.00180731355411062 0.010156247900063 0.0168492668083653 0.170768383804834 8.65064375207255E-06 0 0.0187093464986708 0.671004129307725 0.00278294267069455 0.00359618399995379 0.00133588176525682 0.0130638991212207 0.00358391491570758 0.0253709813026166 0.000116310814128134 5.88777435058831E-05 0.00046635157091424 0.00934590733127553 0.464587323301414 0.575287277701779 0.601412676698586 0.538134062927497 0.649531691746466 0.601859097127223 0.545403100775194 0.645160510715914 0.664667578659371 0.859658340511054 0.492612892288772 0.489108917682889 0.501583137587122 0.522488897567437 0 0 0 0 0.638918832649339 0.578621979024168 0 0.645160510715914 0.664667578659371 0.464587323301414 0.575287277701779 0.601412676698586 0.538134062927497 0.0106128590971272 0.0232371181030552 0.545403100775194 0 0 0.028343023255814 0.0648033304622452 0.617332759115705 0.381540697674419 0.187192075796727 0.140988372093023 0 0 0 0 0.797824441404469 0.646032831737346 0 0.668124487004104 0.677959416324669 0 0 0 0 0.598031919744642 0.580698586411309 0 0.626999088007296 0.643544915640675
#NONE#
