93
0
True False
0.0220022581795732 0 0 0.0266634682675633 8.59360313666513E-05 0 0.000623279402194448 0.0069665067084363 5.37232928080626E-06 0.021523227175341 0.176608735374408 0.000220397681716521 0 0.0226101604949276 0.648256366303478 0.00318553809496033 0.00370240198427089 0.0054430218070775 0.0108228218034082 0.00534095217344283 0.0325909442134777 0.00106945810151273 0 0.000623283914594872 0.0116558699589694 0.4511031543052 0.557294117647059 0.590702472293265 0.543520886615516 0.304416027280477 0.659306052855925 0.551116794543905 0.645017902813299 0.67495652173913 0.858158883521202 0.492117788612649 0.48999298893511 0.509003137237248 0.522179857036105 0 0 0 0 0.297179880647911 0.659306052855925 0 0.645017902813299 0.67495652173913 0.4511031543052 0.557294117647059 0.590702472293265 0.543520886615516 0.00723614663256607 0 0.551116794543905 0 0 0.046195652173913 0.0675469672571122 0.630284487385937 0.418478260869565 0.199194847020934 0.119565217391304 0 0 0 0 0.070150042625746 0.827928388746803 0 0.648518329070759 0.67816368286445 0 0 0 0 0.38168968456948 0.598820119352089 0 0.629055413469736 0.659099744245524
#NONE#
(Leaf97.txt) (listLeaf97ED.txt) (#NONE#)
(Neighbor1Leaf97.txt) (Neighbor2Leaf97.txt) (Neighbor3Leaf97.txt) (Neighbor4Leaf97.txt)
(#NONE#)
(#NONE#) (Node26.txt)
0.031976804526908 0 3.11436630093174E-05 0.0500988402225174 0.00960913401156956 0 0.0119956279499461 0.00359350654547751 0.0137134441990246 0.030000614396502 0.237503422273779 5.45069535427955E-05 3.46780562481242E-05 0.0358500010820338 0.418604058954396 0.00328918734581253 0.00763135092706197 0.00558363471538079 0.0392479335953118 0.00674870191229063 0.0574580645128818 0.000620479727152425 6.63811746732289E-06 0.00136327179055598 0.03498495452113 0.37170440649378 0.549780729496099 0.629600674678474 0.468147164242041 0.390669196710942 0.662753531520135 0.443652118912081 0.656058612692389 0.696052709255745 0.798746847205629 0.496418304513353 0.502346963007198 0.486493985959512 0.475752348279273 0 0 0 0 0.353125448028674 0.658043010752688 0 0.656058612692389 0.696052709255745 0.37170440649378 0.549780729496099 0.629600674678474 0.468147164242041 0.0375437486822686 0.00471052076744676 0.443652118912081 0 0 0.043010752688172 0.0721969998672508 0.804232045665737 0.487903225806452 0.29382583300146 0.225134408602151 0 0 0 0 0.207656757326587 0.712418722327641 0 0.692054395951929 0.733032258064516 0 0 0 0 0.422893105629348 0.630765338393422 0 0.632845878136201 0.664353784524562
#NONE#
