45
0
True False
0.173662321868886 0 0 0.163773710937167 0.0704461917401693 0 0.0588221567874664 0.000123456790123457 0.000123456790123457 0.0392143675588715 0.413180190229623 0 0 0.0238771355063209 0.0428550082382135 0 0.000592592592592592 0.00365432098765432 0.00176390070909573 0.000395061728395062 0.00487187457953078 0 0 0.000320987654320988 0.00232326530144669 0.31836862745098 0.374478431372549 0.2392 0.353576470588235 0.454298039215686 0.112290196078431 0.422243137254902 0.478305882352941 0.142250980392157 0.484839506172839 0.532366995862725 0.340610643509595 0.469051971014212 0.661650747871127 0 0 0 0 0.393498039215686 0.0220235294117648 0 0.478305882352941 0.0478901960784314 0.31836862745098 0.374478431372549 0.2392 0.353576470588235 0.0608 0.0902666666666666 0.422243137254902 0 0.0943607843137255 0.0375 0.0661234567901235 0.816666666666667 0.45 0.283876543209877 0.325 0 0 0 0 0.504478431372549 0.0650196078431372 0 0.441960784313725 0.0183843137254902 0 0 0 0 0.432713725490196 0.143819607843137 0 0.464996078431372 0.166823529411765
#NONE#
(Leaf321.txt) (listLeaf321ED.txt) (#NONE#)
(Neighbor1Leaf321.txt) (Neighbor2Leaf321.txt) (Neighbor3Leaf321.txt) (Neighbor4Leaf321.txt)
(#NONE#)
(#NONE#) (Node24.txt)
0.21425552860497 0 0.000864557763265558 0.180163299966396 0.0219010874962442 0 0.0267204406208671 0.00887935168796586 0.00756118398829723 0.0709356231358084 0.206035233604335 3.0210199772234E-05 0.00103555542036855 0.064258206948912 0.0727174945301228 0.0132380529479201 0.00674931011451717 0.0112530615247703 0.00950993604035662 0.0402786060213334 0.02598423432265 0.00120886486888161 0.0005961351620696 0.00476560609322929 0.0110584189369482 0.302435729847494 0.2556 0.166286710239651 0.452481917211329 0.324465359477124 0.109685403050109 0.509566013071895 0.510334640522876 0.144479302832244 0.428872427983539 0.544367024634102 0.354415184958771 0.459070493672581 0.583677271810369 0 0 0 0 0.176497603485839 0.0248583877995643 0 0.466309368191721 0.0346980392156863 0.302435729847494 0.2556 0.166286710239651 0.452481917211329 0.147967755991285 0.0848270152505447 0.509566013071895 0.0440252723311547 0.109781263616558 0.0486111111111111 0.0713278463648834 0.868183813443073 0.519444444444444 0.327404663923182 0.2625 0 0 0 0 0.395786492374728 0.0494492374727668 0 0.645783877995643 0.0962779956427015 0 0 0 0 0.308632679738562 0.118596949891067 0 0.480264923747277 0.150025272331155
#NONE#
