82
0
True False
0.153225256750961 0 0 0.0363826199564321 5.30482686695997E-05 0 0.0363887826842907 0 0 0.219995881843554 0.31517756237444 0 0 0.148642330863942 0.0492294446698106 0 0.0147540124377429 0.000603048219370687 0.000705467372134039 0.000652557319223986 0.0236079766574172 0 0 0.000158730158730159 0.000423280423280423 0.318817927170868 0.379742296918767 0.290767507002801 0.35853781512605 0.417781512605042 0.200464985994398 0.358711484593838 0.433764705882353 0.192974789915966 0.662081128747795 0.494020462019293 0.419010946095302 0.497841133801058 0.618968922194958 0 0 0 0 0.375182072829132 0.150151260504202 0 0.433764705882353 0.160201680672269 0.318817927170868 0.379742296918767 0.290767507002801 0.35853781512605 0.0425994397759104 0.0503137254901961 0.358711484593838 0 0.0327731092436975 0.0535714285714286 0.068289241622575 0.873985890652557 0.553571428571429 0.307654320987654 0.205357142857143 0 0 0 0 0.469142857142857 0.11556862745098 0 0.35684593837535 0.0650812324929972 0 0 0 0 0.396599439775911 0.232352941176471 0 0.432577030812325 0.204913165266107
#NONE#
(Leaf302.txt) (listLeaf302ED.txt) (#NONE#)
(Neighbor1Leaf302.txt) (Neighbor2Leaf302.txt) (Neighbor3Leaf302.txt) (Neighbor4Leaf302.txt)
(#NONE#)
(#NONE#) (Node24.txt)
0.0980212975497005 0 0 0.193333143664439 0.0107563204841614 0 0.0550201082522927 0.0370085361304842 0.00252793802313431 0.0780793740346298 0.298510885599287 0.000106993254631785 0.000518259931492764 0.0852787037283572 0.0651334293852132 0.00801536279165985 0.00908806017555777 0.00389794251173942 0.0075642460355109 0.0103207849309385 0.0258133045737697 0.000146916782309222 0.00116580371184645 0.00202709305077796 0.00766549539806663 0.261565279770445 0.390717360114778 0.290853180296509 0.326156384505022 0.416026781444285 0.183407460545194 0.32151649928264 0.43068675274988 0.272494021999043 0.558894911171334 0.492613634258038 0.430614828356865 0.491515899344505 0.550383754314347 0 0 0 0 0.396033955045433 0.0587221425155428 0 0.43068675274988 0.162505021520803 0.261565279770445 0.390717360114778 0.290853180296509 0.326156384505022 0.0199928263988522 0.124685318029651 0.32151649928264 0 0.10998900047824 0.0777439024390244 0.0804727491719362 0.879969888587775 0.536585365853659 0.333700692562481 0.25 0 0 0 0 0.335292204686753 0.104076996652319 0 0.298642754662841 0.228414155906265 0 0 0 0 0.417126733620277 0.20212912482066 0 0.436479674796748 0.270183165949306
#NONE#
