98
0
True False
0.19401319295206 0 0 0.298304569398252 0.00123856446783661 0 0.0221371782852485 0.0221741540454553 0 0.0324564856901059 0.253326288722803 0 0 0.0369938914308521 0.102011888015695 0.000139744825947819 0.00106085328029301 0.00714508439403326 0.00868880685288651 0.00571822601186922 0.00946429927196217 0.0012939103622949 0 0.00110371405322306 0.0027291479391813 0.40482788671024 0.367407407407408 0.127416122004357 0.610165577342048 0.254745098039216 0.200897603485839 0.453947712418301 0.179076252723311 0.142631808278867 0.378641975308642 0.471416466751078 0.359475391086629 0.505361315475613 0.592652331106693 0 0 0 0 0.0401525054466231 0.0504444444444444 0 0 0.0540392156862746 0.40482788671024 0.367407407407408 0.127416122004357 0.610165577342048 0.214592592592593 0.150453159041394 0.453947712418301 0.179076252723311 0.0885925925925924 0.0625 0.0789437585733881 0.915432098765432 0.5625 0.381289437585734 0.340277777777778 0 0 0 0 0.404135076252723 0.25800871459695 0 0.165734204793028 0.0368714596949891 0 0 0 0 0.243459694989107 0.19235294117647 0 0.170657952069717 0.152958605664488
#NONE#
(Leaf204.txt) (listLeaf204ED.txt) (#NONE#)
(Neighbor1Leaf204.txt) (Neighbor2Leaf204.txt) (Neighbor3Leaf204.txt) (Neighbor4Leaf204.txt)
(#NONE#)
(#NONE#) (Node23.txt)
0.195474597893931 1.27662725292795E-06 7.72548767140925E-06 0.205267859342565 0.0200738307125323 0 0.0366935816377768 0.0102885600730192 0.00223291105428402 0.0729963424311027 0.20929010628218 1.90020142135066E-05 0.000173127527720567 0.0465436598896794 0.112857829271581 0.0081814415325402 0.00520835434549793 0.00516285959315785 0.0125464723670696 0.0115775240998895 0.0239257682489581 0.00244871082716057 0.000981594750267279 0.00226679027337071 0.0157800737165783 0.501307723089236 0.351163665466186 0.156068427370948 0.572793917567027 0.304885154061625 0.213715086034414 0.53081912765106 0.208370948379352 0.140735094037615 0.391229528848576 0.485087819635228 0.377320005823337 0.496563338195905 0.567412216713728 0 0 0 0 0.173362945178071 0.059092837134854 0 0.0813197278911565 0.0311760704281713 0.501307723089236 0.351163665466186 0.156068427370948 0.572793917567027 0.131522208883553 0.15462224889956 0.53081912765106 0.127051220488195 0.109559023609444 0.0682397959183673 0.0806853111615017 0.904051398337113 0.540816326530612 0.355760896951373 0.275510204081633 0 0 0 0 0.296604641856743 0.254589035614246 0 0.112232893157263 0.0894461784713886 0 0 0 0 0.305264905962385 0.206140056022409 0 0.222563025210084 0.148055222088836
#NONE#
