61
0
True False
0.0834816122923217 0 0 0.129633056755989 0.0253844448407284 0 0.026653040661769 0.00128443572283902 0.00342019709390113 0.0611236597589288 0.26377271343415 0 2.46974561620154E-05 0.0465895541909779 0.212198466035724 0.00101767280682586 0.0133283415492733 0.00696468263768831 0.033306111568063 0.00279835431807659 0.0733144334384423 2.46974561620154E-05 2.47432883830262E-05 0.000222277105458138 0.0154328075881369 0.389890196078431 0.311850980392157 0.383309803921569 0.442274509803921 0.647913725490196 0.388345098039216 0.452070588235294 0.300274509803922 0.712007843137255 0.609111111111111 0.51251651152709 0.456280794950728 0.467510035066918 0.555243169975081 0 0 0 0 0.647913725490196 0.270133333333333 0 0.113129411764706 0.712007843137255 0.389890196078431 0.311850980392157 0.383309803921569 0.442274509803921 0 0.118211764705882 0.452070588235294 0.187145098039216 0 0.0625 0.110296296296296 0.945382716049383 0.55 0.443037037037037 0.4125 0 0 0 0 0.671498039215686 0.490117647058823 0 0.484807843137255 0.953937254901961 0 0 0 0 0.626305882352941 0.367717647058824 0 0.268392156862745 0.637592156862745
#NONE#
(Leaf308.txt) (listLeaf308ED.txt) (#NONE#)
(Neighbor1Leaf308.txt) (Neighbor2Leaf308.txt) (Neighbor3Leaf308.txt) (Neighbor4Leaf308.txt)
(#NONE#)
(#NONE#) (Node28.txt)
0.0778772449383358 0 2.4945639294371E-05 0.164151610059191 0.00286311842615497 0 0.00714927821304062 0.0435664500470547 0.00337865892127889 0.0743615245703549 0.240678224277761 0.000644063657283973 2.02438165262421E-06 0.0930301217089102 0.158154510910604 0.00258892688662972 0.00835717857574272 0.0110164275468795 0.0236209615726955 0.00496825333230824 0.0625435993537506 0.000836198962547948 0.00157921620845241 0.000484510500211811 0.0181229513098637 0.385800707168113 0.401833494053359 0.387621986499518 0.509494696239151 0.655866280938605 0.342182577949212 0.515082610093218 0.278916104146577 0.581751205400193 0.639874519328071 0.485289940564784 0.469139326711764 0.50236632768912 0.536680563415971 0 0 0 0 0.655866280938605 0.256124718739955 0 0.15844037287046 0.566921890067502 0.385800707168113 0.401833494053359 0.387621986499518 0.509494696239151 0 0.0860578592092575 0.515082610093218 0.120475731276117 0.0148293153326905 0.069672131147541 0.0984739931188018 0.926150576806315 0.549180327868853 0.399303784658976 0.316598360655738 0 0 0 0 0.872426229508197 0.308430729668917 0 0.206084860173578 0.822662809386049 0 0 0 0 0.596502089360334 0.342639022822243 0 0.293408550305368 0.516937319189971
#NONE#
