46
0
True False
0.0718100809910973 0 0 0.0891328071116863 0 0 0.00207508661494169 0.000864203629001521 0 0.0892229532514985 0.183229650491647 4.93827160493828E-05 0 0.208862948193057 0.161076957709671 0 0.00407585513390311 0.00474137494702243 0.0414091881418419 0.0112108888340057 0.0991744238588922 0 0 0.0105689257216383 0.0224952726540469 0.322172549019608 0.579349019607843 0.557443137254902 0.492839215686274 0.713317647058823 0.342901960784314 0.384627450980392 0.432486274509804 0.583458823529412 0.657555555555556 0.467702071472611 0.485107545231116 0.563194963422292 0.507603017827792 0 0 0 0 0.713317647058823 0.333341176470588 0 0.432486274509804 0.583458823529412 0.322172549019608 0.579349019607843 0.557443137254902 0.492839215686274 0 0.0095607843137255 0.384627450980392 0 0 0.1625 0.0954074074074074 0.935333333333333 0.55 0.400567901234568 0.375 0 0 0 0 0.719286274509804 0.268752941176471 0 0.246917647058824 0.613576470588235 0 0 0 0 0.657866666666666 0.397325490196078 0 0.433905882352941 0.566180392156863
#NONE#
(Leaf307.txt) (listLeaf307ED.txt) (#NONE#)
(Neighbor1Leaf307.txt) (Neighbor2Leaf307.txt) (Neighbor3Leaf307.txt) (Neighbor4Leaf307.txt)
(#NONE#)
(#NONE#) (Node28.txt)
0.0747462136225528 0 0 0.132209014253912 0.023639365121484 0 0.0278591935615915 0.0188104767244149 0.0157279127997965 0.0632355334513575 0.221507808303729 0.000217729492144852 0.000832166854999482 0.0862341112798817 0.148339442272152 0.00459444020965367 0.0216205111315311 0.0144420876997282 0.0249081273147439 0.00710406882642392 0.089158980893967 7.25709160882342E-05 9.93645983049638E-05 0.00265763234632566 0.0219832483252175 0.291193520886616 0.5465515771526 0.536980392156863 0.348791133844842 0.693108269394714 0.338970161977835 0.341808184143222 0.355039215686275 0.634525149190111 0.621996779388084 0.481442796014889 0.509080543390995 0.515010717496256 0.486252199006332 0 0 0 0 0.693108269394714 0.286350383631714 0 0.255942028985507 0.603952259164535 0.291193520886616 0.5465515771526 0.536980392156863 0.348791133844842 0 0.0526197783461211 0.341808184143222 0.0990971867007672 0.0305728900255755 0.0706521739130435 0.0875952764358561 0.926653247450349 0.550271739130435 0.38950885668277 0.334239130434783 0 0 0 0 0.845016197783461 0.12713810741688 0 0.214200341005968 0.796242114236999 0 0 0 0 0.644383631713555 0.362557544757033 0 0.362999147485081 0.588307757885763
#NONE#
