98
0
True False
0.112997160915223 0 0 0.171783871234537 0 0 0.00103575507650289 0.0171963815116246 0.00881400362817823 0.0597356820325614 0.0856525639679293 0 0 0.0504617177260898 0.168403790243213 0.000104463437796771 0.00248830052678632 5.71847926574726E-05 0.119951464281289 0.00468221808830521 0.0201198595725599 0 0 2.85923963287363E-05 0.176486990568417 0.708585218702866 0.753460030165912 0.276283559577677 0.775969834087481 0.840920060331825 0.177049773755656 0.745339366515837 0.786781297134238 0.361475113122172 0.552725546058879 0.485964566609441 0.355150269686633 0.50582073590662 0.658507697261922 0 0 0 0 0.840920060331825 0.0672398190045248 0 0.757146304675717 0.0290015082956259 0.708585218702866 0.753460030165912 0.276283559577677 0.775969834087481 0 0.109809954751131 0.745339366515837 0.0296349924585218 0.332473604826546 0.0288461538461538 0.0736372269705603 0.805251661918328 0.466346153846154 0.307568850902184 0.25 0 0 0 0 0.88643137254902 0.229402714932127 0 0.790524886877828 0.631683257918552 0 0 0 0 0.819849170437406 0.18230467571644 0 0.770042232277526 0.30110407239819
#NONE#
(Leaf89.txt) (listLeaf89ED.txt) (#NONE#)
(Neighbor1Leaf89.txt) (Neighbor2Leaf89.txt) (Neighbor3Leaf89.txt) (Neighbor4Leaf89.txt)
(#NONE#)
(#NONE#) (Node17.txt)
0.082775798761697 0 0.000173428491560453 0.115079166065947 0.00279874692301191 0 0.00988139845229311 0.0131115780164719 0.00570521845974389 0.0389492395787941 0.119504885508026 3.83441801741886E-06 6.93143049348902E-05 0.0434832655614868 0.229143449970391 0.010851022285989 0.00291576865530766 0.00697836849407468 0.093910877028254 0.00428977450968728 0.0403822095996128 0.000640415243892776 1.26054127642409E-06 0.00229474480626992 0.17705623432326 0.708664265706282 0.711097238895558 0.41599399759904 0.769424569827931 0.823257302921168 0.34009443777511 0.759219287715086 0.790392557022809 0.312950380152061 0.654493575207861 0.487738991563779 0.405702727553669 0.499390330916653 0.624464591685923 0 0 0 0 0.823257302921168 0.222280912364946 0 0.786461384553822 0.160330132052821 0.708664265706282 0.711097238895558 0.41599399759904 0.769424569827931 0 0.117813525410164 0.759219287715086 0.00393117246898759 0.15262024809924 0.0446428571428571 0.0731960191484001 0.79779793398841 0.478316326530612 0.289158478206097 0.235331632653061 0 0 0 0 0.863586234493798 0.369394957983193 0 0.844044817927171 0.382304921968787 0 0 0 0 0.793441776710684 0.32925650260104 0 0.758094837935174 0.296472589035614
#NONE#
