27
0
True False
0.255963404416573 0 0 0.184088459760427 0 0 0.000197790686382832 0.00865255571017104 0 0.0419060421157007 0.113234221643877 0 0 0.040940971850384 0.126770067682483 0 0.00207651712886845 0.000345764386268215 0.053605150009022 0 0.153304347277717 0 0 0 0.0189147073321254 0.154603921568628 0.0641568627450981 0.633301960784314 0.239772549019608 0.16996862745098 0.809294117647059 0.0919215686274511 0.112988235294118 0.40603137254902 0.462074074074074 0.498475659026046 0.66247243924713 0.4910173393486 0.366177530280095 0 0 0 0 0 0.809294117647059 0 0.043278431372549 0.2408 0.154603921568628 0.0641568627450981 0.633301960784314 0.239772549019608 0.16996862745098 0 0.0919215686274511 0.0697098039215687 0.16523137254902 0.0625 0.0697283950617284 0.897876543209876 0.55 0.362666666666667 0.275 0 0 0 0 0.223537254901961 0.94796862745098 0 0.0105098039215686 0.501286274509804 0 0 0 0 0.147545098039216 0.749521568627451 0 0.154211764705882 0.364407843137255
#NONE#
(Leaf247.txt) (listLeaf247ED.txt) (#NONE#)
(Neighbor1Leaf247.txt) (Neighbor2Leaf247.txt) (Neighbor3Leaf247.txt) (Neighbor4Leaf247.txt)
(#NONE#)
(#NONE#) (Node22.txt)
0.290373477166295 0 0 0.223905187433387 0.0423430482244555 0 0.00578324647647025 0.0163561759494927 0.000340580951238283 0.0400889816826879 0.107383207074123 0 0 0.0331301931937015 0.104523580984458 0.000724290402299168 0.00199791293118361 0.00076836055737031 0.0327677962749603 0.000714268601927045 0.0669561144323846 0 1.383700013837E-05 5.56224688783299E-05 0.031774118194549 0.123310094408134 0.128941176470588 0.450049382716049 0.167510530137981 0.131053013798112 0.806541757443718 0.121339143064633 0.142042120551924 0.467321713870734 0.350676726108825 0.497702419166656 0.679914772869681 0.493875647333308 0.389733850444656 0 0 0 0 0.0230167029774873 0.806541757443718 0 0.0401452432824981 0.349543936092956 0.123310094408134 0.128941176470588 0.450049382716049 0.167510530137981 0.108036310820625 0 0.121339143064633 0.101896877269426 0.117777777777778 0.0601851851851852 0.0628715134887974 0.869254686785551 0.537037037037037 0.355144032921811 0.289351851851852 0 0 0 0 0.0930922294843863 0.94438198983297 0 0.0557138707334786 0.657969498910675 0 0 0 0 0.129301379811184 0.748946986201888 0 0.158033405954975 0.426495279593319
#NONE#
