32
0
True False
0.53263977960398 0 0 0.0680612734115208 0.0620602978474144 0 0.0129735214231795 0.000435633259915999 0 0.237673625899956 0.00894290655576412 0 0 0.0347406669340328 0.00180635930960774 0.000653472740851383 0.00299379782703341 0.0103475731723728 6.22200099552015E-05 0.00264560683246974 0.00706253949759702 0.00588125466766243 0 0.0109572509967305 6.22200099552015E-05 0.0593039215686275 0.0680490196078431 0.0251176470588235 0.0931666666666667 0.186529411764706 0.113264705882353 0.0749411764705883 0.497156862745098 0.0901176470588235 0.102438271604938 0.466115698959732 0.478477684823155 0.496502421945741 0.493537624032277 0 0 0 0 0 0 0 0 0 0.0593039215686275 0.0680490196078431 0.0251176470588235 0.0931666666666667 0.186529411764706 0.113264705882353 0.0749411764705883 0.497156862745098 0.0901176470588235 0.078125 0.0444135802469136 0.839537037037037 0.515625 0.300925925925926 0.25 0 0 0 0 0.259794117647059 0.0168627450980392 0 1 0.0520392156862744 0 0 0 0 0.170441176470588 0.114382352941176 0 0.302911764705882 0.084950980392157
#NONE#
(Leaf187.txt) (listLeaf187ED.txt) (#NONE#)
(Neighbor1Leaf187.txt) (Neighbor2Leaf187.txt) (Neighbor3Leaf187.txt) (Neighbor4Leaf187.txt)
(#NONE#)
(#NONE#) (Node19.txt)
0.357440357659196 0 0 0.205945886330954 0.0623556794148926 0 0.0376677021622408 0.015820095618086 0.000288917659317943 0.107790509293862 0.0855674998239404 0.000199884322264562 0.00238447105342014 0.0364285047840966 0.0280657017215211 0.00813565113485284 0.00593703736594802 0.00230497390107081 0.00406046328544184 0.00531510873740606 0.0251789461113278 0.000890743987969657 0.000216330743449926 0.00188701620032399 0.00611851868841671 0.0951531862745098 0.138469362745098 0.137661764705882 0.110602941176471 0.274697303921569 0.163454656862745 0.134651960784314 0.389 0.123175245098039 0.185300925925926 0.4818029236129 0.477434396432189 0.492993434027575 0.495186355534229 0 0 0 0 0.140219362745098 0.012671568627451 0 0 0.0111629901960784 0.0951531862745098 0.138469362745098 0.137661764705882 0.110602941176471 0.134477941176471 0.150783088235294 0.134651960784314 0.389 0.112012254901961 0.0859375 0.0646141975308642 0.888310185185185 0.546875 0.352114197530864 0.3125 0 0 0 0 0.282251225490196 0.14575 0 0.920578431372549 0.0692365196078431 0 0 0 0 0.262727941176471 0.172332107843137 0 0.278912990196079 0.133303921568627
#NONE#
