63
0
True False
0.110959921835875 0 0 0.0288316868284707 0.000202162572837606 0 0.00161748337537831 3.74203881242658E-06 0 0.00779854256642876 0.0290034264091355 0 0 0.0123649965525645 0.103661614369967 8.23664690760045E-05 0.00137022076585572 7.48528000625344E-05 0.219683797689579 0.000188057247429276 0.025051375173465 0 3.74481343339476E-06 1.87983519711394E-05 0.459083210139657 0.770470588235294 0.805836007130125 0.778395721925134 0.809793226381462 0.206300653594771 0.177562685680333 0.837469994058229 0.773561497326203 0.860916221033868 0.774478114478114 0.510727737784614 0.481268792326808 0.443520346339145 0.533431388529175 0 0 0 0 0.127005347593583 0.113679144385027 0 0.773561497326203 0.860916221033868 0.770470588235294 0.805836007130125 0.778395721925134 0.809793226381462 0.0792953060011884 0.063883541295306 0.837469994058229 0 0 0.0700757575757576 0.081324354657688 0.565615413393191 0.399621212121212 0.170763187429854 0.185606060606061 0 0 0 0 0.162793820558526 0.0971289364230541 0 0.746791443850267 0.874047534165181 0 0 0 0 0.208496732026144 0.188494355317885 0 0.759372549019608 0.843666072489602
#NONE#
(Leaf328.txt) (listLeaf328ED.txt) (#NONE#)
(Neighbor1Leaf328.txt) (Neighbor2Leaf328.txt) (Neighbor3Leaf328.txt) (Neighbor4Leaf328.txt)
(#NONE#)
(#NONE#) (Node25.txt)
0.0824411602322452 0 0 0.0597249357588771 0.00147087341763414 0 0.00418744980480344 0.000938990186678466 0 0.0286021007778479 0.056671076284628 0 1.37191148427103E-05 0.0252906745244613 0.147230388880649 0.00124845399344326 0.00179090514756215 0.0016447473830648 0.18040264760639 0.00264625178305924 0.0657007064372667 5.29100529100529E-05 1.96156894130202E-06 7.0597028779386E-05 0.339869450015916 0.740843448490507 0.782448801742919 0.766383442265795 0.793245564892624 0.267716153127918 0.216970432617492 0.819508247743542 0.772261437908496 0.828436352318705 0.744611013129531 0.506852065199877 0.473595626997313 0.455832890007962 0.536149730578054 0 0 0 0 0.175172735760971 0.115543728602552 0 0.76554248366013 0.828436352318705 0.740843448490507 0.782448801742919 0.766383442265795 0.793245564892624 0.0925434173669468 0.101426704014939 0.819508247743542 0.00671895424836602 0 0.066468253968254 0.084074074074074 0.66872623946698 0.44047619047619 0.232623946698021 0.211309523809524 0 0 0 0 0.198574540927482 0.151373793962029 0 0.788423280423281 0.852244008714597 0 0 0 0 0.275366946778711 0.228297541238718 0 0.749866168689698 0.803678804855276
#NONE#
