52
0
True False
0.145310028210833 0 0 0.221227270531726 0 0 0.00151421508034611 0.0529395711837758 0.000190597204574333 0.202933191814761 0.0539343828255094 0 0 0.0941879882546353 0.046058937881039 0.036713306007294 0.0101086849177788 0.000432556578003632 0.00801749176572414 0.00410844841036946 0.112927758853501 0 0.00123801797754927 0 0.00815755250257978 0.256088235294118 0.366980392156863 0.380549019607843 0.563764705882353 0.202107843137255 0.275833333333333 0.254421568627451 0.275627450980392 0.0471764705882353 0.340771604938272 0.437783346310139 0.575242515955176 0.528708150948015 0.446930335290122 0 0 0 0 0 0.113637254901961 0 0.0809313725490195 0 0.256088235294118 0.366980392156863 0.380549019607843 0.563764705882353 0.202107843137255 0.162196078431373 0.254421568627451 0.194696078431373 0.0471764705882353 0.125 0.0924074074074075 0.93466049382716 0.5625 0.389506172839506 0.296875 0 0 0 0 0.0635392156862745 0.51293137254902 0 0.417362745098039 0.0405686274509805 0 0 0 0 0.229764705882353 0.239941176470588 0 0.244343137254902 0.0426274509803921
#NONE#
(Leaf167.txt) (listLeaf167ED.txt) (#NONE#)
(Neighbor1Leaf167.txt) (Neighbor2Leaf167.txt) (Neighbor3Leaf167.txt) (Neighbor4Leaf167.txt)
(#NONE#)
(#NONE#) (Node24.txt)
0.168537681474264 0 0 0.271537260303525 0.00265707805015453 0 0.0218199611337438 0.0318925996009785 0.000159633525316088 0.139827844367705 0.105280393538034 0.000195093173215387 0.000786112445573017 0.0873466130952478 0.0700805058634542 0.00862768966664393 0.00463786596135322 0.00283290462298407 0.0131696143025597 0.00561818366568623 0.0475075112272408 0.000265906932573599 0.0037251440320594 0.00189292259682696 0.0116014804208599 0.249037707390649 0.287788084464555 0.296668929110106 0.538120663650075 0.213616138763198 0.272627450980392 0.311303921568628 0.266334087481146 0.161052036199095 0.346139601139601 0.478149400126059 0.448817161779042 0.499831951942703 0.511664350466102 0 0 0 0 0.065315987933635 0.0742858220211161 0 0.0466975867269985 0.0500686274509804 0.249037707390649 0.287788084464555 0.296668929110106 0.538120663650075 0.148300150829563 0.198341628959276 0.311303921568628 0.219636500754148 0.110983408748115 0.0817307692307692 0.0892497625830959 0.934736467236467 0.557692307692308 0.396011396011396 0.319711538461538 0 0 0 0 0.101876319758673 0.47177149321267 0 0.435428355957768 0.0527609351432881 0 0 0 0 0.225683257918552 0.237572398190045 0 0.233259426847662 0.184401960784314
#NONE#
