29
0
True False
0.185286399995456 0 0 0.274795875116119 0.00743402304547143 0 0.0178860970413083 0.0198820030147972 0 0.0409444002239078 0.196264254960302 0 0 0.0034993106829315 0.17920005282287 0 0 8.23248538733843E-05 0.0210098285191963 0 0.00778955051853602 0 0 0 0.0459258792052311 0.513869281045752 0.780575163398693 0.194039215686275 0.236575163398693 0.25362091503268 0.191751633986928 0.35637908496732 0.507725490196078 0.131751633986928 0.386008230452675 0.557038066054568 0.389875614910969 0.460358285985134 0.564911796823802 0 0 0 0 0.160745098039216 0 0 0.384065359477124 0 0.513869281045752 0.780575163398693 0.194039215686275 0.236575163398693 0.092875816993464 0.191751633986928 0.35637908496732 0.123660130718954 0.131751633986928 0.0833333333333333 0.0849382716049383 0.93559670781893 0.5625 0.405925925925926 0.333333333333333 0 0 0 0 0.186575163398693 0.25843137254902 0 0.119098039215686 0.0850980392156864 0 0 0 0 0.25797385620915 0.197071895424836 0 0.532535947712418 0.145660130718954
#NONE#
(Leaf301.txt) (listLeaf301ED.txt) (#NONE#)
(Neighbor1Leaf301.txt) (Neighbor2Leaf301.txt) (Neighbor3Leaf301.txt) (Neighbor4Leaf301.txt)
(#NONE#)
(#NONE#) (Node24.txt)
0.183022863650421 0 0 0.193079990997581 0.0240254247692204 0 0.0196743345884613 0.0344413128565992 0.00321165464270515 0.0864822253515738 0.168177691624645 8.51673363405719E-05 0.010836787811409 0.0820355489122609 0.0861057641162746 0.00896085306538501 0.0234388351504474 0.00742100967921731 0.00912945623916332 0.00563617580536292 0.03774037790465 0.000204925175185538 0.00476986420930159 0.00140207967638329 0.010117656437411 0.35620554428668 0.51526707234618 0.266985801217039 0.372956051386072 0.336294793779581 0.286645030425964 0.310350236646383 0.345018255578093 0.130237998647735 0.446372924648787 0.478043688550008 0.41553937683886 0.504626275841282 0.557763276207546 0 0 0 0 0.305841784989858 0.205426639621366 0 0.293672751859364 0.0193630831643002 0.35620554428668 0.51526707234618 0.266985801217039 0.372956051386072 0.0304530087897228 0.0812183908045977 0.310350236646383 0.0513455037187289 0.110874915483435 0.0668103448275862 0.0857130693912303 0.897935291613453 0.536637931034483 0.364785014899957 0.273706896551724 0 0 0 0 0.168816768086545 0.193372549019608 0 0.146478701825558 0.147217038539554 0 0 0 0 0.364402974983097 0.294297498309669 0 0.364850574712644 0.127191345503719
#NONE#
