49
0
True False
0.0504714094069311 0 0 0.172471455746658 2.05761316872428E-05 0 0.00323250682125446 0.0047180629226497 0.042880658436214 0.039357886602343 0.285450080902448 0 0 0.0868739147042229 0.161000963365312 0 0.000349862851200796 0.0103497942386831 0.0085851892140883 0 0.127834503427816 0 0 0 0.00640313522849172 0.266261437908497 0.538869281045752 0.466333333333333 0.303764705882353 0.628627450980392 0.481921568627451 0.343019607843137 0.600771241830065 0.123320261437909 0.679094650205761 0.476976142210021 0.522890047815726 0.524813524898534 0.450173721681757 0 0 0 0 0.628627450980392 0.337954248366013 0 0.600771241830065 0 0.266261437908497 0.538869281045752 0.466333333333333 0.303764705882353 0 0.143967320261438 0.343019607843137 0 0.123320261437909 0.114583333333333 0.088724279835391 0.94858024691358 0.5625 0.410679012345679 0.291666666666667 0 0 0 0 0.768366013071896 0.716960784313726 0 0.755392156862745 0.0345228758169935 0 0 0 0 0.591058823529412 0.417666666666667 0 0.571640522875817 0.15624183006536
#NONE#
(Leaf235.txt) (listLeaf235ED.txt) (#NONE#)
(Neighbor1Leaf235.txt) (Neighbor2Leaf235.txt) (Neighbor3Leaf235.txt) (Neighbor4Leaf235.txt)
(#NONE#)
(#NONE#) (Node17.txt)
0.0843860320013835 8.97138482907592E-05 1.53869036933698E-05 0.135171500150474 0.0146655829119457 0 0.0230656269054913 0.0237793035631129 0.0153401877439184 0.0495774535499703 0.253856815373357 0.000478371855539344 0.00107261667736617 0.0524191546460607 0.188573517108383 0.00197340645397208 0.0122745244455348 0.00742121634441787 0.0301467838096452 0.000864414331101728 0.0700885061248887 0.000231863909584998 5.04060842065263E-06 0.000244493798019546 0.0342584869354279 0.252474589835934 0.497204481792717 0.540530612244898 0.34849299719888 0.55471068427371 0.467300520208083 0.373730292116847 0.651024409763905 0.169051620648259 0.648762912572437 0.481040701439196 0.487260906377873 0.513443652512403 0.508862801274973 0 0 0 0 0.511936774709884 0.359438175270108 0 0.651024409763905 0.0536646658663465 0.252474589835934 0.497204481792717 0.540530612244898 0.34849299719888 0.0427739095638255 0.107862344937975 0.373730292116847 0 0.115386954781913 0.0727040816326531 0.0891257243638196 0.920377928949357 0.558673469387755 0.374383975812547 0.302295918367347 0 0 0 0 0.721831932773109 0.651298919567827 0 0.817996798719488 0.0862096838735494 0 0 0 0 0.516259303721489 0.426332132853141 0 0.605733493397359 0.19306762705082
#NONE#
