69
0
True False
0.0449348730978442 0 0 0.213410511796481 0.0238720037738199 0 0.0536416464029599 0.125635881222354 0 0.0644406517186589 0.215565381623495 0 0 0.141971864594323 0.0552247127971911 0 0.00220547568664174 0.00222255977213472 0.0114034806933863 0 0.0388440188060369 0 0 0 0.00662693801467372 0.21563025210084 0.267697478991596 0.32940056022409 0.40006162464986 0.299893557422969 0.272056022408964 0.416128851540616 0.351226890756302 0.608610644257703 0.567601410934744 0.530234490341425 0.509415501505995 0.469302554947146 0.471142278103887 0 0 0 0 0.18721568627451 0.154072829131653 0 0.252756302521008 0.608610644257703 0.21563025210084 0.267697478991596 0.32940056022409 0.40006162464986 0.112677871148459 0.117983193277311 0.416128851540616 0.0984705882352942 0 0.0714285714285714 0.0856966490299824 0.900546737213404 0.526785714285714 0.359541446208113 0.267857142857143 0 0 0 0 0.314873949579832 0.0993669467787116 0 0.205182072829132 0.655781512605042 0 0 0 0 0.291159663865546 0.28643137254902 0 0.350470588235294 0.572756302521008
#NONE#
(Leaf282.txt) (listLeaf282ED.txt) (#NONE#)
(Neighbor1Leaf282.txt) (Neighbor2Leaf282.txt) (Neighbor3Leaf282.txt) (Neighbor4Leaf282.txt)
(#NONE#)
(#NONE#) (Node21.txt)
0.103173720386407 0 0 0.197776151956715 0.0143809719462921 0 0.0229815531259925 0.0317351071711722 0.00115434403433127 0.0804550882281329 0.222836886421989 0.000289686637814839 0.0029387545958333 0.100333506860459 0.0873241458737868 0.00398073377121952 0.011924308291915 0.0119711068279278 0.0224215434914446 0.0140376540171651 0.0530253113341978 0.000319263137760827 0.000182004526324274 0.00393658204358129 0.012821575319537 0.242774651889741 0.287927252060244 0.411938050582552 0.406674623472577 0.228390451832907 0.274365444728616 0.513341858482523 0.333744245524297 0.580519465757317 0.546469851494006 0.518698986377287 0.495758293285971 0.463892885220133 0.490288836328701 0 0 0 0 0.105145780051151 0.211853935777209 0 0.217790849673202 0.570845694799659 0.242774651889741 0.287927252060244 0.411938050582552 0.406674623472577 0.123244671781756 0.0625115089514067 0.513341858482523 0.115953395851094 0.00967377095765842 0.0733695652173913 0.0946752549651101 0.903798532832349 0.539855072463768 0.386326713186617 0.309782608695652 0 0 0 0 0.129148053424268 0.0969610684853652 0 0.334433077578858 0.687730036942313 0 0 0 0 0.247364023870418 0.300126740551293 0 0.333296959363455 0.54530207445297
#NONE#
