83
0
True False
0.101498409768229 0 0 0.173123548957991 0.00321226303971319 0 0.00629207703651545 0.0614178599431296 0 0.0861306692953609 0.177132950210004 0 0 0.127423725639828 0.11861854129758 0.0103372680432542 0.00391448637368093 0.00535887867611921 0.0296743053236111 0.00480762544781259 0.0647086266531767 0 8.55146612390752E-05 2.85041045910611E-05 0.0262347455281632 0.482434389140271 0.363598793363499 0.310295625942685 0.517996983408748 0.59462443438914 0.221149321266968 0.60404826546003 0.281085972850679 0.146099547511312 0.514520417853751 0.485407097483659 0.443239396488663 0.500083966440133 0.551336387854385 0 0 0 0 0.59462443438914 0.0827028657616892 0 0.204533936651584 0.0325580693815988 0.482434389140271 0.363598793363499 0.310295625942685 0.517996983408748 0 0.138446455505279 0.60404826546003 0.0765520361990951 0.113541478129714 0.0576923076923077 0.101633428300095 0.920674264007597 0.548076923076923 0.380237416904084 0.326923076923077 0 0 0 0 0.862521870286576 0.272874811463047 0 0.0316651583710407 0.0893876319758672 0 0 0 0 0.545429864253394 0.202407239819005 0 0.310012066365008 0.162340874811463
#NONE#
(Leaf320.txt) (listLeaf320ED.txt) (#NONE#)
(Neighbor1Leaf320.txt) (Neighbor2Leaf320.txt) (Neighbor3Leaf320.txt) (Neighbor4Leaf320.txt)
(#NONE#)
(#NONE#) (Node14.txt)
0.135928549962589 0.000413914679975463 0.000952542403844204 0.174573618566099 0.00865672745665082 7.44450863265222E-06 0.0179153610345483 0.0308659178607812 0.0121531147578206 0.0659339577775013 0.188292130468394 0.00105387098101762 0.000310234594304572 0.0722144692751564 0.155184022449746 0.00869907300380742 0.00518488512929045 0.00962126328044193 0.0296418707900297 0.00518871030612336 0.0473270640397193 0.00182225629310904 0.000354363068310621 0.00485958524771295 0.0228450520643933 0.52533191589889 0.469226553271911 0.314147885660288 0.594335459484999 0.616170092133239 0.214828254193243 0.619859673990078 0.305679659815734 0.140121426884007 0.509128365313104 0.475194798981746 0.391273698703716 0.513265141670644 0.587868617253782 0 0 0 0 0.616170092133239 0.0625532719111741 0 0.205845027167493 0.0186180014174344 0.52533191589889 0.469226553271911 0.314147885660288 0.594335459484999 0 0.152274982282069 0.619859673990078 0.09983463264824 0.121503425466572 0.0700301204819277 0.0867306262085378 0.902705637364272 0.541415662650602 0.365760821062026 0.301957831325301 0 0 0 0 0.784718166784786 0.196454523978266 0 0.151381526104418 0.0744767304512166 0 0 0 0 0.574356721001654 0.212840066146941 0 0.323759981100874 0.150782896291047
#NONE#
