91
0
True False
0.139506746821247 0 0 0.232809371100581 0.000771597705794602 0 0.0061522879340383 0.00936048522594028 0.00610288736218333 0.0463460876023043 0.24226779608024 0 0 0.0240216522679608 0.244735854186458 0.000294179110374806 0.000911977997156406 0.000347489562523407 0.0184710668418656 0.000282706365994861 0.00570127910012244 5.89198807461614E-06 0 5.88616163399848E-06 0.0219047565855069 0.454558356676004 0.543322128851541 0.203854341736695 0.507970121381886 0.720741363211952 0.198134453781513 0.476248366013072 0.649536881419234 0.153208216619981 0.490117577895356 0.491963107929571 0.313304865541376 0.495502513848089 0.662410293478976 0 0 0 0 0.720741363211952 0.0125042016806723 0 0.647830065359477 0 0.454558356676004 0.543322128851541 0.203854341736695 0.507970121381886 0 0.18563025210084 0.476248366013072 0.00170681605975724 0.153208216619981 0.0238095238095238 0.0645620223398001 0.919905937683715 0.556547619047619 0.341845972957084 0.24702380952381 0 0 0 0 0.81414939309057 0.240676003734827 0 0.699040149393091 0.156268907563025 0 0 0 0 0.689443510737628 0.188205415499533 0 0.620560224089636 0.153079365079365
#NONE#
(Leaf224.txt) (listLeaf224ED.txt) (#NONE#)
(Neighbor1Leaf224.txt) (Neighbor2Leaf224.txt) (Neighbor3Leaf224.txt) (Neighbor4Leaf224.txt)
(#NONE#)
(#NONE#) (Node17.txt)
0.138871149082451 0 9.56807974351834E-05 0.184312246066251 0.0077050940683914 0 0.0241001782182178 0.00744695898715702 0.0190298166248903 0.0506653715211691 0.244826559017477 0 2.86437513789925E-05 0.032768654710266 0.187514006884271 0.00765121210393386 0.00402673441134808 0.00191736274560129 0.0226453474455141 0.00194501416556017 0.0353437007576 0.000124259862637614 1.36577317785371E-06 0.0018317454176892 0.0271488975875826 0.414575307045895 0.542646412411118 0.188825684119802 0.521864253393665 0.714876535229476 0.20260288730877 0.50646455505279 0.637410040939452 0.193035983624219 0.511311897978564 0.489147061801871 0.351751203643831 0.493484836961037 0.62849057087404 0 0 0 0 0.714876535229476 0.0250450333979746 0 0.632855419090713 0.0409502262443439 0.414575307045895 0.542646412411118 0.188825684119802 0.521864253393665 0 0.177557853910795 0.50646455505279 0.00455462184873949 0.152085757379875 0.0563186813186813 0.0713919413919414 0.900253696920364 0.540521978021978 0.33641568308235 0.261675824175824 0 0 0 0 0.799320836026718 0.234780004309416 0 0.678525317819435 0.198104287868994 0 0 0 0 0.682237879767291 0.197084249084249 0 0.61193837535014 0.191972850678733
#NONE#
