29
0
True False
0.158721188361123 0 0 0.0835580484331002 0 0 0.000148653217091077 0 0 0.144215529102673 0.126987238499836 0 0.0270189802754 0.0782483109192499 0.130005938613866 0.00708331025939589 0.0431861021917337 0.000271665925671788 0.0418570251082531 4.93888134337572E-05 0.114769633118257 0 0.00275394853042284 0.000765526608223238 0.0403595120222705 0.598698039215686 0.646172549019608 0.624635294117647 0.581521568627451 0.714713725490196 0.199780392156863 0.468250980392157 0.417827450980392 0.126447058823529 0.502987654320988 0.448514125949115 0.435653890213313 0.536054888020216 0.551698921047026 0 0 0 0 0.714713725490196 0.0759294117647058 0 0.173262745098039 0 0.598698039215686 0.646172549019608 0.624635294117647 0.581521568627451 0 0.123850980392157 0.468250980392157 0.244564705882353 0.126447058823529 0.0625 0.10195061728395 0.919975308641975 0.5625 0.388469135802469 0.2875 0 0 0 0 0.804705882352941 0.239890196078431 0 0.768964705882353 0.0785411764705881 0 0 0 0 0.667035294117647 0.185576470588235 0 0.355827450980392 0.154266666666667
#NONE#
(Leaf319.txt) (listLeaf319ED.txt) (#NONE#)
(Neighbor1Leaf319.txt) (Neighbor2Leaf319.txt) (Neighbor3Leaf319.txt) (Neighbor4Leaf319.txt)
(#NONE#)
(#NONE#) (Node14.txt)
0.160482199261315 0 0 0.181592238468294 0.00310858764948245 0 0.0125065957055344 0.00620954230132479 0.00570151214715119 0.0576935655697413 0.206634754291481 0 0.00782420127212118 0.0375802003658911 0.183724559586333 0.00850028838309405 0.0107850728898593 0.00823603214793805 0.0317566960887111 0.00116766483068497 0.0454006504143444 1.70432515115234E-05 0.00134976677460381 0.000617884483504742 0.0291109441170784 0.565396889790399 0.615825557809331 0.477277890466531 0.623258958755916 0.707966193373901 0.303933739012846 0.484133874239351 0.325110209601082 0.111647058823529 0.493069391230311 0.428622954312328 0.411629175123943 0.554293647774909 0.570837171324653 0 0 0 0 0.707966193373901 0.164022988505747 0 0.143866125760649 0.0253279242731575 0.565396889790399 0.615825557809331 0.477277890466531 0.623258958755916 0 0.139910750507099 0.484133874239351 0.181244083840433 0.0863191345503719 0.0775862068965517 0.0927415921668795 0.902362707535121 0.545258620689655 0.35894423158791 0.310344827586207 0 0 0 0 0.84006490872211 0.512974983096687 0 0.528117647058824 0.0561757944557133 0 0 0 0 0.661912102772143 0.262455713319811 0 0.28820554428668 0.13499661933739
#NONE#
