95
0
True False
0.169400204040953 0 0 0.250882556338401 0.00203793231684641 0 0.00546586379528225 0.0146744692721809 0 0.0469491654318775 0.184270580449876 0 0 0.0467873333451389 0.170048486201203 0.000818862085931022 0.00378707798882776 0.0051975176315861 0.0434003145384066 0.000792029671644718 0.0140726480696009 0.00120972497518924 0 0.000748618916647344 0.0394566149304071 0.67688 0.44948862745098 0.25436705882353 0.711694117647059 0.305788235294118 0.135675294117647 0.733887058823529 0.288690196078431 0.146166274509804 0.437165432098765 0.50725012209422 0.354735595291073 0.487525612067553 0.590688235777652 0 0 0 0 0.170654117647059 0.017524705882353 0 0.148451764705882 0.0210211764705882 0.67688 0.44948862745098 0.25436705882353 0.711694117647059 0.135134117647059 0.118150588235294 0.733887058823529 0.140238431372549 0.125145098039216 0.0975 0.0863703703703704 0.911155555555556 0.5475 0.377669135802469 0.295 0 0 0 0 0.287378823529412 0.122676078431373 0 0.199226666666667 0.174541176470588 0 0 0 0 0.310520784313726 0.138186666666667 0 0.300567843137255 0.140972549019608
#NONE#
(Leaf127.txt) (listLeaf127ED.txt) (#NONE#)
(Neighbor1Leaf127.txt) (Neighbor2Leaf127.txt) (Neighbor3Leaf127.txt) (Neighbor4Leaf127.txt)
(#NONE#)
(#NONE#) (Node13.txt)
0.130692774256275 1.32273382627214E-06 1.35630921137401E-06 0.225177472065375 0.00848877719147037 0 0.0196692006483832 0.0245488070772112 0.00294504312504081 0.0684597377597589 0.175314984216096 0.00104552879264928 2.23915915507396E-05 0.0620149314058356 0.142237985253988 0.0116514934547816 0.00445742956746035 0.00831925749885743 0.0403292642323747 0.00193825797489702 0.0232857714333507 0.000361286424392948 0.000309315233092569 0.0017316274830691 0.046995984271052 0.673962022703818 0.416270381836945 0.253171929824561 0.722960990712074 0.323658617131063 0.209640454076367 0.692693085655315 0.279576883384933 0.204243962848297 0.459095516569201 0.489677634976005 0.377437452003802 0.4951582585594 0.570615379097585 0 0 0 0 0.200237770897833 0.0542018575851393 0 0.144837977296182 0.0773015479876161 0.673962022703818 0.416270381836945 0.253171929824561 0.722960990712074 0.12342084623323 0.155438596491228 0.692693085655315 0.134738906088751 0.126942414860681 0.0717105263157895 0.0867017543859649 0.910905782975958 0.548684210526316 0.369063027940221 0.296052631578947 0 0 0 0 0.322369865841073 0.186942827657379 0 0.188428482972136 0.174807430340557 0 0 0 0 0.321391950464396 0.210593601651187 0 0.29140515995872 0.207937667698658
#NONE#
