45
0
True False
0.218895226973789 0 0 0.130099310250329 0.00752886628103265 0 0.00899854252891324 0.000359638245347049 0 0.177981448870155 0.0802562952035002 0 7.85634118967453E-05 0.100627616778318 0.043417148099703 0.000920350283646164 0.0322132775462829 0.0123710603812087 0.0199127802268608 0.0309764600775837 0.114719966340547 0.000146119953241615 0 0.00689125702695536 0.013606071520691 0.44883422459893 0.498652406417112 0.296231729055258 0.434081996434937 0.65592513368984 0.195204991087344 0.313040998217469 0.164570409982175 0.246149732620321 0.408529741863075 0.478961346471037 0.428209909698785 0.503485161922416 0.524867651435862 0 0 0 0 0.65592513368984 0.127832442067736 0 0.0502887700534759 0.173639928698752 0.44883422459893 0.498652406417112 0.296231729055258 0.434081996434937 0 0.0673725490196079 0.313040998217469 0.114281639928699 0.0725098039215686 0.0909090909090909 0.0772053872053872 0.897811447811448 0.539772727272727 0.350527497194164 0.267045454545455 0 0 0 0 0.808256684491979 0.136737967914438 0 0.0774759358288769 0.207408199643494 0 0 0 0 0.621376114081996 0.188698752228164 0 0.17901247771836 0.234042780748663
#NONE#
(Leaf315.txt) (listLeaf315ED.txt) (#NONE#)
(Neighbor1Leaf315.txt) (Neighbor2Leaf315.txt) (Neighbor3Leaf315.txt) (Neighbor4Leaf315.txt)
(#NONE#)
(#NONE#) (Node23.txt)
0.141196578250631 5.53548940645716E-06 0.000161231615523551 0.240659273862728 0.034996909457914 0 0.0425490899505394 0.025177226134667 0.00314327114898764 0.106548613194084 0.149245821594961 5.84564572464087E-06 0.000402380107391695 0.0700255343775534 0.06941215840257 0.00456477436168716 0.0145997425092362 0.00497928611715529 0.0157373857812039 0.00901217209376556 0.0543892335064766 0.000195595881900301 0.000233414503426451 0.00277999419900385 0.00997893181346282 0.308520261437908 0.494969063180828 0.285732461873638 0.307120697167756 0.567237472766884 0.198655337690632 0.284933333333333 0.217635729847495 0.232790413943355 0.384559670781893 0.457815969448932 0.43844999886803 0.511442828915011 0.522526359622137 0 0 0 0 0.523504139433551 0.0808235294117647 0 0.0874919389978213 0.120654466230937 0.308520261437908 0.494969063180828 0.285732461873638 0.307120697167756 0.0437333333333333 0.117831808278867 0.284933333333333 0.130143790849673 0.112135947712418 0.0833333333333333 0.0847105624142661 0.909358024691358 0.545833333333333 0.367404663923182 0.291666666666667 0 0 0 0 0.777103267973856 0.110178649237473 0 0.0866257080610021 0.194128976034858 0 0 0 0 0.517110239651416 0.209871895424836 0 0.234433986928105 0.228494989106754
#NONE#
