64
0
True False
0.517548869884158 0 0 0.124904591095903 0 0 0.000143143429716576 0.000795000794611453 0 0.0361384755396127 0.024987451450674 0 0 0.0463443388965967 0.0449625884484147 0.0063592696506505 0.0258417200901707 0.0640958654364004 0.000229529823879602 0.0186047437343572 0.0680876433420512 0.000515945377703124 0.000690644424374436 0.0197143927232969 3.5785857429144E-05 0.0895686274509804 0.0354005602240896 0.0281680672268907 0.06103081232493 0.587008403361345 0.525411764705882 0.108834733893557 0.663551820728291 0.264672268907563 0.331887125220459 0.49951089896805 0.436455586534335 0.490959312266371 0.524300218606846 0 0 0 0 0.587008403361345 0.525411764705882 0 0.663551820728291 0.214823529411765 0.0895686274509804 0.0354005602240896 0.0281680672268907 0.06103081232493 0 0 0.108834733893557 0 0.0498487394957983 0.0446428571428571 0.0454673721340388 0.795308641975309 0.526785714285714 0.292910052910053 0.241071428571429 0 0 0 0 0.524313725490196 0.708918767507003 0 0.660302521008403 0.168767507002801 0 0 0 0 0.573602240896358 0.4873837535014 0 0.64793837535014 0.276532212885154
#NONE#
(Leaf159.txt) (listLeaf159ED.txt) (#NONE#)
(Neighbor1Leaf159.txt) (Neighbor2Leaf159.txt) (Neighbor3Leaf159.txt) (Neighbor4Leaf159.txt)
(#NONE#)
(#NONE#) (Node9.txt)
0.32189555782368 5.80999008428359E-06 0 0.138331160725388 0.0139138979384064 0 0.0179008918178906 0.00687549860403031 0.0010133155014189 0.0754420636858481 0.116682524175222 1.94607049445759E-06 0.00846349157974822 0.0538255921257004 0.094268531045589 0.00462593132821234 0.0110466040575321 0.0157663738798847 0.0208915973224235 0.00448918116930037 0.0637065269975721 0.000335774556400889 0.000133701611682584 0.00436436737326305 0.0260196606202282 0.0983627450980392 0.134911764705882 0.173297181372549 0.118457720588235 0.642242034313726 0.597210784313725 0.132408700980392 0.62212193627451 0.210701593137255 0.400119598765432 0.48868868327108 0.490494758498224 0.494951330792539 0.494000898967014 0 0 0 0 0.628947916666667 0.546387867647059 0 0.574282475490196 0.12858762254902 0.0983627450980392 0.134911764705882 0.173297181372549 0.118457720588235 0.0132941176470588 0.0508229166666666 0.132408700980392 0.0478394607843138 0.0821139705882353 0.08984375 0.070733024691358 0.83758487654321 0.5341796875 0.347002314814815 0.3056640625 0 0 0 0 0.773882352941176 0.844980392156863 0 0.816333333333333 0.0958492647058824 0 0 0 0 0.590361519607843 0.533054534313725 0 0.571903799019608 0.239395833333333
#NONE#
