44
0
True False
0.130909261895462 0 0 0.166772825515189 0.175126784572965 0 0.12571628077415 4.11725955204217E-05 0 0.0475627902233589 0.186663846207261 0 0.000950020652622883 0.0453045864713931 0.0180128482577976 0.00433793588110592 0.0160785827798137 0.00370553359683793 0.0150959498435205 0.00190690064156149 0.0438908912556055 0 0.00272614622057001 0.00170258710186454 0.0134950555133999 0.088091503267974 0.285542483660131 0.229372549019608 0.141032679738562 0.324588235294118 0.673869281045752 0.126771241830065 0.319098039215686 0.196771241830065 0.360370370370371 0.438122086460305 0.531454852127181 0.51647870323193 0.446218927596188 0 0 0 0 0.303045751633987 0.673869281045752 0 0.245294117647059 0 0.088091503267974 0.285542483660131 0.229372549019608 0.141032679738562 0.0215424836601307 0 0.126771241830065 0.0738039215686273 0.196771241830065 0.0833333333333333 0.0472427983539095 0.758148148148148 0.541666666666667 0.236337448559671 0.270833333333333 0 0 0 0 0.0898954248366013 0.855790849673202 0 0.294196078431373 0.201411764705883 0 0 0 0 0.387986928104575 0.641045751633987 0 0.305908496732026 0.187307189542484
#NONE#
(Leaf305.txt) (listLeaf305ED.txt) (#NONE#)
(Neighbor1Leaf305.txt) (Neighbor2Leaf305.txt) (Neighbor3Leaf305.txt) (Neighbor4Leaf305.txt)
(#NONE#)
(#NONE#) (Node15.txt)
0.129175761728451 0 0 0.229630923303153 0.0335613003627841 0 0.0379156062825137 0.0376637847362603 0.00151667323602607 0.0685316909937877 0.195282743271386 8.53075652309325E-05 6.47741354061057E-05 0.0763382188779376 0.0945155396052248 0.00254230944519622 0.00898462177937241 0.0065693597964664 0.015397934882099 0.00295223775070579 0.0447801460049469 0.00046862457225824 0.000815858643803305 0.00032151387941176 0.0128850691475791 0.157663101604278 0.232778966131907 0.280208556149733 0.256583778966132 0.286932263814617 0.64498752228164 0.227057932263815 0.487122103386809 0.241769162210339 0.475199214365881 0.506813025385851 0.531421539060896 0.477905714596564 0.458729497888901 0 0 0 0 0.248645276292335 0.64498752228164 0 0.437495543672014 0.162540106951872 0.157663101604278 0.232778966131907 0.280208556149733 0.256583778966132 0.0382869875222817 0 0.227057932263815 0.049626559714795 0.079229055258467 0.0894886363636364 0.0868518518518519 0.908167789001122 0.549715909090909 0.366641414141414 0.309659090909091 0 0 0 0 0.122682709447415 0.796237967914439 0 0.569109625668449 0.0723716577540107 0 0 0 0 0.308866310160428 0.601311051693404 0 0.464077540106952 0.271242424242424
#NONE#
