82
0
True False
0.0768129308790589 0 0 0.0997914870827346 0.00401761551448223 0 0.00652497441932668 0.0648795106532044 0.000257615102427765 0.0381066039598 0.342467643249462 0 0 0.170266109130637 0.11186114172148 0.0140229800954799 0.0181453803619967 0.00548316473261768 0.00452817125188923 0.00622752773497425 0.0300903562655427 0 0.00213001633491172 0 0.00438677150997338 0.330970588235294 0.453807189542484 0.426539215686274 0.524692810457516 0.441584967320261 0.145 0.513967320261438 0.394718954248366 0.52959477124183 0.699711934156379 0.50521277858234 0.488483306092657 0.478519183657065 0.516470715460702 0 0 0 0 0.427565359477124 0.0993333333333332 0 0.350947712418301 0.52959477124183 0.330970588235294 0.453807189542484 0.426539215686274 0.524692810457516 0.0140196078431373 0.0456666666666667 0.513967320261438 0.0437712418300653 0 0.0677083333333333 0.0876131687242799 0.888456790123457 0.536458333333333 0.349094650205761 0.3125 0 0 0 0 0.346271241830065 0.0214509803921568 0 0.260143790849673 0.696937908496732 0 0 0 0 0.437323529411765 0.163522875816993 0 0.410696078431372 0.491790849673203
#NONE#
(Leaf304.txt) (listLeaf304ED.txt) (#NONE#)
(Neighbor1Leaf304.txt) (Neighbor2Leaf304.txt) (Neighbor3Leaf304.txt) (Neighbor4Leaf304.txt)
(#NONE#)
(#NONE#) (Node28.txt)
0.0502548165654142 3.01710092806024E-06 8.73554493232965E-05 0.115276717274377 0.00614724567153062 0 0.0179955891886521 0.0370847195033899 0.00115525417785406 0.0477446844769656 0.358347866033963 0.000153720045031315 0.00174622564209329 0.108153543779059 0.126995973231306 0.0172243488670026 0.0167052446716344 0.0116755884325588 0.0136618511371285 0.00365314082844396 0.048615407623246 0.00328343576743785 0.00330846219119105 0.000574614149044656 0.0101511781924244 0.378525585844094 0.450202295552367 0.411222381635581 0.488111908177905 0.464648971783836 0.2251181252989 0.462581539933046 0.405236728837877 0.557725490196079 0.699107196627522 0.494774159912756 0.473714787794836 0.495330132967776 0.53340009104819 0 0 0 0 0.459896221903396 0.117735054997609 0 0.377536585365854 0.557725490196079 0.378525585844094 0.450202295552367 0.411222381635581 0.488111908177905 0.00475274988043998 0.107383070301291 0.462581539933046 0.027700143472023 0 0.0640243902439024 0.0859756097560976 0.894896115627823 0.532774390243902 0.353041252634749 0.269817073170732 0 0 0 0 0.408518412242946 0.129219033955045 0 0.333652319464371 0.704657101865136 0 0 0 0 0.458012434241989 0.242830224772836 0 0.405810138689622 0.517272596843616
#NONE#
