87
0
True False
0.0241825159926525 0 0 0.0512913790808811 0.000494620996661308 0 0.00574723876756816 0.000144053253956636 0 0.00576276653261983 0.35897583633988 0 0 0.00958869608198175 0.504587920332109 0 0.000144099049670924 0.00088477366255144 0.00831685581222162 0 0.0208045340930247 0 0 2.05761316872428E-05 0.00905413387253406 0.308888888888889 0.514732026143791 0.589196078431373 0.40062091503268 0.599522875816994 0.584150326797386 0.395248366013072 0.513366013071896 0.255627450980392 0.82477366255144 0.495615509484791 0.500730064739657 0.484870498417562 0.482021958295875 0 0 0 0 0.599522875816994 0.584150326797386 0 0.491222222222222 0.187052287581699 0.308888888888889 0.514732026143791 0.589196078431373 0.40062091503268 0 0 0.395248366013072 0.0221437908496732 0.0685751633986929 0.03125 0.0659259259259259 0.710555555555556 0.458333333333333 0.157633744855967 0.104166666666667 0 0 0 0 0.64959477124183 0.638483660130719 0 0.488895424836601 0.159607843137255 0 0 0 0 0.581483660130719 0.563712418300654 0 0.507111111111111 0.253202614379085
#NONE#
(Leaf252.txt) (listLeaf252ED.txt) (#NONE#)
(Neighbor1Leaf252.txt) (Neighbor2Leaf252.txt) (Neighbor3Leaf252.txt) (Neighbor4Leaf252.txt)
(#NONE#)
(#NONE#) (Node27.txt)
0.0451878958386682 0 9.98027811250926E-05 0.086995097783842 0.00866255794936443 0 0.0216688570775349 0.0140616661983189 0.0037514635689354 0.0362970603350886 0.310570701912688 9.94556309692436E-05 0.000167781374279215 0.0696166459392452 0.275514652216598 0.00339612632442781 0.00759887246988056 0.00714284786401268 0.024995531594137 0.00303933432300857 0.0590156793590103 0.000788697270272032 0.00036835243901049 0.0016659470560455 0.0192949726935379 0.369236421005184 0.508301104349786 0.574956952896101 0.474699121027721 0.623673202614379 0.607747577191796 0.460825332431823 0.505494703628578 0.319162947937796 0.740269618277281 0.480515029277551 0.464536471508827 0.522925201486163 0.559209458364335 0 0 0 0 0.623673202614379 0.607747577191796 0 0.494276763578995 0.253815190443994 0.369236421005184 0.508301104349786 0.574956952896101 0.474699121027721 0 0 0.460825332431823 0.011217940049583 0.0653477574938021 0.0610632183908046 0.0759599829714772 0.882909039307507 0.530172413793103 0.33804455796793 0.272988505747126 0 0 0 0 0.705995943204868 0.701321613702953 0 0.413619562767636 0.176184358800992 0 0 0 0 0.587023213883255 0.574062204192021 0 0.504242506197882 0.342020283975659
#NONE#
