37
0
True False
0.0331687242798354 0 0 0.0476954732510287 0 0 0.00753086419753087 0 0 0.187407407407408 0.157530864197531 0 0 0.451481481481482 0.0837860082304527 0 0.014156378600823 8.23045267489713E-05 0 0 0.017119341563786 0 0 0 4.11522633744857E-05 0.467699346405229 0.300549019607843 0.375529411764706 0.535385620915033 0.580601307189542 0.414967320261438 0.535660130718954 0.255372549019608 0.415830065359477 0.801358024691358 0.486318254233541 0.500399234871958 0.507189672942343 0.467958484569922 0 0 0 0 0.580601307189542 0.414967320261438 0 0.221006535947713 0.415830065359477 0.467699346405229 0.300549019607843 0.375529411764706 0.535385620915033 0 0 0.535660130718954 0.0343660130718953 0 0.0416666666666667 0.0782304526748971 0.936049382716049 0.5625 0.385761316872428 0.291666666666667 0 0 0 0 0.883633986928105 0.732823529411765 0 0.213699346405229 0.815202614379085 0 0 0 0 0.513830065359477 0.367503267973856 0 0.25835294117647 0.358156862745098
#NONE#
(Leaf207.txt) (listLeaf207ED.txt) (#NONE#)
(Neighbor1Leaf207.txt) (Neighbor2Leaf207.txt) (Neighbor3Leaf207.txt) (Neighbor4Leaf207.txt)
(#NONE#)
(#NONE#) (Node28.txt)
0.0597364871749107 0 0 0.135029940000032 0.00271182521034317 0 0.0122746846431176 0.0208502828614576 0.00185025998166815 0.102110378841938 0.202783241921683 0.000480669710093137 3.34658581315343E-06 0.206217988100345 0.123027348182783 0.00236075396041212 0.0098280588499206 0.00886064913893448 0.018731989694723 0.00707796141988761 0.0678051143784057 6.34045577865803E-05 1.66957172146201E-05 0.00262607881461807 0.0155528402539133 0.421331213566507 0.293488076311606 0.295620561738209 0.513316375198728 0.560792792792793 0.469744568097509 0.586909379968203 0.395922628510864 0.501273979862215 0.668615281948615 0.501255704594873 0.460592615617267 0.48143853814204 0.534981694004545 0 0 0 0 0.551612082670906 0.416675145733969 0 0.346502384737679 0.420542660307366 0.421331213566507 0.293488076311606 0.295620561738209 0.513316375198728 0.00918071012188659 0.05306942236354 0.586909379968203 0.049420243773185 0.080731319554849 0.0472972972972973 0.0902635969302636 0.930583917250584 0.554054054054054 0.403870537203871 0.310810810810811 0 0 0 0 0.786830948595655 0.603015368309486 0 0.410532061473238 0.735695813460519 0 0 0 0 0.504120826709062 0.429659777424483 0 0.387098039215686 0.436390037095919
#NONE#
