100
0
True False
0.769869714901427 3.54157812721349E-05 4.82942471892749E-05 0.0787370569709761 0.00618680659186259 0 0.00947758250901671 0.00165670225928287 0.000380019022723077 0.0227081785722351 0.0476569070489503 6.99936254997763E-05 3.16610632796088E-05 0.00633995543887734 0.0330275234946431 0.00168255154852646 0.00115640381177591 0.000308739906231443 0.00682157870742081 0.00276622465472821 0.00329448285269885 5.53502981997315E-05 2.53463740427783E-05 0.000679736887020504 0.00698377343212041 0.024701860231272 0.0286344896933132 0.0344444444444444 0.0339195575666164 0.0816249371543489 0.0813262946204123 0.0450447461035696 0.0587440925087984 0.0791523378582202 0.102380500158278 0.494966080128641 0.647297467486791 0.494613821549418 0.467787188400217 0 0 0 0 0 0.00525188536953244 0 0 0 0.024701860231272 0.0286344896933132 0.0344444444444444 0.0339195575666164 0.0816249371543489 0.0760744092508798 0.0450447461035696 0.0587440925087984 0.0791523378582202 0.0336538461538462 0.0285185185185185 0.595773979107312 0.411858974358974 0.192690724912947 0.141025641025641 0 0 0 0 0.0614489693313223 0.0882171945701357 0 0.0430457516339869 0.0957958773252891 0 0 0 0 0.0742654600301659 0.0718009049773756 0 0.0513242835595777 0.0681085972850679
#NONE#
(Leaf216.txt) (listLeaf216ED.txt) (#NONE#)
(Neighbor1Leaf216.txt) (Neighbor2Leaf216.txt) (Neighbor3Leaf216.txt) (Neighbor4Leaf216.txt)
(#NONE#)
(#NONE#) (Node20.txt)
0.759184105293752 1.38121546961326E-05 1.88347564038172E-05 0.0744610013115171 0.00304380825059889 0 0.00538719098425487 0.00182634497368172 0.000148207418862 0.0475103716947646 0.034586069942978 2.72975139449128E-05 3.63402134110263E-05 0.0192531827414369 0.0240835361346853 0.00265642487573259 0.00307276227054904 0.00166130835875373 0.00489045358707799 0.00241982523953568 0.0105652114254881 0.000240536327642805 4.58439036357454E-05 0.000812078685464308 0.00405545194113259 0.0225294117647059 0.0233650980392157 0.030798431372549 0.025076862745098 0.0735262745098039 0.0759945098039215 0.0382349019607843 0.0571749019607843 0.088656862745098 0.102165432098765 0.494634901820927 0.585000014016417 0.494168876841359 0.478847847117311 0 0 0 0 0.00620509803921569 0.0146980392156863 0 0.00559921568627451 0.0162458823529412 0.0225294117647059 0.0233650980392157 0.030798431372549 0.025076862745098 0.0673211764705882 0.0612964705882353 0.0382349019607843 0.0515756862745098 0.0724109803921568 0.044375 0.0314382716049383 0.571171604938271 0.410625 0.191562962962963 0.159375 0 0 0 0 0.0630247058823529 0.0628580392156863 0 0.0390894117647059 0.098338431372549 0 0 0 0 0.0682396078431372 0.0740196078431373 0 0.0565113725490196 0.0800866666666667
#NONE#
