33
0
True False
0.059145671989949 0 0 0.240003915749557 0 0 0.000154320987654321 0.0257106207646169 0 0.132860535198238 0.0786500625145982 0 0.00296296296296298 0.0410595995401857 0.0113602573555791 0.027565052584013 0.14993106983163 0 3.08641975308643E-05 0.0412055890646014 0.1782173034912 0 0.0109259259259259 0 0.00021624784175792 0.129382352941177 0.515450980392157 0.307656862745098 0.255127450980392 0.287823529411764 0.506950980392157 0.184254901960784 0.545049019607843 0.481901960784313 0.587993827160494 0.469763784903723 0.520028485958544 0.536414747988875 0.45205788708579 0 0 0 0 0.232647058823529 0.506950980392157 0 0.545049019607843 0.481901960784313 0.129382352941177 0.515450980392157 0.307656862745098 0.255127450980392 0.0551764705882352 0 0.184254901960784 0 0 0.125 0.0884567901234568 0.946882716049383 0.5625 0.387222222222222 0.3125 0 0 0 0 0.126617647058824 0.515990196078432 0 0.804196078431373 0.41293137254902 0 0 0 0 0.329313725490196 0.489686274509804 0 0.452588235294118 0.475901960784314
#NONE#
(Leaf311.txt) (listLeaf311ED.txt) (#NONE#)
(Neighbor1Leaf311.txt) (Neighbor2Leaf311.txt) (Neighbor3Leaf311.txt) (Neighbor4Leaf311.txt)
(#NONE#)
(#NONE#) (Node21.txt)
0.116237218995909 0 0 0.134954981980682 0.0132109732458869 0 0.0355629220021623 0.0129048279531094 0 0.0793402876355197 0.203271658552559 0.000775463873498242 0.0180543763891825 0.0679335925691045 0.141438133515524 0.00617749142214593 0.0466073563459484 0.00535605969787854 0.0149189021943248 0.00851847045062606 0.0762543353160542 0.00152675183547004 0.00132809577254022 0.000487139703696005 0.0151409605481788 0.211708853238265 0.464501485442662 0.427246583481878 0.178728461081402 0.303653000594177 0.546576351752822 0.18303862150921 0.530251931075461 0.596106951871658 0.5627721661055 0.495203007551691 0.540053358859006 0.498261896481981 0.427527505080194 0 0 0 0 0.207384432560903 0.546576351752822 0 0.492053475935829 0.596106951871658 0.211708853238265 0.464501485442662 0.427246583481878 0.178728461081402 0.0962685680332739 0 0.18303862150921 0.0381984551396316 0 0.0814393939393939 0.0751552562663674 0.898690609801721 0.547348484848485 0.336127946127946 0.291666666666667 0 0 0 0 0.138749851455734 0.590993464052287 0 0.709959595959596 0.696045157456922 0 0 0 0 0.328779560308972 0.521487819370172 0 0.481199049316696 0.559025549613785
#NONE#
