34
0
True False
0.550780578928578 0 0 0.0884415973905436 0 0 0.000123502531801902 0.000494055932188511 0 0.0691909632679068 0.0660000986332863 0 0 0.0629494782732964 0.0800822989935772 0 0.0065432129252354 0.00582931950104978 0.0103727708076386 2.47005063603804E-05 0.0552654069251222 0 0 0.000172903544522663 0.00372911183889174 0.0605098039215686 0.0526666666666667 0.0565254901960784 0.0585647058823529 0.160070588235294 0.570603921568627 0.0626196078431373 0.566698039215686 0.648933333333333 0.279506172839506 0.549944881592413 0.533032375133425 0.476650713432529 0.479607716796242 0 0 0 0 0.110619607843137 0.412180392156863 0 0.566698039215686 0.648933333333333 0.0605098039215686 0.0526666666666667 0.0565254901960784 0.0585647058823529 0.0494509803921568 0.158423529411765 0.0626196078431373 0 0 0.0875 0.0554074074074074 0.650765432098765 0.5125 0.269407407407408 0.2875 0 0 0 0 0.0133019607843137 0.801411764705882 0 0.901082352941177 0.954980392156863 0 0 0 0 0.190125490196078 0.502619607843137 0 0.507450980392157 0.578666666666667
#NONE#
(Leaf233.txt) (listLeaf233ED.txt) (#NONE#)
(Neighbor1Leaf233.txt) (Neighbor2Leaf233.txt) (Neighbor3Leaf233.txt) (Neighbor4Leaf233.txt)
(#NONE#)
(#NONE#) (Node9.txt)
0.348869967586947 0 0.000267971304101492 0.0813702651474464 0.0460711572211785 0 0.0280773570851673 0.0025077600063301 0.00981165191004677 0.068300393784861 0.089619205842745 7.84732249356521E-06 0.000262563426249484 0.0457609133732348 0.0959624079178344 0.00235400336293112 0.0124942605497929 0.00765025156780421 0.041001443806123 0.00780929086526081 0.083203048296008 0.00260676937793166 0 0.0015593741049311 0.0244320961405819 0.0802260668973472 0.107352941176471 0.102756632064591 0.0983725490196078 0.216871972318339 0.548455594002307 0.137603229527105 0.711113033448674 0.745391003460208 0.40538489469862 0.531444346242205 0.528894414664507 0.466191404335152 0.472216730026143 0 0 0 0 0.141405997693195 0.501121107266436 0 0.711113033448674 0.723080738177624 0.0802260668973472 0.107352941176471 0.102756632064591 0.0983725490196078 0.0754659746251442 0.0473344867358708 0.137603229527105 0 0.0223102652825836 0.0772058823529412 0.0606245461147422 0.815511982570806 0.540441176470588 0.33202614379085 0.297794117647059 0 0 0 0 0.0862572087658593 0.578239907727797 0 0.877602076124568 0.909222606689735 0 0 0 0 0.238517877739331 0.53281660899654 0 0.666673587081891 0.689409457900807
#NONE#
