94
0
True False
0.444579336775684 0 0 0.0196757390653514 0 0 0.000702140148511963 3.25022507808667E-06 0 0.00922965502150326 0.0221899112290011 0 6.42471201228405E-06 0.00302579656864215 0.126436040160794 0.0153281296585767 0.00555129576082371 0.000373168822679234 0.062789620005805 0.00107976280253773 0.0290526702122557 0 6.47177914873649E-06 0 0.259970587051595 0.00803117144293614 0.0101297134238311 0.00740673705379587 0.00862342885872297 0.746247360482655 0.816268476621418 0.00810859728506787 0.810751131221719 0.831916540975365 0.52866413421969 0.499765957587098 0.500505581893577 0.485487816176875 0.480469728998875 0 0 0 0 0.746247360482655 0.816268476621418 0 0.810751131221719 0.831916540975365 0.00803117144293614 0.0101297134238311 0.00740673705379587 0.00862342885872297 0 0 0.00810859728506787 0 0 0.0721153846153846 0.0546312124089902 0.543732193732194 0.423076923076923 0.211851851851852 0.232371794871795 0 0 0 0 0.658921065862242 0.810975364504776 0 0.850797385620915 0.85569532428356 0 0 0 0 0.7347732528909 0.788421317244847 0 0.76326395173454 0.79131221719457
#NONE#
(Leaf150.txt) (listLeaf150ED.txt) (#NONE#)
(Neighbor1Leaf150.txt) (Neighbor2Leaf150.txt) (Neighbor3Leaf150.txt) (Neighbor4Leaf150.txt)
(#NONE#)
(#NONE#) (Node9.txt)
0.29744398665056 0 0 0.0780575373752839 0.0278129190736778 0 0.014291440093867 0.000924766869984937 7.55388189430932E-05 0.0290133821704972 0.102083626514623 4.14910213429814E-06 0.000350222600189812 0.0192060530332919 0.157265700158004 0.00933450536733555 0.00443705841920444 0.0107542284882903 0.0568711143932843 0.00180695435463467 0.0560991486050098 0.00129114193954718 2.68509985958216E-06 0.00330276852049437 0.129571072351284 0.0648260325406758 0.104178973717146 0.145139758030872 0.0783037129745515 0.66656862745098 0.760681685440133 0.100637463496037 0.77673717146433 0.777505214851898 0.533571053322826 0.500017892925678 0.523885823729756 0.482623486084713 0.441203189279236 0 0 0 0 0.66656862745098 0.760681685440133 0 0.77673717146433 0.775534418022528 0.0648260325406758 0.104178973717146 0.145139758030872 0.0783037129745515 0 0 0.100637463496037 0 0.00197079682937004 0.0578457446808511 0.0572117152613607 0.724189650643551 0.490691489361702 0.270278434462832 0.256648936170213 0 0 0 0 0.657102211097205 0.793240300375469 0 0.874984564038381 0.850794743429287 0 0 0 0 0.64693032957864 0.730637880684189 0 0.733060492282019 0.739053817271589
#NONE#
