42
0
True False
0.397413772246972 0 0 0.0149245018820402 0 0 0.000558079060910081 1.26135216952573E-05 0 0.0109321404720675 0.0194733486826145 0 0 0.00164664604085748 0.114047263338915 0.0609262559622233 0.0124001544523389 0 0.0483233144917533 0.00280065793630113 0.0511057482903361 0 5.06086715815036E-05 0 0.265384894949394 0.00836862745098039 0.0115803921568627 0.00816470588235294 0.0122901960784314 0.802062745098039 0.492823529411765 0.00886666666666667 0.853870588235294 0.386611764705882 0.555592592592593 0.497867694576184 0.475673106094058 0.494171129111289 0.520366444440523 0 0 0 0 0.802062745098039 0.4676 0 0.853870588235294 0.358392156862745 0.00836862745098039 0.0115803921568627 0.00816470588235294 0.0122901960784314 0 0.0252235294117647 0.00886666666666667 0 0.0282196078431373 0.06875 0.060074074074074 0.624098765432099 0.45625 0.256506172839506 0.2875 0 0 0 0 0.820713725490196 0.469792156862745 0 0.931486274509804 0.139294117647059 0 0 0 0 0.778294117647059 0.500396078431372 0 0.810929411764706 0.436941176470588
#NONE#
(Leaf169.txt) (listLeaf169ED.txt) (#NONE#)
(Neighbor1Leaf169.txt) (Neighbor2Leaf169.txt) (Neighbor3Leaf169.txt) (Neighbor4Leaf169.txt)
(#NONE#)
(#NONE#) (Node9.txt)
0.389903022906313 0 0 0.0912340465752276 0.00860285289882813 0 0.0108295171712758 0.00260585895796911 0.000101942300657828 0.062527306402519 0.0765038581067827 0 0.00240312835825826 0.042880379063625 0.0966498371864781 0.0257987995162383 0.0086144449227465 0.0104116626384716 0.0240651755569687 0.0044479903715622 0.0624868967505724 1.17745140312619E-05 1.49891310937736E-05 0.00264151890514475 0.0772649977652365 0.0552007469654528 0.060327731092437 0.08703081232493 0.0664500466853408 0.718126050420168 0.426698412698413 0.0734677871148459 0.766804855275443 0.409243697478992 0.414109347442681 0.49995323483529 0.481610100789287 0.486131943509 0.493848835430559 0 0 0 0 0.718126050420168 0.384451914098973 0 0.766804855275443 0.342150326797386 0.0552007469654528 0.060327731092437 0.08703081232493 0.0664500466853408 0 0.0422464985994398 0.0734677871148459 0 0.0670933706816059 0.0788690476190476 0.0551763668430335 0.748495002939448 0.519345238095238 0.292698412698413 0.279761904761905 0 0 0 0 0.794217553688142 0.471315592903828 0 0.865649859943978 0.338450046685341 0 0 0 0 0.683874883286648 0.411074696545285 0 0.724572362278245 0.415543417366947
#NONE#
