92
0
True False
0.134192813041211 0 0 0.232385377156113 0.0524505786903952 0 0.0612380026885185 0.007037161286442 0.00248838296351288 0.0267103154770379 0.259507058297416 0 0 0.0198029243704783 0.155623159516585 0 0 0.000179843751451477 0.0159149981319486 0 0.00596887988830295 0 0 0 0.0265005047405862 0.345246187363834 0.31842265795207 0.170640522875817 0.415799564270152 0.681864923747277 0.222230936819172 0.434 0.494644880174292 0.289084967320262 0.423676268861454 0.494644130164096 0.344888631055287 0.497721020783221 0.601744475240773 0 0 0 0 0.681864923747277 0 0 0.459185185185185 0.0329891067538127 0.345246187363834 0.31842265795207 0.170640522875817 0.415799564270152 0 0.222230936819172 0.434 0.0354596949891068 0.256095860566449 0.0486111111111111 0.064238683127572 0.928820301783265 0.555555555555556 0.328148148148148 0.256944444444444 0 0 0 0 0.876897603485839 0.210296296296296 0 0.298278867102397 0.5040174291939 0 0 0 0 0.640200435729847 0.207511982570806 0 0.503006535947713 0.246313725490196
#NONE#
(Leaf141.txt) (listLeaf141ED.txt) (#NONE#)
(Neighbor1Leaf141.txt) (Neighbor2Leaf141.txt) (Neighbor3Leaf141.txt) (Neighbor4Leaf141.txt)
(#NONE#)
(#NONE#) (Node28.txt)
0.100999429749674 0 4.19998656004301E-06 0.246411555412871 0.00878733690995705 0 0.0170351765731803 0.0350523987847298 0.00241672282094483 0.0700277808335135 0.188557864044535 2.83795037711672E-05 5.37299318704464E-06 0.102812177944101 0.117649799029964 0.00531358958046455 0.00460254253912227 0.00728476659876467 0.0156471295850131 0.00896169096960405 0.0499277394758097 0.000405636121307373 0.000834699007595204 0.00171975628720432 0.0155142552481259 0.287031116794544 0.281845694799659 0.275053282182438 0.505015345268542 0.666947144075021 0.215652600170503 0.455825660699062 0.491497442455243 0.330622762148338 0.492678475577026 0.48908384457522 0.427277988220073 0.495996055117915 0.557968475605769 0 0 0 0 0.662126172208014 0.0415916453537937 0 0.423722506393862 0.074037936913896 0.287031116794544 0.281845694799659 0.275053282182438 0.505015345268542 0.00482097186700767 0.174060954816709 0.455825660699062 0.0677749360613811 0.256584825234442 0.0713315217391304 0.0840606548577563 0.930466988727858 0.555027173913043 0.376621041331186 0.30366847826087 0 0 0 0 0.855863171355499 0.208159846547315 0 0.515049445865303 0.569371270247229 0 0 0 0 0.61174126172208 0.212512361466326 0 0.470852088661552 0.288843563512361
#NONE#
