85
0
True False
0.00827160493827162 0 0 0.0222716049382716 9.87654320987654E-05 0 0.0487407407407406 0 0 0.114567901234568 0.387456790123457 0 0 0.337185185185185 0.043679012345679 0 0.00624691358024691 0 0.000222222222222222 0.00054320987654321 0.030716049382716 0 0 0 0 0.313709803921569 0.423929411764706 0.47361568627451 0.36236862745098 0.417552941176471 0.433309803921569 0.336588235294118 0.439443137254902 0.486360784313725 0.866172839506173 0.493705547999436 0.50387661354854 0.495207815573108 0.473254801311013 0 0 0 0 0.417552941176471 0.433309803921569 0 0.439443137254902 0.486360784313725 0.313709803921569 0.423929411764706 0.47361568627451 0.36236862745098 0 0 0.336588235294118 0 0 0 0.0522469135802469 0.889061728395062 0.5375 0.320913580246914 0.225 0 0 0 0 0.413898039215686 0.380611764705882 0 0.231772549019608 0.605333333333333 0 0 0 0 0.402258823529412 0.42363137254902 0 0.441858823529412 0.45873725490196
#NONE#
(Leaf272.txt) (listLeaf272ED.txt) (#NONE#)
(Neighbor1Leaf272.txt) (Neighbor2Leaf272.txt) (Neighbor3Leaf272.txt) (Neighbor4Leaf272.txt)
(#NONE#)
(#NONE#) (Node21.txt)
0.0475389819614502 0.000112682276402833 0.00132281512749679 0.130913619793284 0.0292809213772959 0 0.0465442389852321 0.0294432152255075 0.00863938428029022 0.0866516813036625 0.255438223732777 8.03230289446168E-05 0.00238761748276727 0.130539359424474 0.106014154181673 0.0102516539205158 0.0169313615715006 0.0169152150354588 0.010481613457556 0.00997325673075908 0.0440639420281611 0.00184715249447767 0.00258409712828795 0.00309089801213026 0.00895359143989469 0.26282122260669 0.384764475201845 0.389603229527105 0.326036447520184 0.407834371395617 0.388226066897347 0.309821914648212 0.383054209919262 0.593483275663206 0.644143790849673 0.495867746509754 0.499580782823425 0.491401694848685 0.473833039396269 0 0 0 0 0.374838292964245 0.340993771626298 0 0.329808073817762 0.584406920415225 0.26282122260669 0.384764475201845 0.389603229527105 0.326036447520184 0.0329960784313726 0.0472322952710496 0.309821914648212 0.0532461361014994 0.00907635524798154 0.0705882352941176 0.084156862745098 0.923096586782861 0.547794117647059 0.393610748002905 0.291176470588235 0 0 0 0 0.321110495963091 0.216969780853518 0 0.251699192618224 0.806157785467128 0 0 0 0 0.410330334486736 0.398671741637832 0 0.388975317185698 0.538672664359862
#NONE#
