34
0
True False
0.119847787522205 0 0 0.131636276011603 0.0308248579668775 0 0.013300121652195 0.000101072491436914 0 0.0975477611052117 0.122715532018391 0 1.12302768263237E-05 0.0436607481594277 0.118522788772356 0.00154977820203268 0.00107066396077325 0.025805145626295 0.0502659586833764 0.000752428547363693 0.158663607975388 0.00452580156100848 0 0.00209962348475434 0.077098815982478 0.529557932263815 0.823704099821747 0.783411764705882 0.65222816399287 0.251283422459893 0.161105169340463 0.594866310160428 0.242381461675579 0.127483065953654 0.521694725028058 0.490600942899897 0.483169769464226 0.502318474117487 0.50457947710821 0 0 0 0 0.0344670231729055 0 0 0.0305953654188948 0 0.529557932263815 0.823704099821747 0.783411764705882 0.65222816399287 0.216816399286987 0.161105169340463 0.594866310160428 0.211786096256685 0.127483065953654 0.0965909090909091 0.086969696969697 0.940695847362514 0.556818181818182 0.432637485970819 0.318181818181818 0 0 0 0 0.461169340463458 0.239957219251337 0 0.566994652406417 0.116285204991087 0 0 0 0 0.224146167557932 0.151108734402852 0 0.185304812834225 0.122634581105169
#NONE#
(Leaf143.txt) (listLeaf143ED.txt) (#NONE#)
(Neighbor1Leaf143.txt) (Neighbor2Leaf143.txt) (Neighbor3Leaf143.txt) (Neighbor4Leaf143.txt)
(#NONE#)
(#NONE#) (Node13.txt)
0.109103287827103 0 0 0.166779490503575 0.0216810315684347 0 0.00795500955021943 0.00879641716978435 0.00413345581852645 0.0927978740490163 0.151662541285611 0 3.30776338166996E-05 0.0515375521201751 0.153287308611352 0.00995183710599103 0.00560678292828087 0.0120202470961542 0.0511089380372987 0.00164007553790726 0.0843694279856253 0.00146786818556305 5.82087838745197E-05 0.000791964364298842 0.0652176038373918 0.571021914648212 0.720229527104959 0.65499538638985 0.670750865051903 0.263487889273356 0.201530565167243 0.638418685121107 0.305158016147635 0.14738062283737 0.502127814088598 0.480649712532019 0.44886820733819 0.510026370694574 0.53255342453579 0 0 0 0 0.106543252595156 0.0624429065743945 0 0.0384728950403691 0.0187289504036909 0.571021914648212 0.720229527104959 0.65499538638985 0.670750865051903 0.156944636678201 0.139087658592849 0.638418685121107 0.266685121107266 0.12865167243368 0.0808823529411765 0.0976180101670298 0.918093681917211 0.555147058823529 0.390969498910675 0.301470588235294 0 0 0 0 0.288680507497116 0.237837370242215 0 0.612647058823529 0.116712802768166 0 0 0 0 0.262758938869666 0.198682814302191 0 0.251651672433679 0.147024221453287
#NONE#
