55
0
True False
0.321543089692506 0 0 0.246800432243386 0.00326864748704168 0 0.0230965151834892 0.041429139434838 0 0.0560973170719914 0.110315867592745 0.000872016156061677 0 0.0603638457718912 0.071239427806962 0 0.00105944060083419 0.0406583535596054 0.00245863668360746 0 0.0181583955592658 1.76563024171479E-05 0 0.000123594116920035 0.00249762473643722 0.0638599439775911 0.149428571428571 0.450207282913165 0.149563025210084 0.173047619047619 0.216151260504202 0.154532212885154 0.147826330532213 0.552627450980392 0.287671957671958 0.506500180286297 0.673895527061082 0.487221106546411 0.422480117161715 0 0 0 0 0.0570420168067227 0.136991596638656 0 0 0.486436974789916 0.0638599439775911 0.149428571428571 0.450207282913165 0.149563025210084 0.116005602240896 0.0791596638655462 0.154532212885154 0.147826330532213 0.0661904761904761 0.0446428571428571 0.0756966490299824 0.912539682539683 0.5625 0.345149911816578 0.241071428571429 0 0 0 0 0.226072829131653 0.0868011204481792 0 0.132705882352941 0.740974789915966 0 0 0 0 0.152268907563025 0.221198879551821 0 0.143142857142857 0.495921568627451
#NONE#
(Leaf314.txt) (listLeaf314ED.txt) (#NONE#)
(Neighbor1Leaf314.txt) (Neighbor2Leaf314.txt) (Neighbor3Leaf314.txt) (Neighbor4Leaf314.txt)
(#NONE#)
(#NONE#) (Node21.txt)
0.195923547463859 0 0 0.257669425810406 0.059595232646182 0 0.0328771176785291 0.0266753650457815 9.13203146199784E-06 0.0626530025664428 0.144098529760028 0.00011098387440785 0.00166285907077258 0.0508123262859779 0.0769012913846915 0.0104050378504883 0.0093636002976974 0.00797244279252875 0.0121378098132491 0.000538301140295386 0.0317210014947526 0.000530976332412 0.00613155782587579 0.000107989734111613 0.0121024691000482 0.124361497326203 0.179645632798574 0.38803137254902 0.153178609625669 0.170022103386809 0.34700320855615 0.146404278074866 0.184221033868093 0.577239215686275 0.357232323232323 0.512292905632321 0.625117962920786 0.484164546749937 0.419986808242726 0 0 0 0 0.0242495543672014 0.265800356506239 0 0.0380363636363636 0.564263101604278 0.124361497326203 0.179645632798574 0.38803137254902 0.153178609625669 0.145772549019608 0.0812028520499109 0.146404278074866 0.146184670231729 0.0129761140819964 0.0625 0.0711402918069585 0.894915824915824 0.538636363636364 0.344911335578002 0.270454545454545 0 0 0 0 0.194776470588235 0.191396078431372 0 0.147243493761141 0.716720855614973 0 0 0 0 0.159056684491979 0.358837789661319 0 0.188943315508021 0.534114795008913
#NONE#
