51
0
True False
0.0930583958673286 0 0 0.150951712419901 0.0145765357022195 0 0.00862984240901356 0.000154569061456659 0.000124084874053853 0.0157206127360237 0.417356577489035 0 0 0.00606929803879883 0.256001014381475 0 0.000340314142943906 0 0.00902143654860346 0 0.021623086681146 0 0 0 0.00637251964800078 0.325745098039215 0.456117647058823 0.755078431372549 0.497009803921569 0.541803921568627 0.683392156862745 0.508745098039216 0.604539215686274 0.593009803921569 0.690771604938272 0.485267386390711 0.432591527931685 0.529935136849344 0.644541192383316 0 0 0 0 0.541803921568627 0.683392156862745 0 0.604539215686274 0.431568627450981 0.325745098039215 0.456117647058823 0.755078431372549 0.497009803921569 0 0 0.508745098039216 0 0.161441176470588 0.125 0.0758333333333333 0.821234567901235 0.515625 0.308703703703704 0.3125 0 0 0 0 0.432578431372549 0.913892156862745 0 0.639735294117647 0.982823529411765 0 0 0 0 0.534921568627451 0.631254901960784 0 0.589372549019608 0.485794117647059
#NONE#
(Leaf109.txt) (listLeaf109ED.txt) (#NONE#)
(Neighbor1Leaf109.txt) (Neighbor2Leaf109.txt) (Neighbor3Leaf109.txt) (Neighbor4Leaf109.txt)
(#NONE#)
(#NONE#) (Node26.txt)
0.0522053019322036 0 0 0.107584397695242 0.00712321989553227 0 0.0213847616642489 0.0155148219119011 0.0117998940269139 0.0301685595112678 0.242400423963989 0.00199753855375744 0.000496418598470245 0.0643640761120848 0.281919186086168 0.000344236216499223 0.0154945835441374 0.0232440207007506 0.0319656472054619 0.00248932770090405 0.0639810550307966 0.00288373546859247 5.32815842862086E-05 0.00615854455393403 0.0164269680428582 0.5199938485198 0.544194540561323 0.614585928489043 0.554259900038447 0.602830449826989 0.652302960399846 0.580859669357939 0.572728181468666 0.492121491733948 0.726986201888162 0.474754478115217 0.44887581686704 0.54007710678096 0.592679751836796 0 0 0 0 0.602830449826989 0.652302960399846 0 0.572728181468666 0.373675509419454 0.5199938485198 0.544194540561323 0.614585928489043 0.554259900038447 0 0 0.580859669357939 0 0.118445982314494 0.0649509803921569 0.0825780682643428 0.885722585330429 0.529411764705882 0.362181069958848 0.299019607843137 0 0 0 0 0.591131103421761 0.888911956939639 0 0.547443291041907 0.82878277585544 0 0 0 0 0.585451749327182 0.590986543637063 0 0.554894271434064 0.420579008073818
#NONE#
