78
0
True False
0.388137321245017 0 0 0.049312555701985 0.0025759099490111 0 0.0261654306241452 0 0 0.394672388767244 0.0375314451499702 0 0.00585543146491646 0.0289696152046272 0.0108552192105346 0.0111462384505838 0.0168032946594883 0.000940533022446525 0.000319112380225044 0.0103723806401239 0.0153694418417649 0 0 0.000885441569710814 8.82401182063277E-05 0.0430812324929972 0.0918375350140057 0.164532212885154 0.0713221288515407 0.123663865546218 0.171747899159664 0.1063081232493 0.153669467787115 0.275551820728291 0.141675485008818 0.600602067442552 0.543234790584873 0.472290674015692 0.490422887672994 0 0 0 0 0 0.0929747899159664 0 0.0427002801120449 0.194028011204482 0.0430812324929972 0.0918375350140057 0.164532212885154 0.0713221288515407 0.123663865546218 0.0787731092436975 0.1063081232493 0.11096918767507 0.0815238095238094 0.0535714285714286 0.042363315696649 0.892962962962963 0.544642857142857 0.357178130511464 0.25 0 0 0 0 0.0740168067226891 0.0885546218487394 0 0.0480224089635854 0.402179271708684 0 0 0 0 0.118571428571428 0.187322128851541 0 0.169955182072829 0.244112044817927
#NONE#
(Leaf246.txt) (listLeaf246ED.txt) (#NONE#)
(Neighbor1Leaf246.txt) (Neighbor2Leaf246.txt) (Neighbor3Leaf246.txt) (Neighbor4Leaf246.txt)
(#NONE#)
(#NONE#) (Node20.txt)
0.341814355194782 3.45477696946964E-05 8.22565945111819E-06 0.152727912758582 0.0781401008314094 0 0.0215209269064885 0.0114508822677199 0.000176934893534192 0.200600434381616 0.053309896452264 0 0.00502166422740136 0.0313358927803502 0.0246196829137487 0.0218068740995361 0.00637509876513984 0.00375149023473197 0.00924455349900164 0.00767091274526575 0.0182322408493127 0.000713034056428245 0.000177986763319543 0.00231981999201349 0.00894653195820878 0.0777948717948718 0.131246857717446 0.143407239819004 0.101289089994972 0.118876822523881 0.15960231271996 0.141503267973856 0.131045248868778 0.273696832579186 0.196579613801836 0.53222271997164 0.572674896439131 0.486284206609925 0.47160356317483 0 0 0 0 0.0178511814982403 0.0454449472096531 0 0.00723529411764706 0.171792860734037 0.0777948717948718 0.131246857717446 0.143407239819004 0.101289089994972 0.101025641025641 0.114157365510307 0.141503267973856 0.123809954751131 0.101903971845148 0.0560897435897436 0.0554162709718265 0.860770813548591 0.52724358974359 0.314180120291231 0.226762820512821 0 0 0 0 0.0647355455002514 0.132023629964806 0 0.118843137254902 0.247978381096028 0 0 0 0 0.122022624434389 0.159404223227753 0 0.126954248366013 0.2730407239819
#NONE#
