94
0
True False
0.198936311265261 0 0 0.178625538934436 0.00167942701901704 0 0.00800336161725597 0.0029140254832839 0.0720424796245986 0.112531082780668 0.126053660256971 0.000716226228698444 0 0.0737563421539193 0.057994021872868 4.93827160493828E-05 0.00894676751423678 0.00118547789577673 0.00461904797063545 0.0003210669301062 0.1448774394877 2.46974561620154E-05 0 0.00041985675475426 0.00630378603760302 0.164956862745098 0.303427450980392 0.583709803921569 0.165835294117647 0.615066666666667 0.675223529411765 0.189482352941176 0.154603921568628 0.288572549019608 0.470148148148148 0.460586910878864 0.529701031710315 0.523893461768037 0.477546467738939 0 0 0 0 0.615066666666667 0.675223529411765 0 0.059764705882353 0.236674509803921 0.164956862745098 0.303427450980392 0.583709803921569 0.165835294117647 0 0 0.189482352941176 0.0948392156862746 0.0518980392156864 0.1 0.0692592592592593 0.896024691358025 0.5375 0.336172839506173 0.2625 0 0 0 0 0.567537254901961 0.875772549019608 0 0.0394509803921569 0.194941176470588 0 0 0 0 0.605921568627451 0.62521568627451 0 0.178729411764706 0.294478431372549
#NONE#
(Leaf258.txt) (listLeaf258ED.txt) (#NONE#)
(Neighbor1Leaf258.txt) (Neighbor2Leaf258.txt) (Neighbor3Leaf258.txt) (Neighbor4Leaf258.txt)
(#NONE#)
(#NONE#) (Node22.txt)
0.0929907601580078 1.34084924027482E-06 0.00041164071676437 0.18090137436573 0.0232934756875153 0 0.0404536281572634 0.0331644302262151 0.0102985085955515 0.0681051855403906 0.256025818043639 0.000194604491804874 0.00300032499779625 0.0768409766398915 0.119355218231111 0.00332708253240631 0.00774691054005775 0.00377188158305016 0.0135805193773979 0.00373630969487067 0.050850150776522 6.97460354928536E-05 0.000640913587475427 0.00128635429753147 0.00995284487427458 0.278042553191489 0.397052565707134 0.390369628702545 0.316889445139758 0.525663329161452 0.606227367542762 0.305851481017939 0.218198581560284 0.347317897371714 0.556988442343052 0.449796232761722 0.511202869102088 0.536663626539784 0.474160943994328 0 0 0 0 0.525663329161452 0.602472256987901 0 0.0929182311222361 0.265304547350855 0.278042553191489 0.397052565707134 0.390369628702545 0.316889445139758 0 0.00375511055486024 0.305851481017939 0.125280350438048 0.0820133500208594 0.0777925531914894 0.084628316259522 0.917239296033622 0.549202127659574 0.379317047543998 0.317154255319149 0 0 0 0 0.544401335002086 0.795672924488945 0 0.123041718815186 0.313990821860659 0 0 0 0 0.506379224030037 0.550410095953275 0 0.232038381309971 0.347648727576137
#NONE#
