68
0
True False
0.185884758781282 0 0 0.126451852714946 0.00394917582417582 0 0.00503816172325337 0.000247005063603804 0 0.0943407280254855 0.141635353191624 0 0 0.0339070511847644 0.138025807411525 0 0.000989042325830652 3.08756329504755E-05 0.0444237064321629 0 0.151809508450774 0 0 0 0.0732669732376225 0.650470588235294 0.363245098039216 0.398882352941176 0.635102941176471 0.100191176470588 0.139539215686275 0.58271568627451 0.142274509803921 0.123156862745098 0.518796296296296 0.524304878608691 0.506956858665059 0.462442849613444 0.482678400255433 0 0 0 0 0 0.0542745098039216 0 0.0486666666666666 0.0392450980392156 0.650470588235294 0.363245098039216 0.398882352941176 0.635102941176471 0.100191176470588 0.085264705882353 0.58271568627451 0.0936078431372548 0.0839117647058823 0.0859375 0.0827623456790123 0.937268518518519 0.546875 0.420864197530864 0.2734375 0 0 0 0 0.0747254901960784 0.17471568627451 0 0.0835735294117646 0.0713235294117647 0 0 0 0 0.0996323529411765 0.144725490196078 0 0.144745098039216 0.141676470588235
#NONE#
(Leaf336.txt) (listLeaf336ED.txt) (#NONE#)
(Neighbor1Leaf336.txt) (Neighbor2Leaf336.txt) (Neighbor3Leaf336.txt) (Neighbor4Leaf336.txt)
(#NONE#)
(#NONE#) (Node23.txt)
0.161590085676102 0 0 0.182003940700742 0.00606544537094274 0 0.0189644036501735 0.0223375422399037 0.00185874571089951 0.0783430153831276 0.166437133314861 0.000380283159292034 0.00166180513242867 0.0633265453076192 0.138628118263147 0.0161265188474698 0.0145924095938782 0.00455876465521044 0.0312005282663957 0.00519555204082894 0.0548870799845859 0.00104752695317423 8.53594609333552E-05 0.000729748725480495 0.0299794475628038 0.531399653979239 0.269299884659746 0.392797577854671 0.575884659746251 0.150565743944637 0.204381199538639 0.618804498269896 0.166373702422145 0.171254901960784 0.460279593318809 0.495194670797911 0.453035324678716 0.493027573731364 0.515032006000095 0 0 0 0 0.0217151095732411 0.0749400230680507 0 0.0331949250288351 0.041437139561707 0.531399653979239 0.269299884659746 0.392797577854671 0.575884659746251 0.128850634371396 0.129441176470588 0.618804498269896 0.13317877739331 0.129817762399077 0.078125 0.0925363108206246 0.913547567175018 0.543198529411765 0.37625816993464 0.292279411764706 0 0 0 0 0.0649728950403691 0.154041522491349 0 0.0796741637831603 0.140047866205306 0 0 0 0 0.16510553633218 0.210574394463668 0 0.178530565167243 0.179058823529412
#NONE#
