80
0
True False
0.104484862833638 0 0 0.0270384207555463 0.000959056443676372 0 0.000954655139662616 9.50723976307961E-06 0 0.0124385337450074 0.0492535816979722 0 0 0.0240518474725274 0.145379724843767 0.000542678441205701 0.00307978801188852 0.000238033059483748 0.170176247954776 0.000475682694340552 0.0312371767807385 0 0 6.69179931918019E-05 0.429613284892815 0.769638009049774 0.774404223227753 0.732283559577677 0.847523378582202 0.762503770739065 0.204739064856712 0.835085972850679 0.294814479638009 0.861095022624434 0.775508072174739 0.498680082865509 0.479788410916581 0.476586106749788 0.543188987674281 0 0 0 0 0.762503770739065 0.129604826546003 0 0.216153846153846 0.861095022624434 0.769638009049774 0.774404223227753 0.732283559577677 0.847523378582202 0 0.0751342383107089 0.835085972850679 0.0786606334841629 0 0.0673076923076923 0.086980056980057 0.628850902184235 0.423076923076923 0.19613485280152 0.211538461538462 0 0 0 0 0.849547511312217 0.207622926093514 0 0.117803921568628 0.855665158371041 0 0 0 0 0.721668174962293 0.209752639517345 0 0.31556862745098 0.812358974358974
#NONE#
(Leaf43.txt) (listLeaf43ED.txt) (#NONE#)
(Neighbor1Leaf43.txt) (Neighbor2Leaf43.txt) (Neighbor3Leaf43.txt) (Neighbor4Leaf43.txt)
(#NONE#)
(#NONE#) (Node26.txt)
0.0510913694124039 9.72942920681986E-05 0.000198314328210214 0.0639754165476542 0.00343302489888783 0 0.0112894383601497 0.00642734611994386 0.00790644528973403 0.0292034248138265 0.146218116643665 0.00114128361409508 0.000281135634954103 0.0441391191734663 0.325560085540307 0.00306915845749548 0.00531295008288663 0.0164624280079761 0.09417763511526 0.00602255112280296 0.0584574550746232 0.00172360125468354 8.64867066900714E-05 0.00352405379464387 0.120201865713572 0.644205882352941 0.673465196078431 0.649586274509804 0.682503431372549 0.665298039215686 0.398164215686274 0.670733333333334 0.34366568627451 0.726319117647059 0.768743827160494 0.485530788542541 0.482760093464291 0.506766983262932 0.524866431374308 0 0 0 0 0.648375 0.36015 0 0.251076470588235 0.722053921568627 0.644205882352941 0.673465196078431 0.649586274509804 0.682503431372549 0.0169230392156863 0.0380142156862745 0.670733333333334 0.0925892156862745 0.00426519607843137 0.0484375 0.0799043209876543 0.80804475308642 0.50546875 0.301618827160494 0.2734375 0 0 0 0 0.74469068627451 0.300058823529412 0 0.2468 0.820357352941176 0 0 0 0 0.629696078431373 0.405439215686275 0 0.352335294117647 0.688729411764706
#NONE#
