68
0
True False
0.0908607990923594 0 0 0.0246615878508423 0.00235285960240913 0 0.00236399093117908 0 0 0.00718715925798886 0.0282988941709598 0 0 0.007934079341005 0.107977665412941 4.95049504950495E-05 0.00188135028429965 0.000334479593684149 0.153596469837439 0.000136385923561948 0.0281155000199321 0 0 0.000396837792321576 0.543852435938582 0.746647058823529 0.8162 0.798223529411765 0.827929411764706 0.693149019607843 0.872439215686275 0.846752941176471 0.805462745098039 0.117023529411765 0.798135802469136 0.489597754039719 0.479339939192377 0.51125302580825 0.552558433773565 0 0 0 0 0.691235294117647 0.872439215686275 0 0.805462745098039 0.0517725490196079 0.746647058823529 0.8162 0.798223529411765 0.827929411764706 0.00191372549019608 0 0.846752941176471 0 0.0652509803921568 0.09375 0.0855432098765432 0.557654320987654 0.3875 0.180777777777778 0.1875 0 0 0 0 0.632709803921569 0.94144705882353 0 0.893792156862745 0.0773450980392156 0 0 0 0 0.697701960784314 0.800474509803922 0 0.757533333333333 0.131921568627451
#NONE#
(Leaf324.txt) (listLeaf324ED.txt) (#NONE#)
(Neighbor1Leaf324.txt) (Neighbor2Leaf324.txt) (Neighbor3Leaf324.txt) (Neighbor4Leaf324.txt)
(#NONE#)
(#NONE#) (Node26.txt)
0.0488485977331794 1.08932461873638E-05 0 0.06337171891999 0.00247179322151432 0 0.00779799634761924 0.00265598514053714 0.00016172845293995 0.0342453167323727 0.0858644378531266 0.000152505446623094 0.000505097289040324 0.0304201239858923 0.227057433095908 0.00321161831062561 0.00506439498195806 0.0130014045481264 0.129905751684958 0.00524838653631498 0.0983504314499234 0.00503631082062454 0 0.00291421305939602 0.233703861143143 0.71859169550173 0.768143598615917 0.741171856978086 0.783386966551326 0.633998846597463 0.784170126874279 0.785482122260669 0.778831026528258 0.253168973471742 0.766234567901235 0.482174426580897 0.465903913704159 0.523864000845383 0.563051073127194 0 0 0 0 0.601398500576701 0.777854094579008 0 0.778831026528258 0.150257785467128 0.71859169550173 0.768143598615917 0.741171856978086 0.783386966551326 0.0326003460207612 0.00631603229527104 0.785482122260669 0 0.102911188004614 0.0560661764705882 0.0788562091503268 0.747509077705156 0.472426470588235 0.277788671023965 0.227022058823529 0 0 0 0 0.598453863898501 0.902828143021915 0 0.831391580161476 0.127085351787774 0 0 0 0 0.628773356401384 0.733767012687428 0 0.739929642445213 0.288358708189158
#NONE#
