31
0
True False
0.134443208961371 0 0 0.25805960519452 0.000432419075858661 0 0.00234709752994902 0.0621447528576267 0 0.0601235483073882 0.216732238786847 0.000617741536940945 0 0.0608660278761588 0.0716317985888038 0 0.00907407407407405 0.000123548307388189 0.00870676953207223 0 0.106235117004823 0 0 0 0.00846205236617887 0.490019607843137 0.149941176470588 0.146509803921569 0.537627450980392 0.452313725490196 0.0980196078431371 0.581705882352941 0.768843137254902 0.73178431372549 0.479259259259259 0.598251995618138 0.487972097027169 0.405968786745435 0.516936369303129 0 0 0 0 0.311862745098039 0 0 0.768843137254902 0.73178431372549 0.490019607843137 0.149941176470588 0.146509803921569 0.537627450980392 0.140450980392157 0.0980196078431371 0.581705882352941 0 0 0 0.109074074074074 0.939444444444445 0.5625 0.419197530864198 0.25 0 0 0 0 0.796941176470588 0.0491372549019608 0 0.848058823529412 0.864372549019608 0 0 0 0 0.408627450980392 0.104764705882353 0 0.707039215686275 0.695470588235294
#NONE#
(Leaf295.txt) (listLeaf295ED.txt) (#NONE#)
(Neighbor1Leaf295.txt) (Neighbor2Leaf295.txt) (Neighbor3Leaf295.txt) (Neighbor4Leaf295.txt)
(#NONE#)
(#NONE#) (Node28.txt)
0.0811265199612217 0 0 0.147935678029488 0.00494429312209983 0 0.015566011513351 0.0360793261174982 0.00255222305784104 0.0463709983670675 0.217478139741507 0.000673743496288846 0 0.101543653433392 0.20014517761313 0.000115512001730228 0.00205609896999846 0.026289453564836 0.0268250338168127 0.00953477383759121 0.0503175362138558 0.000127439267224214 0 0.0116607151160983 0.0186576727589684 0.421833017077799 0.382848829854523 0.231482605945604 0.569703984819734 0.512584440227704 0.304255534471853 0.61984440227704 0.688526249209361 0.604918406072106 0.637626443647949 0.52168037648714 0.427995431002884 0.441787762280385 0.605082403385677 0 0 0 0 0.463647058823529 0.25680834914611 0 0.688526249209361 0.592380771663504 0.421833017077799 0.382848829854523 0.231482605945604 0.569703984819734 0.0489373814041746 0.0474471853257432 0.61984440227704 0 0.0125376344086022 0.0584677419354839 0.0816567104739148 0.920673038630028 0.544354838709677 0.36621266427718 0.264112903225806 0 0 0 0 0.568432637571157 0.176775458570525 0 0.778659076533839 0.797247311827957 0 0 0 0 0.491705249841872 0.329020872865275 0 0.652810879190386 0.547715370018975
#NONE#
