37
0
True False
0.0882653345651796 0 0 0.180878583063903 0.000199376947040498 0 0.00511588108784655 0.0144814334648641 0 0.0476670644036272 0.38663166860517 0 0 0.0834147053796708 0.154649423308703 0 0.00114051939359047 0.000172924901185771 0.0124755306079691 0 0.0177120070255443 0 0 0 0.00719554724570576 0.342329411764706 0.565882352941177 0.466721568627451 0.331756862745098 0.595827450980392 0.332933333333333 0.450423529411765 0.561639215686274 0.135082352941177 0.606345679012346 0.477163027005133 0.422598530514501 0.517032706333066 0.597759994080075 0 0 0 0 0.595827450980392 0.159380392156863 0 0.447576470588235 0.070878431372549 0.342329411764706 0.565882352941177 0.466721568627451 0.331756862745098 0 0.173552941176471 0.450423529411765 0.114062745098039 0.0642039215686275 0.075 0.0847654320987654 0.849086419753086 0.475 0.314839506172839 0.2875 0 0 0 0 0.729905882352941 0.542533333333333 0 0.708847058823529 0.00423529411764705 0 0 0 0 0.549796078431373 0.296643137254902 0 0.506588235294118 0.155011764705882
#NONE#
(Leaf299.txt) (listLeaf299ED.txt) (#NONE#)
(Neighbor1Leaf299.txt) (Neighbor2Leaf299.txt) (Neighbor3Leaf299.txt) (Neighbor4Leaf299.txt)
(#NONE#)
(#NONE#) (Node27.txt)
0.124475373785282 0 0 0.191685867418557 0.0131828710896091 0 0.0247152005437986 0.0147094451225879 0.0012170766036272 0.0489334005961253 0.24241197290048 3.41638566894541E-06 0.000379470751266281 0.0484785886407566 0.172075748911263 0.00866304943205933 0.00819117898703848 0.00254164131944228 0.0205162992896491 0.00200271137447113 0.0506932631314542 0.000170443721822478 0.000816788737224589 0.0018217024481056 0.0223144888097097 0.328174880763116 0.551051404345522 0.603235824059354 0.30222893481717 0.693824059353471 0.319182829888712 0.281012188659248 0.442647588765236 0.218673025967144 0.528021354688021 0.43237787020795 0.457649253558098 0.551375914261133 0.536618077879738 0 0 0 0 0.693824059353471 0.182824589295178 0 0.336746157922629 0.113513513513513 0.328174880763116 0.551051404345522 0.603235824059354 0.30222893481717 0 0.136358240593535 0.281012188659248 0.105901430842607 0.10515951245363 0.089527027027027 0.0832098765432099 0.900333667000334 0.538851351351351 0.350407073740407 0.305743243243243 0 0 0 0 0.831376788553259 0.321363010068892 0 0.551506094329624 0.135960784313725 0 0 0 0 0.638272390037096 0.312302066772655 0 0.411138314785374 0.226038155802862
#NONE#
