68
0
True False
0.0896432995735724 0 0 0.323977511089642 0.000247862188623125 0 0.0318650939343791 0.0229127376000221 0 0.0617346637143179 0.167299904018448 0 0 0.0766382778578636 0.0815668123959277 0.000268284629354467 0.00317588240670227 0.0403091945685944 0.0222781145992719 0.00210512779890254 0.052576396132074 0.00384963768115942 0 0.000681030212976722 0.0188701695981689 0.186522875816993 0.336718954248366 0.336039215686274 0.250372549019608 0.62318954248366 0.225529411764706 0.364712418300654 0.702921568627451 0.199843137254902 0.390555555555555 0.487432526691316 0.474270323702206 0.499318489903321 0.521430770765818 0 0 0 0 0.62318954248366 0.0604509803921568 0 0.702921568627451 0 0.186522875816993 0.336718954248366 0.336039215686274 0.250372549019608 0 0.165078431372549 0.364712418300654 0 0.199843137254902 0.0729166666666667 0.0804938271604938 0.944588477366255 0.5625 0.395987654320987 0.322916666666667 0 0 0 0 0.789228758169934 0.224470588235294 0 0.919483660130719 0.0776209150326796 0 0 0 0 0.585163398692811 0.21462091503268 0 0.655751633986928 0.197130718954248
#NONE#
(Leaf288.txt) (listLeaf288ED.txt) (#NONE#)
(Neighbor1Leaf288.txt) (Neighbor2Leaf288.txt) (Neighbor3Leaf288.txt) (Neighbor4Leaf288.txt)
(#NONE#)
(#NONE#) (Node17.txt)
0.15614590651509 0 0.000122610019617603 0.231007182259278 0.0209436603765401 0 0.0247758467948607 0.0196220778206402 0.00695944437157155 0.0781200588169039 0.16213753506512 0.000107544747887645 0.000505083503079911 0.0756376630124688 0.0965970401277561 0.00665497377597696 0.00449534302510642 0.0106217188687777 0.026867454774933 0.0128616841071394 0.0460461736183734 0.00123542967584549 7.27653753238059E-06 0.00392891682069232 0.0145993753648088 0.207870818915802 0.30912399077278 0.248464821222607 0.29330738177624 0.680342560553633 0.222825259515571 0.268783160322953 0.689708765859285 0.212070934256055 0.43365468409586 0.498732015496922 0.434313747794879 0.486468468635771 0.529805052642068 0 0 0 0 0.680342560553633 0.0589988465974625 0 0.682448096885813 0.0492820069204152 0.207870818915802 0.30912399077278 0.248464821222607 0.29330738177624 0 0.163826412918108 0.268783160322953 0.00726066897347174 0.16278892733564 0.0597426470588235 0.0727941176470588 0.910281408859841 0.554227941176471 0.359789397240378 0.266544117647059 0 0 0 0 0.84411014994233 0.18077047289504 0 0.868813725490196 0.143647635524798 0 0 0 0 0.628202998846597 0.220960207612457 0 0.631427335640138 0.216348904267589
#NONE#
