72
0
True False
0.0188641338420905 0 0 0.0990600457793501 0.000718527235140311 0 0.0202638176218501 0.000134848032072123 0.000910664897803164 0.0134272606270924 0.394683675347362 0 0 0.0118610816579158 0.389110760553471 0.00196866320874791 0.00251826874729465 0.00285309551833056 0.0200886456030865 0.0011810454135972 0.014536057714577 7.86660989884052E-05 3.3747812017782E-05 8.99227801692968E-05 0.00761707150904318 0.0896898395721926 0.378495543672014 0.526848484848485 0.212288770053476 0.498877005347594 0.675137254901961 0.226484848484848 0.520844919786096 0.678370766488413 0.758552188552188 0.50057046156535 0.556474880385971 0.473923441482257 0.298621327657162 0 0 0 0 0.498877005347594 0.675137254901961 0 0.520844919786096 0.678370766488413 0.0896898395721926 0.378495543672014 0.526848484848485 0.212288770053476 0 0 0.226484848484848 0 0 0.0397727272727273 0.0577216610549944 0.770561167227834 0.443181818181818 0.146498316498316 0.142045454545455 0 0 0 0 0.439065953654189 0.704484848484848 0 0.523101604278075 0.688046345811052 0 0 0 0 0.489201426024955 0.655426024955437 0 0.503864527629234 0.660994652406417
#NONE#
(Leaf312.txt) (listLeaf312ED.txt) (#NONE#)
(Neighbor1Leaf312.txt) (Neighbor2Leaf312.txt) (Neighbor3Leaf312.txt) (Neighbor4Leaf312.txt)
(#NONE#)
(#NONE#) (Node21.txt)
0.0443784751170708 0.000263733652771707 0.000110035211267606 0.129672524707573 0.0267040340612704 0 0.032291084606787 0.023472780908897 0.0119487569069788 0.0528830998982312 0.292139921416908 0.000237983748748758 0.00136502459301881 0.0754774781225123 0.163522156502247 0.0169945289197114 0.0140388176057477 0.00626163735689471 0.0141597251967965 0.0337267240426165 0.0450005209229558 0.00062087818416884 0.00288366396158094 0.00248592992832944 0.00936048442691516 0.190636165577342 0.298738562091503 0.452360021786492 0.265655773420479 0.389540849673203 0.554774509803922 0.271596405228758 0.471598039215686 0.566783769063181 0.679672496570645 0.500619562854937 0.539728956652591 0.483098422591324 0.409460138453456 0 0 0 0 0.342977668845316 0.554774509803922 0 0.453092047930283 0.566783769063181 0.190636165577342 0.298738562091503 0.452360021786492 0.265655773420479 0.0465631808278867 0 0.271596405228758 0.0185059912854031 0 0.0607638888888889 0.0738100137174211 0.875090877914952 0.518229166666667 0.31099451303155 0.233506944444444 0 0 0 0 0.324514161220044 0.671907952069717 0 0.456842592592593 0.712468409586057 0 0 0 0 0.386514161220044 0.523256535947712 0 0.455092592592592 0.531484204793028
#NONE#
