91
0
True False
0.267466981144654 0 0 0.154252615521407 0.0104484745576209 0 0.0125828757589895 0.000385029924594892 0 0.147997248322314 0.0713862677972441 0 0.000991295734250112 0.084314760095998 0.0439224007636901 0.0216492720114273 0.0222953675410645 0.0054016117828123 0.0154771183891456 0.0173303160377062 0.0873233676435357 2.74382296854207E-05 0 0.0128701681348171 0.0238773906090427 0.197115468409586 0.231734204793028 0.163703703703704 0.182108932461874 0.256222222222222 0.13602614379085 0.135363834422658 0.643054466230937 0.572287581699346 0.360342935528121 0.566008485794131 0.517130859485386 0.441069402017811 0.453202625679035 0 0 0 0 0.0963093681917211 0.0383572984749456 0 0.643054466230937 0.572287581699346 0.197115468409586 0.231734204793028 0.163703703703704 0.182108932461874 0.159912854030501 0.0976688453159041 0.135363834422658 0 0 0.0902777777777778 0.0626886145404664 0.900123456790123 0.541666666666667 0.356104252400549 0.243055555555556 0 0 0 0 0.270588235294118 0.101960784313725 0 0.768418300653595 0.644313725490196 0 0 0 0 0.236352941176471 0.126697167755991 0 0.604544662309368 0.547891067538126
#NONE#
(Leaf292.txt) (listLeaf292ED.txt) (#NONE#)
(Neighbor1Leaf292.txt) (Neighbor2Leaf292.txt) (Neighbor3Leaf292.txt) (Neighbor4Leaf292.txt)
(#NONE#)
(#NONE#) (Node15.txt)
0.175048413775354 4.23758353849162E-05 0.000243372119285183 0.207760873073086 0.0328049230046837 0 0.0203420209773585 0.0297515371332815 0.00716234335768043 0.0893432719905258 0.158385008669718 0.000349354576313817 0.000490153962900367 0.0797085684428167 0.08469723646775 0.00411726021432487 0.00743662133263367 0.00714971902477657 0.0143826778586413 0.00687094865250282 0.0532783683948064 0.000753216036277543 5.58323688129803E-05 0.00324871992073467 0.0165771828103499 0.151128205128205 0.285181641887524 0.311248437836673 0.163321266968326 0.320929110105581 0.197758241758242 0.192903684550743 0.622436112906701 0.496717517776341 0.434907068240402 0.531797567208514 0.531936634491819 0.467445399239662 0.454837649014069 0 0 0 0 0.18548373195432 0.0817043740573152 0 0.622436112906701 0.431684981684982 0.151128205128205 0.285181641887524 0.311248437836673 0.163321266968326 0.135445378151261 0.116053867700927 0.192903684550743 0 0.0650325360913596 0.0927197802197802 0.0782281915615249 0.90603717270384 0.550137362637363 0.364125627458961 0.290521978021978 0 0 0 0 0.323575522516699 0.0909110105580694 0 0.822738202973497 0.596842059900884 0 0 0 0 0.317810385692739 0.209621202327085 0 0.570028011204482 0.463191553544495
#NONE#
