61
0
True False
0.337765106643326 0 0 0.0724673036659935 0 0 0.000729492265611052 4.63153600378225E-05 0 0.380974308861348 0.0634572385248541 0 0 0.0447796097949812 0.0227104380982322 0.000402847003842033 0.0174490120129186 0.000185208058849363 0.0017696976008883 0.00379895908350574 0.0495225203516415 0 0 0 0.00394194267397048 0.0631421568627451 0.0597156862745098 0.0562009803921569 0.0738774509803922 0.579990196078431 0.144421568627451 0.0805392156862744 0.36703431372549 0.132259803921569 0.209675925925926 0.462862021320767 0.427977145658618 0.500773847371408 0.512482014308183 0 0 0 0 0.579990196078431 0 0 0.26660294117647 0.0206519607843138 0.0631421568627451 0.0597156862745098 0.0562009803921569 0.0738774509803922 0 0.144421568627451 0.0805392156862744 0.10043137254902 0.111607843137255 0.1015625 0.0597067901234568 0.69391975308642 0.53125 0.253796296296296 0.3125 0 0 0 0 0.72985294117647 0.156093137254902 0 0.254617647058824 0.0320441176470588 0 0 0 0 0.539460784313725 0.144745098039216 0 0.367509803921569 0.165705882352941
#NONE#
(Leaf332.txt) (listLeaf332ED.txt) (#NONE#)
(Neighbor1Leaf332.txt) (Neighbor2Leaf332.txt) (Neighbor3Leaf332.txt) (Neighbor4Leaf332.txt)
(#NONE#)
(#NONE#) (Node19.txt)
0.391706764236871 0 0 0.147286660349237 0.0345770177238305 0 0.0238203877763688 0.00415797069449616 0 0.145698954271895 0.0711352752983449 4.121432324929E-05 0.00213823167323871 0.0424865791918763 0.0388450287727321 0.00617687619631457 0.0109307364180155 0.00780675591650224 0.00971840078577598 0.00795881808366764 0.0338634551963496 0.00161755135983393 0.000164664449969953 0.005463159227219 0.0144054980542113 0.0709251044680167 0.103823207971713 0.127607843137255 0.100093860495018 0.650223079395693 0.156720025715204 0.0999299260687882 0.288277724204436 0.130403085824494 0.236442015786278 0.475153638778971 0.451938089901083 0.498404726832106 0.503625147962052 0 0 0 0 0.645128254580521 0.040429443908711 0 0.187279331404693 0.0244429443908711 0.0709251044680167 0.103823207971713 0.127607843137255 0.100093860495018 0.00509482481517197 0.116290581806493 0.0999299260687882 0.100998392799743 0.105960141433623 0.0819672131147541 0.0569257235377454 0.798577211090872 0.525614754098361 0.29829386763813 0.279713114754098 0 0 0 0 0.890273224043716 0.128212150433944 0 0.228328511732562 0.070522018643523 0 0 0 0 0.581662487945998 0.16746512375442 0 0.292193506910961 0.139362262937962
#NONE#
