98
0
True False
0.0276543209876543 0 0 0.0338820301783265 0.000589849108367628 0 0.0115637860082305 0 0 0.180082304526749 0.442674897119341 0 0 0.259849108367627 0.026241426611797 0 0.00799725651577503 0.000123456790123457 0 0 0.00934156378600823 0 0 0 0 0.344152505446623 0.489185185185185 0.370331154684096 0.407851851851852 0.506997821350763 0.410945533769063 0.393516339869281 0.515734204793028 0.33560348583878 0.829300411522634 0.495648628767904 0.469447407693575 0.50523907493461 0.559547775088266 0 0 0 0 0.506997821350763 0.410945533769063 0 0.515734204793028 0.278496732026144 0.344152505446623 0.489185185185185 0.370331154684096 0.407851851851852 0 0 0.393516339869281 0 0.0571067538126362 0.0347222222222222 0.0626886145404664 0.818189300411523 0.5 0.264910836762689 0.229166666666667 0 0 0 0 0.514244008714597 0.413599128540305 0 0.606514161220044 0.268357298474945 0 0 0 0 0.48995642701525 0.394610021786492 0 0.484383442265795 0.32879302832244
#NONE#
(Leaf280.txt) (listLeaf280ED.txt) (#NONE#)
(Neighbor1Leaf280.txt) (Neighbor2Leaf280.txt) (Neighbor3Leaf280.txt) (Neighbor4Leaf280.txt)
(#NONE#)
(#NONE#) (Node28.txt)
0.0544650912046119 0 0.000262791541330914 0.0949765610386163 0.0258415147513139 0 0.036349111559999 0.0329448160723546 0.01196175822061 0.064488883233115 0.333632800585766 8.31724012422778E-05 0.000579308825971927 0.134376226987412 0.122719875580126 0.00322528775897318 0.0114207349969575 0.0077363756089477 0.00797699319908262 0.00278734763590334 0.0454480586748838 0.000335288287056126 0.000279687972988363 0.000288638009612443 0.00781967585312559 0.306091236494598 0.442070028011205 0.406764305722289 0.388819527811124 0.533295318127251 0.42812725090036 0.407721088435374 0.559860744297719 0.325454981992797 0.726082136558327 0.492982531150294 0.469242889887282 0.490803036640901 0.544145408396516 0 0 0 0 0.533295318127251 0.394888355342137 0 0.559860744297719 0.266970388155262 0.306091236494598 0.442070028011205 0.406764305722289 0.388819527811124 0 0.0332388955582233 0.407721088435374 0 0.058484593837535 0.0631377551020408 0.0801839254220206 0.872185689090451 0.520408163265306 0.330308641975309 0.268494897959184 0 0 0 0 0.552649059623849 0.389805922368948 0 0.675255702280912 0.175096038415366 0 0 0 0 0.512086834733893 0.42375350140056 0 0.526459783913565 0.338102040816327
#NONE#
