69
0
True False
0.060760175577341 0 0 0.255057597732696 0.00461868398743681 0 0.00774277630803868 0.0443277885473723 0.0313979822935968 0.0213051994022386 0.246392762972823 2.05786722640655E-05 0 0.0594317408588869 0.217875868868202 0 0.000288065843621399 0.000576202823393835 0.0184024319154399 0 0.0105162247999614 0 0 0 0.0212859193966869 0.55297385620915 0.518039215686275 0.305143790849673 0.636104575163399 0.230901960784313 0.208496732026144 0.557156862745098 0.294496732026144 0.51597385620915 0.576851851851852 0.477756859809777 0.427801951473268 0.51129759614986 0.561663866866476 0 0 0 0 0.101673202614379 0.114156862745098 0 0.129137254901961 0.51597385620915 0.55297385620915 0.518039215686275 0.305143790849673 0.636104575163399 0.129228758169934 0.0943398692810457 0.557156862745098 0.165359477124183 0 0.104166666666667 0.100493827160494 0.923662551440329 0.5625 0.373518518518519 0.25 0 0 0 0 0.0859346405228759 0.0834967320261438 0 0.103 0.703738562091503 0 0 0 0 0.252653594771242 0.221633986928105 0 0.301712418300654 0.469888888888889
#NONE#
(Leaf177.txt) (listLeaf177ED.txt) (#NONE#)
(Neighbor1Leaf177.txt) (Neighbor2Leaf177.txt) (Neighbor3Leaf177.txt) (Neighbor4Leaf177.txt)
(#NONE#)
(#NONE#) (Node23.txt)
0.129874838181735 0 3.62954010097381E-06 0.195158433263827 0.0195359771986337 0 0.0212956306313447 0.0308719801235367 0.013209905812263 0.0734369032255066 0.192753551445775 0.000610655784307944 0.000114112487194216 0.0653465983628892 0.152247010790627 0.00440831145271888 0.00461308219762697 0.00669386247893794 0.0196506585054184 0.00598566823793444 0.0399181152929169 3.08438398227633E-05 7.37653300489403E-05 0.00105063389993436 0.0231158319168983 0.517951122477977 0.499317988064791 0.357377095765843 0.538005683432794 0.243899971582836 0.155466894003978 0.502855356635408 0.200252912759307 0.487402671213413 0.491204151010914 0.497565535895379 0.463891383812675 0.490373280737962 0.522074247561257 0 0 0 0 0.105702188121625 0.0504160272804774 0 0.0730144927536232 0.40823245240125 0.517951122477977 0.499317988064791 0.357377095765843 0.538005683432794 0.138197783461211 0.105050866723501 0.502855356635408 0.127238420005683 0.0791702188121625 0.0878623188405797 0.100481302558597 0.921832170334586 0.557971014492754 0.391900161030596 0.329710144927536 0 0 0 0 0.166006820119352 0.0887144075021312 0 0.106040352372833 0.727623756749076 0 0 0 0 0.251733447001989 0.168226200625178 0 0.212335322534811 0.430626314293833
#NONE#
