44
0
True False
0.134285199027754 0 0 0.189181157046142 0.021815911596773 0 0.0261210713997611 0.0109985062011808 0.0179772502472799 0.0713387461028568 0.198536028930878 0 0 0.0898862417091469 0.127229931202523 0 0.000617671489475566 0.0122816270559738 0.0131532245301229 9.88508587668356E-05 0.0690688825254254 0 0 0 0.0174097000759402 0.341364705882353 0.263011764705882 0.153552941176471 0.526266666666667 0.712941176470588 0.489929411764706 0.451960784313725 0.513913725490196 0.175427450980392 0.558320987654321 0.484876614166089 0.391969917239094 0.508639503885708 0.608143777002082 0 0 0 0 0.712941176470588 0.336713725490196 0 0.351035294117647 0.0677803921568628 0.341364705882353 0.263011764705882 0.153552941176471 0.526266666666667 0 0.15321568627451 0.451960784313725 0.162878431372549 0.107647058823529 0.125 0.0817530864197531 0.919851851851852 0.5625 0.368444444444444 0.3 0 0 0 0 0.808690196078431 0.866431372549019 0 0.627254901960784 0.11036862745098 0 0 0 0 0.685552941176471 0.421411764705882 0 0.461380392156863 0.184839215686274
#NONE#
(Leaf283.txt) (listLeaf283ED.txt) (#NONE#)
(Neighbor1Leaf283.txt) (Neighbor2Leaf283.txt) (Neighbor3Leaf283.txt) (Neighbor4Leaf283.txt)
(#NONE#)
(#NONE#) (Node17.txt)
0.119421454665303 0 0 0.146052244538677 0.00743770994930041 0 0.0195393324538773 0.0101157552382831 0.0107312635909602 0.0926906653796794 0.195582530459432 5.61791440545611E-06 0.000194372189469536 0.129575550922994 0.111656256331409 0.00561150868520815 0.00746175313767221 0.0130644187044483 0.0214423293680226 0.0153632111869472 0.0615261743294722 0.000667714457868524 0.00042654761722165 0.00750228103460095 0.0239313078447476 0.338951871657754 0.316552584670232 0.233083778966132 0.58256862745098 0.676450980392157 0.530676470588235 0.504143493761141 0.511902852049911 0.23120944741533 0.562404601571268 0.476528005575749 0.422801149047415 0.509541325864919 0.56901762576662 0 0 0 0 0.650349376114082 0.476078431372549 0 0.465337789661319 0.141348484848485 0.338951871657754 0.316552584670232 0.233083778966132 0.58256862745098 0.0261016042780749 0.0545980392156863 0.504143493761141 0.0465650623885918 0.0898609625668449 0.0965909090909091 0.089006734006734 0.927539281705948 0.558238636363636 0.385527497194164 0.322443181818182 0 0 0 0 0.819788770053476 0.806133689839572 0 0.663944741532977 0.15099376114082 0 0 0 0 0.628090017825312 0.471286096256684 0 0.470702317290552 0.24180303030303
#NONE#
