17
0
True False
0.486513029269259 0 0 0.087500692736017 0.0236658535541576 0 0.0348354517053963 0.0038943809646082 0.0116403474986091 0.00834049056433734 0.107488799007742 4.27953952154747E-05 0 0.0106776202162445 0.119718994440778 0.000513544742585697 0.00252492831771301 0 0.075119144664961 0.0100141224804211 0.00642677450684007 0 0 0 0.0110830299351148 0.0706666666666665 0.160901960784314 0.12956862745098 0.157764705882353 0.693764705882353 0.742052287581699 0.0475294117647059 0.602457516339869 0.464666666666667 0.333292181069959 0.491317347066403 0.525744058452183 0.494145765332523 0.476651028678833 0 0 0 0 0.693764705882353 0.742052287581699 0 0.602457516339869 0.271934640522876 0.0706666666666665 0.160901960784314 0.12956862745098 0.157764705882353 0 0 0.0475294117647059 0 0.192732026143791 0.104166666666667 0.0578189300411521 0.678518518518518 0.520833333333333 0.260493827160494 0.291666666666667 0 0 0 0 0.96240522875817 0.763660130718954 0 0.834888888888889 0.561843137254902 0 0 0 0 0.644339869281046 0.723124183006536 0 0.501411764705882 0.457385620915033
#NONE#
(Leaf329.txt) (listLeaf329ED.txt) (#NONE#)
(Neighbor1Leaf329.txt) (Neighbor2Leaf329.txt) (Neighbor3Leaf329.txt) (Neighbor4Leaf329.txt)
(#NONE#)
(#NONE#) (Node28.txt)
0.197714285212335 0 0 0.167423109473273 0.0252952545656147 0 0.0144512043610998 0.00950121738573845 0.010913012690689 0.0544987938046717 0.14257654505854 7.5521285674367E-06 0 0.0681843053448432 0.146683575340896 0.000228647021487026 0.00327913416522114 0.0170051400215434 0.0423703255878579 0.0164694089883822 0.041618172053109 0.00448459976494552 0 0.0106331390331867 0.0266625779979982 0.15156862745098 0.241651672433679 0.272046136101499 0.188449826989619 0.720512110726644 0.572073817762399 0.184154555940023 0.682424452133795 0.404369088811995 0.505410312273057 0.499984355387625 0.521847992596977 0.483805971442636 0.472426465203628 0 0 0 0 0.720512110726644 0.557245674740484 0 0.66557324106113 0.316777393310265 0.15156862745098 0.241651672433679 0.272046136101499 0.188449826989619 0 0.0148281430219146 0.184154555940023 0.0168512110726644 0.0875916955017301 0.0514705882352941 0.0741830065359477 0.87038489469862 0.540441176470588 0.353783587509078 0.286764705882353 0 0 0 0 0.906249134948097 0.592002306805075 0 0.812080738177624 0.388733564013841 0 0 0 0 0.668537485582468 0.544895040369089 0 0.626777393310265 0.396020761245675
#NONE#
