68
0
True False
0.164812943693404 0 0 0.19653688789174 0 0 0.00714108997309997 0.0146817058493283 0 0.139679232684599 0.108317601674639 0 0 0.135461114648648 0.0829783324815655 0 0.00497369787642649 0.000350053537599868 0.0179658296307292 0.00123946455131383 0.100312150133636 0 0 4.11827691293963E-05 0.0255087126041412 0.134875816993464 0.272699346405229 0.353241830065359 0.214196078431373 0.713699346405228 0.706555555555556 0.176411764705882 0.176424836601307 0.191111111111111 0.419506172839506 0.425764456755003 0.536335333384703 0.547438302517129 0.469986008086527 0 0 0 0 0.713699346405228 0.706555555555556 0 0.0303202614379085 0.0402156862745098 0.134875816993464 0.272699346405229 0.353241830065359 0.214196078431373 0 0 0.176411764705882 0.146104575163399 0.150895424836601 0.09375 0.0730041152263374 0.929341563786008 0.552083333333333 0.371913580246914 0.270833333333333 0 0 0 0 0.865732026143791 0.826254901960784 0 0.180235294117647 0.172483660130719 0 0 0 0 0.67081045751634 0.671522875816993 0 0.19216339869281 0.198516339869281
#NONE#
(Leaf286.txt) (listLeaf286ED.txt) (#NONE#)
(Neighbor1Leaf286.txt) (Neighbor2Leaf286.txt) (Neighbor3Leaf286.txt) (Neighbor4Leaf286.txt)
(#NONE#)
(#NONE#) (Node9.txt)
0.212521907581614 0 2.17972564519879E-05 0.195237415921337 0.0300813623158077 0 0.0327742193551697 0.0151979765820039 0.000263444656555982 0.0933502186229437 0.134318294889477 0.000111616932454701 0.00278852051214678 0.074511677863811 0.0807940867553313 0.00610938698064613 0.0119205714033237 0.00866735877439033 0.0164473409864881 0.00400060001084771 0.060806882321076 0.000533823174836709 0.000209942689877217 0.00226613783915974 0.0170654165742492 0.132060553633218 0.195630334486736 0.220507497116494 0.181421568627451 0.65688062283737 0.58148615916955 0.19739446366782 0.291445790080738 0.260568050749712 0.398235294117647 0.469595008644905 0.515741409552456 0.506636725753617 0.478320076918318 0 0 0 0 0.647791810841984 0.551897347174164 0 0.192662053056517 0.148202998846597 0.132060553633218 0.195630334486736 0.220507497116494 0.181421568627451 0.00908881199538638 0.0295888119953864 0.19739446366782 0.0987837370242215 0.112365051903114 0.0827205882352941 0.0728177196804648 0.881646695715323 0.545955882352941 0.360352214960058 0.299632352941176 0 0 0 0 0.862134371395617 0.703073817762399 0 0.163742791234141 0.130969434832757 0 0 0 0 0.595764705882353 0.538948673587082 0 0.314371972318339 0.277502883506344
#NONE#
