75
0
True False
0.0639316534895169 0 0 0.0212485318776435 0.00283088922473085 0 0.0032933514799975 1.32307817012537E-05 0 0.010838657301239 0.0325015951217267 0 0 0.0197138137640601 0.15046455211025 0.000269214536606986 0.00202302538712202 7.94284816062728E-05 0.146316241337903 0.000856171021629297 0.0317961614583238 0 0.000180931284987843 0.00017227313464942 0.513470278206306 0.729373949579832 0.800911764705883 0.759589635854342 0.811257703081233 0.870217086834734 0.493974789915966 0.819159663865546 0.879892156862745 0.855652661064426 0.816499118165785 0.497639741678031 0.480608261670877 0.481723259983681 0.551447037060781 0 0 0 0 0.870217086834734 0.468112044817927 0 0.879892156862745 0.855652661064426 0.729373949579832 0.800911764705883 0.759589635854342 0.811257703081233 0 0.0258627450980392 0.819159663865546 0 0 0.0602678571428571 0.0754938271604938 0.567561728395062 0.363839285714286 0.164973544973545 0.162946428571429 0 0 0 0 0.888823529411765 0.49568487394958 0 0.904070028011205 0.8568081232493 0 0 0 0 0.839242296918768 0.483801120448179 0 0.856285714285714 0.833383753501401
#NONE#
(Leaf51.txt) (listLeaf51ED.txt) (#NONE#)
(Neighbor1Leaf51.txt) (Neighbor2Leaf51.txt) (Neighbor3Leaf51.txt) (Neighbor4Leaf51.txt)
(#NONE#)
(#NONE#) (Node25.txt)
0.0476410156889278 0 0 0.0424669282328421 0.00248286178668911 0 0.00322818695100271 0.00411823933244598 4.30427944706564E-05 0.0238995977865928 0.0555478606837452 0 2.31740141424946E-05 0.0342551619068992 0.175015050399989 0.00221966865301904 0.00301060297255983 0.00336471082806169 0.127714282916599 0.00439240540099627 0.0783767198038143 1.97530864197531E-05 7.25002385423441E-05 0.000545029259160397 0.39156320726308 0.733184836601307 0.805545620915033 0.755595816993464 0.810624836601307 0.833243921568627 0.433172287581699 0.808904575163399 0.845325490196079 0.791276339869281 0.798707818930041 0.498664291832255 0.471428448612129 0.480734624432399 0.55962611366147 0 0 0 0 0.833243921568627 0.38051816993464 0 0.845325490196079 0.770126535947712 0.733184836601307 0.805545620915033 0.755595816993464 0.810624836601307 0 0.0526541176470588 0.808904575163399 0 0.0211498039215686 0.0541666666666667 0.0726864197530864 0.665354732510288 0.414166666666667 0.22757037037037 0.198333333333333 0 0 0 0 0.883454640522875 0.443248104575163 0 0.90327477124183 0.874997124183006 0 0 0 0 0.802953202614379 0.428183529411765 0 0.814903529411765 0.754998692810458
#NONE#
