68
0
True False
0.718541349448217 0 0 0.0841147683981743 0.00608752362087078 0 0.0159497502264414 0.00382399356671955 0 0.0266636182374582 0.0778603014431632 0 0.000213103253919806 0.00261564173020608 0.0435344879240972 0 0.000158867451589557 1.76519390655063E-05 0.00934558234674703 0 0.00139761337574455 0 0 0 0.00967574703758634 0.0448123249299719 0.109535014005602 0.0353221288515407 0.0256526610644258 0.177865546218487 0.133579831932773 0.0711484593837536 0.625859943977591 0.233697478991597 0.154444444444444 0.571295691823664 0.446708043050646 0.482847236890011 0.4905658353528 0 0 0 0 0.10721568627451 0 0 0.625859943977591 0.110039215686275 0.0448123249299719 0.109535014005602 0.0353221288515407 0.0256526610644258 0.0706498599439776 0.133579831932773 0.0711484593837536 0 0.123658263305322 0.0535714285714286 0.0298412698412699 0.561587301587301 0.383928571428571 0.174232804232804 0.116071428571429 0 0 0 0 0.149047619047619 0.051187675070028 0 0.826997198879552 0.245305322128852 0 0 0 0 0.167540616246499 0.129372549019608 0 0.582492997198879 0.230313725490196
#NONE#
(Leaf211.txt) (listLeaf211ED.txt) (#NONE#)
(Neighbor1Leaf211.txt) (Neighbor2Leaf211.txt) (Neighbor3Leaf211.txt) (Neighbor4Leaf211.txt)
(#NONE#)
(#NONE#) (Node20.txt)
0.526710061880561 0.000372618523581153 0.00181223247550581 0.146134995932273 0.00868019899494046 0 0.0083209789684958 0.00572860828288329 0.00117159590603431 0.100403524469821 0.0492649386654542 7.89666611788964E-05 0.00337510251982747 0.0455401098248078 0.0335573547394062 0.004977198296949 0.0109633274853361 0.00545857291934877 0.00714552214493588 0.00416010895861519 0.0295482326970455 0.000140915700980073 0.000230600311684875 0.000874882968183482 0.00534935067215043 0.0549134948096886 0.0889636678200692 0.109199538638985 0.0654942329873126 0.211623414071511 0.165534602076125 0.0919325259515571 0.593289504036909 0.132665513264129 0.197774146695715 0.536458469466767 0.473468531187653 0.485244064118803 0.495179552128445 0 0 0 0 0.129782583621684 0.0551309111880046 0 0.593289504036909 0.0211678200692042 0.0549134948096886 0.0889636678200692 0.109199538638985 0.0654942329873126 0.081840830449827 0.11040369088812 0.0919325259515571 0 0.111497693194925 0.0790441176470588 0.0525472040668119 0.746483297022512 0.491727941176471 0.276283587509078 0.223345588235294 0 0 0 0 0.197354094579008 0.171054786620531 0 0.864074971164937 0.133753171856978 0 0 0 0 0.208338523644752 0.158456170703576 0 0.531955594002307 0.13180276816609
#NONE#
