100
0
True False
0.160243496226794 0 0 0.114909720191004 0.0102455709032367 0 0.0123045325016843 0.000823778272955748 4.77264320912529E-05 0.113931650736235 0.129783419050732 0 0.000288386272813414 0.0657976465666711 0.132886373733578 0.00925189301148859 0.00403141792703554 0.00150001311219712 0.0292576988323528 7.06121309260602E-05 0.164278857249423 0 0 0.000176504169830088 0.0501707026789513 0.417977591036415 0.708154995331466 0.654222222222222 0.276956115779645 0.137144724556489 0.241686274509804 0.245271708683473 0.16371802054155 0.225633986928105 0.494256319811875 0.480836885702371 0.488684317378523 0.497848419425983 0.502850033147079 0 0 0 0 0 0.0704911297852474 0 0.0168403361344538 0.0321512605042016 0.417977591036415 0.708154995331466 0.654222222222222 0.276956115779645 0.137144724556489 0.171195144724556 0.245271708683473 0.146877684407096 0.193482726423903 0.0863095238095238 0.0903821281599059 0.943709582598471 0.55952380952381 0.428953556731335 0.360119047619048 0 0 0 0 0.131577964519141 0.321452847805789 0 0.263663865546218 0.298694677871148 0 0 0 0 0.13503081232493 0.230371615312792 0 0.157322128851541 0.220756302521008
#NONE#
(Leaf99.txt) (listLeaf99ED.txt) (#NONE#)
(Neighbor1Leaf99.txt) (Neighbor2Leaf99.txt) (Neighbor3Leaf99.txt) (Neighbor4Leaf99.txt)
(#NONE#)
(#NONE#) (Node23.txt)
0.15258249273069 0.00203872935064224 0.00382827620078853 0.194397219484943 0.0341731293909772 0 0.029924119747467 0.0206501282510359 0.00537945231250946 0.101408323702926 0.15197052830021 0.000284875937292698 0.000514783754385353 0.0671371019283933 0.0983143953349262 0.0135274419845683 0.00609727897383226 0.0115417537426883 0.0196078721238758 0.00127234743871227 0.0607106773411913 0.000776575490467344 0.00010156954346321 0.000177080794821829 0.0235838461391929 0.36798431372549 0.612335294117647 0.582156862745098 0.273559607843137 0.203159607843137 0.223970196078431 0.272999215686275 0.216667450980392 0.233192156862745 0.416402469135802 0.447997265140761 0.483389105420709 0.51665381348044 0.506386631159523 0 0 0 0 0.0548956862745098 0.0754882352941176 0 0.0627223529411765 0.067244705882353 0.36798431372549 0.612335294117647 0.582156862745098 0.273559607843137 0.148263921568627 0.148481960784314 0.272999215686275 0.153945098039216 0.165947450980392 0.07375 0.0899172839506173 0.922874074074074 0.549375 0.384850617283951 0.321875 0 0 0 0 0.193365882352941 0.24123568627451 0 0.244267450980392 0.254085098039216 0 0 0 0 0.202512156862745 0.222620784313726 0 0.20556431372549 0.224862745098039
#NONE#
