21
0
True False
0.38927111252644 0 0 0.0479480002153737 0.0882414897202562 0 0.00267474715622399 0 0 0.207120245705517 0.0208978687304892 0 0 0.111230202503016 0.00268714846189349 0.00214563991693176 0.0162485432306069 0.00245798854693959 0 0.0211422367090907 0.0848072792316777 0 0 0.00306535721450093 6.21401310433582E-05 0.126562091503268 0.051235294117647 0.0667385620915032 0.0781437908496733 0.534359477124183 0.0966274509803921 0.0980653594771242 0.560915032679739 0.085392156862745 0.274835390946502 0.493648265592145 0.461899705695185 0.492242198744808 0.497392831341419 0 0 0 0 0.465607843137255 0 0 0.560915032679739 0 0.126562091503268 0.051235294117647 0.0667385620915032 0.0781437908496733 0.0687516339869282 0.0966274509803921 0.0980653594771242 0 0.085392156862745 0.0625 0.0589711934156378 0.811275720164609 0.53125 0.304382716049383 0.197916666666667 0 0 0 0 0.823366013071896 0.126313725490196 0 0.861065359477124 0.131300653594771 0 0 0 0 0.489751633986928 0.0912549019607842 0 0.51297385620915 0.0707124183006535
#NONE#
(Leaf297.txt) (listLeaf297ED.txt) (#NONE#)
(Neighbor1Leaf297.txt) (Neighbor2Leaf297.txt) (Neighbor3Leaf297.txt) (Neighbor4Leaf297.txt)
(#NONE#)
(#NONE#) (Node19.txt)
0.577393528994727 0 0 0.0662735485596755 0.0252118542057875 0 0.00266478465810717 0.00148889026967327 0 0.10574056449892 0.0385229593155851 0 0 0.0594943982242854 0.029073824014144 0.00421605755267417 0.0088997149977844 0.00234059135353761 0.00526121431422711 0.00863272300601068 0.0469584558383688 5.92792824835648E-06 1.1855856496713E-05 0.00218191033572827 0.0156271960760188 0.0675835667600374 0.0728739495798319 0.0402875816993464 0.0454285714285714 0.560408963585434 0.102091503267974 0.0517478991596639 0.470793650793651 0.161025210084034 0.217231040564374 0.50837570031259 0.450702172178656 0.488692228896671 0.501677454349847 0 0 0 0 0.518679738562091 0.0196788048552754 0 0.430140056022409 0.058156862745098 0.0675835667600374 0.0728739495798319 0.0402875816993464 0.0454285714285714 0.0417292250233427 0.0824126984126984 0.0517478991596639 0.0406535947712418 0.102868347338936 0.0773809523809524 0.0511287477954145 0.657225161669606 0.464285714285714 0.242563198118754 0.169642857142857 0 0 0 0 0.841822595704949 0.092859010270775 0 0.711880485527544 0.176199813258637 0 0 0 0 0.498423902894491 0.0988534080298786 0 0.422209150326797 0.151486461251167
#NONE#
