65
0
True False
0.350326214593671 0 0 0.270216042913995 0.000215135408757277 0 0.00182736730506194 0.00110240353675457 0 0.0654475934347451 0.0251837068467252 0 0 0.103029211856026 0.03259193191521 3.70644922164566E-05 0.00634731190163517 0.00464815666840963 0.0130862562739917 0.00667956825647468 0.112934441803381 0 0 0.000215135408757277 0.00611245738418852 0.082356862745098 0.118964705882353 0.161192156862745 0.158423529411765 0.684372549019608 0.255607843137255 0.148662745098039 0.138486274509804 0.417137254901961 0.30458024691358 0.476581636015745 0.537524953718361 0.502797969356478 0.457088676929201 0 0 0 0 0.684372549019608 0.133039215686274 0 0 0.378796078431373 0.082356862745098 0.118964705882353 0.161192156862745 0.158423529411765 0 0.12256862745098 0.148662745098039 0.138486274509804 0.0383411764705883 0.04375 0.0497654320987654 0.821 0.53125 0.297641975308642 0.23125 0 0 0 0 0.754603921568628 0.167737254901961 0 0.085721568627451 0.256164705882353 0 0 0 0 0.652913725490196 0.269517647058823 0 0.133878431372549 0.432886274509804
#NONE#
(Leaf265.txt) (listLeaf265ED.txt) (#NONE#)
(Neighbor1Leaf265.txt) (Neighbor2Leaf265.txt) (Neighbor3Leaf265.txt) (Neighbor4Leaf265.txt)
(#NONE#)
(#NONE#) (Node19.txt)
0.29004940128755 0.000438992898644286 0 0.252485898067658 0.0536654360853243 0 0.0164168423671798 0.0286326571797942 1.34824478953515E-05 0.0659351417267066 0.0912434582760892 0.00022397281433426 0.000553621875568292 0.0540045409407862 0.0516057405277942 0.00887937139877689 0.0119671549190902 0.00562418509568058 0.0108507117733397 0.00418475211126774 0.0450991406182058 0.0007546798217622 0.000109326450425511 0.000991405072112975 0.00627008624401405 0.0711113122171946 0.101537254901961 0.173416591251885 0.164581598793364 0.624444645550528 0.236814479638009 0.1401604826546 0.171636802413273 0.291554751131222 0.298522317188984 0.477319963804043 0.528721162258724 0.500847767090651 0.471909696785933 0 0 0 0 0.624444645550528 0.0840205128205128 0 0.0472886877828054 0.183534238310709 0.0711113122171946 0.101537254901961 0.173416591251885 0.164581598793364 0 0.152793966817496 0.1401604826546 0.124348114630467 0.108020512820513 0.0778846153846154 0.0682108262108262 0.889711301044634 0.547115384615385 0.347982905982906 0.286538461538462 0 0 0 0 0.820999095022624 0.204868778280543 0 0.104194268476621 0.224186425339367 0 0 0 0 0.564517647058823 0.240430769230769 0 0.182019909502263 0.293145701357466
#NONE#
