70
0
True False
0.0203988738747578 0 0 0.0406612365922413 0.000174543652804522 0 0.00124772798382742 0.000640875264672731 0 0.0149933277750855 0.212309666151005 0 1.1233052132595E-05 0.0138287140853511 0.525124008722677 0.00349016441420343 0.00202333890534454 0.00236090362957813 0.101543865556139 0.00073130857386199 0.0179651889351344 5.06015485055884E-05 0.00011233052132595 0.000320747124398352 0.0420113436369526 0.219055258467023 0.527723707664884 0.658686274509804 0.352524064171123 0.6660623885918 0.790490196078431 0.368016042780749 0.663787878787879 0.778795008912656 0.843855218855219 0.49651152254456 0.506256095213093 0.484044089066387 0.443187293694863 0 0 0 0 0.6660623885918 0.790490196078431 0 0.663787878787879 0.778795008912656 0.219055258467023 0.527723707664884 0.658686274509804 0.352524064171123 0 0 0.368016042780749 0 0 0.0255681818181818 0.0618237934904602 0.76182379349046 0.417613636363636 0.147407407407407 0.125 0 0 0 0 0.697791443850268 0.813839572192513 0 0.657745098039216 0.790167557932264 0 0 0 0 0.646174688057041 0.770126559714795 0 0.648114081996435 0.759946524064171
#NONE#
(Leaf318.txt) (listLeaf318ED.txt) (#NONE#)
(Neighbor1Leaf318.txt) (Neighbor2Leaf318.txt) (Neighbor3Leaf318.txt) (Neighbor4Leaf318.txt)
(#NONE#)
(#NONE#) (Node26.txt)
0.0546738852488915 0 0 0.0747310745411444 0.0115648720085831 0 0.0148191114349197 0.00150243043480497 0.000428629573423109 0.0262464335041662 0.197060906851437 0 3.53038781310127E-06 0.0442904232628023 0.319226079489992 0.00178687748753779 0.00284555373548335 0.0107385197315925 0.0825188856153358 0.00369968961473716 0.0682006006723684 0.00314820984568776 4.76550031194218E-05 0.00559649852022642 0.0768701330359333 0.252727731092437 0.576281232492997 0.662225770308123 0.292282913165266 0.690879551820728 0.769260504201681 0.310634733893558 0.620829131652661 0.755192717086835 0.74973897707231 0.487761006211311 0.517335226655719 0.506240964402849 0.431513522883976 0 0 0 0 0.690879551820728 0.769260504201681 0 0.608853781512605 0.755192717086835 0.252727731092437 0.576281232492997 0.662225770308123 0.292282913165266 0 0 0.310634733893558 0.011975350140056 0 0.0455357142857143 0.0670899470899471 0.85636507936508 0.498214285714286 0.287149911816579 0.228571428571429 0 0 0 0 0.781347899159664 0.808064985994398 0 0.609205042016807 0.799670028011204 0 0 0 0 0.659075630252101 0.7437081232493 0 0.604156862745098 0.724619607843137
#NONE#
