43
0
True False
0.175785541989241 0 0 0.277074669246534 0 0 0.00926900215200985 0.050409473861127 0 0.136542390672864 0.119791857701023 0 0.00907561417505088 0.0166604706146423 0.0199288351988782 0.0489918701464766 0.0878532289241221 0 0.000518646579402322 0.00365528156916794 0.0349827943408832 0 0.00513719900585417 0 0.00432312382272386 0.282078431372549 0.280627450980392 0.130219607843137 0.162423529411765 0.284894117647059 0.371403921568628 0.273505882352941 0.330156862745098 0.377717647058823 0.417333333333333 0.49181297417945 0.480128035291455 0.493153330341711 0.509408868503097 0 0 0 0 0.185623529411765 0.309317647058824 0 0.175152941176471 0.139121568627451 0.282078431372549 0.280627450980392 0.130219607843137 0.162423529411765 0.099270588235294 0.062086274509804 0.273505882352941 0.155003921568627 0.238596078431372 0.1375 0.10637037037037 0.946691358024691 0.55 0.386592592592593 0.3125 0 0 0 0 0.325223529411765 0.579121568627451 0 0.527270588235294 0.797576470588235 0 0 0 0 0.267647058823529 0.334054901960784 0 0.296478431372549 0.304180392156863
#NONE#
(Leaf155.txt) (listLeaf155ED.txt) (#NONE#)
(Neighbor1Leaf155.txt) (Neighbor2Leaf155.txt) (Neighbor3Leaf155.txt) (Neighbor4Leaf155.txt)
(#NONE#)
(#NONE#) (Node22.txt)
0.149382909114681 0 2.02980919793539E-05 0.250710188875912 0.00981010031980658 0 0.0293971338959792 0.0181994386717835 0.00641648675956107 0.119536884767651 0.172655232603039 0 0.00251549464665365 0.0656463887333321 0.0645110953752735 0.0223999950630988 0.0149409470866788 0.00795120457402353 0.0119957985327533 0.0103387546430737 0.0331251036531418 0.000141134077640254 0.000620446573722349 0.00272213871762605 0.00696282522258918 0.297967168262654 0.294639306885545 0.220315549475604 0.304656634746922 0.347104423164615 0.45215503875969 0.308327405380757 0.274638394892841 0.396329229366165 0.387599770312949 0.473267532846568 0.498383019433298 0.504366602809904 0.496930500040696 0 0 0 0 0.200587323301414 0.331992704058368 0 0.096609211126311 0.0932065663474692 0.297967168262654 0.294639306885545 0.220315549475604 0.304656634746922 0.146517099863201 0.120162334701322 0.308327405380757 0.17802918376653 0.303122663018696 0.0770348837209302 0.0874102784955499 0.924197530864198 0.54796511627907 0.394005167958656 0.295058139534884 0 0 0 0 0.409858641130871 0.704354765161879 0 0.333139078887369 0.809579571363429 0 0 0 0 0.331929776561787 0.396489740082079 0 0.25322480620155 0.313116279069767
#NONE#
