100
0
True False
0.0710611147877349 0 0 0.112065090154863 0 0 9.25992623126423E-05 0.000748530156338113 0 0.00797069997257506 0.174172562498012 0 0 0.00732256516504349 0.372624759628617 0 7.71604938271606E-06 0 0.0913011098400327 0 0.00862679094294059 0 0 0 0.154006461542148 0.436343137254902 0.680166666666667 0.845769607843137 0.495563725490196 0.140816176470588 0.142252450980392 0.479325980392157 0.685022058823529 0.150950980392157 0.712893518518519 0.505529547700737 0.471827918418815 0.467070567343815 0.549786197704483 0 0 0 0 0 0.0255294117647059 0 0.661019607843137 0.0312009803921569 0.436343137254902 0.680166666666667 0.845769607843137 0.495563725490196 0.140816176470588 0.116723039215686 0.479325980392157 0.0240024509803921 0.11975 0.07421875 0.0831481481481482 0.750208333333333 0.49609375 0.183263888888889 0.20703125 0 0 0 0 0.135137254901961 0.112769607843137 0 0.720210784313725 0.0958578431372549 0 0 0 0 0.149098039215686 0.156522058823529 0 0.663492647058824 0.167083333333333
#NONE#
(Leaf174.txt) (listLeaf174ED.txt) (#NONE#)
(Neighbor1Leaf174.txt) (Neighbor2Leaf174.txt) (Neighbor3Leaf174.txt) (Neighbor4Leaf174.txt)
(#NONE#)
(#NONE#) (Node14.txt)
0.104961029415073 0 0.00131833082625253 0.1404867154585 0.00880009255192649 0 0.00977496444765011 0.013466084700012 0.00547075832314867 0.0566996952478907 0.186684357840431 1.6125344320911E-05 9.14257474672597E-05 0.0629967261500188 0.220885369680316 0.00283295812248857 0.00661993764087326 0.0102158317980715 0.0446604558420916 0.00303641299231253 0.0598812079037204 0.000108683005454785 8.66015093405914E-06 0.00183405059620167 0.0591501262148444 0.491868235294118 0.630435294117647 0.61649137254902 0.502436078431373 0.257246274509804 0.166378823529412 0.547050196078431 0.63130862745098 0.173497254901961 0.609662962962963 0.494622224013661 0.442341955180345 0.491248658953503 0.567104091540284 0 0 0 0 0.161770588235294 0.0441494117647059 0 0.61634431372549 0.0556474509803922 0.491868235294118 0.630435294117647 0.61649137254902 0.502436078431373 0.0954756862745098 0.122229411764706 0.547050196078431 0.0149643137254902 0.117849803921569 0.080625 0.0917123456790123 0.882414814814815 0.53625 0.340125925925926 0.28875 0 0 0 0 0.11180862745098 0.0963941176470589 0 0.742850588235294 0.114109411764706 0 0 0 0 0.286135294117647 0.18162431372549 0 0.592201568627451 0.187170588235294
#NONE#
