33
0
True False
0.0804792661440017 0 0 0.361895982892194 7.4074074074074E-05 0 0.00511111720849548 0.0287974498859587 0 0.0289687440092045 0.214786456630531 0 0 0.0521815018782747 0.0984408247872385 0 2.46913580246914E-05 0.00567901234567902 0.0670776981872885 0 0.00385205618353323 0 0 0 0.0526311244155027 0.433858823529412 0.179921568627451 0.240854901960784 0.70483137254902 0.325937254901961 0.225411764705882 0.697090196078431 0.331121568627451 0.25878431372549 0.431950617283951 0.519781276226317 0.384015758850068 0.466516276749251 0.566672005856676 0 0 0 0 0.325937254901961 0.0714588235294118 0 0.167929411764706 0.0861098039215686 0.433858823529412 0.179921568627451 0.240854901960784 0.70483137254902 0 0.153952941176471 0.697090196078431 0.163192156862745 0.172674509803921 0.0375 0.0845925925925926 0.909506172839506 0.55 0.388049382716049 0.35 0 0 0 0 0.107333333333333 0.106831372549019 0 0.299043137254902 0.321725490196078 0 0 0 0 0.35998431372549 0.223403921568628 0 0.327082352941176 0.242086274509804
#NONE#
(Leaf335.txt) (listLeaf335ED.txt) (#NONE#)
(Neighbor1Leaf335.txt) (Neighbor2Leaf335.txt) (Neighbor3Leaf335.txt) (Neighbor4Leaf335.txt)
(#NONE#)
(#NONE#) (Node23.txt)
0.148190769475509 0 0 0.222280123673486 0.0153201308274497 0 0.0243427622885803 0.0135025480876487 0.000992869995869494 0.0762149366694365 0.188813076359053 0 4.90506031876301E-05 0.0624236956314395 0.149869741591693 0.00210566875848455 0.00268307206203705 0.010977687999687 0.0227364779404556 0.00386117439297111 0.024059934410528 0.00179216777479229 3.36700336700336E-05 0.0050911842920825 0.0246592571319397 0.473298871063577 0.258849673202614 0.217052881758764 0.653831253713607 0.202010695187166 0.144796197266786 0.612645276292335 0.289895424836601 0.303042186571598 0.428656939768051 0.51540953944599 0.397208054520545 0.47428140268617 0.554061543166252 0 0 0 0 0.0612703505644682 0.0221069518716578 0 0.138319667260844 0.144993464052288 0.473298871063577 0.258849673202614 0.217052881758764 0.653831253713607 0.140740344622698 0.122689245395128 0.612645276292335 0.151575757575758 0.158048722519311 0.0606060606060606 0.0841825664047886 0.921560044893378 0.560606060606061 0.372061354283576 0.318181818181818 0 0 0 0 0.139065953654189 0.0968223410576351 0 0.326842543077837 0.278522875816993 0 0 0 0 0.208732026143791 0.158783125371361 0 0.279398692810457 0.295225193107546
#NONE#
