85
0
True False
0.0351821022244017 0 0 0.0429491404594632 0 0 0.000834096165699395 3.08794541781855E-05 0 0.0701508886781026 0.172498968579299 0 0 0.0406748412881678 0.596667462671416 6.17283950617284E-05 0.00339531326433122 0.000463065903401062 0.0127196835786142 0.00015433432568264 0.0177655012853862 0 0 3.08680083960983E-05 0.00642112571839866 0.534485294117647 0.590563725490196 0.544627450980392 0.608730392156863 0.602308823529412 0.399725490196078 0.628156862745098 0.561343137254902 0.158122549019608 0.782484567901235 0.498514925168674 0.473742037305398 0.483391706909464 0.559550331641215 0 0 0 0 0.602308823529412 0.271274509803922 0 0.561343137254902 0.116387254901961 0.534485294117647 0.590563725490196 0.544627450980392 0.608730392156863 0 0.128450980392157 0.628156862745098 0 0.041735294117647 0.0390625 0.0794907407407407 0.742484567901235 0.53125 0.240663580246914 0.21875 0 0 0 0 0.628240196078431 0.494196078431373 0 0.677367647058824 0.00220588235294118 0 0 0 0 0.574882352941177 0.390397058823529 0 0.534647058823529 0.18546568627451
#NONE#
(Leaf198.txt) (listLeaf198ED.txt) (#NONE#)
(Neighbor1Leaf198.txt) (Neighbor2Leaf198.txt) (Neighbor3Leaf198.txt) (Neighbor4Leaf198.txt)
(#NONE#)
(#NONE#) (Node17.txt)
0.0560229473835605 0.000542228064410121 0 0.0960047934472008 0.00291887454201934 0 0.0137273526002259 0.00936079511263296 0.00962254365479462 0.0466982192865668 0.194505327921236 5.08581119733739E-05 9.65689300966702E-05 0.0455822604096222 0.364091601364791 0.00100244230375507 0.00613468594549219 0.0191766401659243 0.0305650571645947 0.00354787836638167 0.0732910809458995 0.000334483663611501 8.72968529484512E-06 0.0015340338332691 0.0251805970966466 0.515457900807382 0.578189158016148 0.552333564013841 0.574590542099193 0.665706574394463 0.298746943483276 0.546240830449827 0.665667820069204 0.243132179930796 0.712435729847495 0.492178629480813 0.443090291809042 0.493795743061656 0.585983270039006 0 0 0 0 0.665706574394463 0.177083737024221 0 0.665667820069204 0.169754094579008 0.515457900807382 0.578189158016148 0.552333564013841 0.574590542099193 0 0.121663206459054 0.546240830449827 0 0.0733780853517878 0.0522058823529412 0.0825998547567175 0.861815541031227 0.530882352941176 0.33516920842411 0.280147058823529 0 0 0 0 0.751888350634371 0.245016378316032 0 0.723237370242215 0.102817070357555 0 0 0 0 0.634131487889273 0.311345790080738 0 0.637611534025375 0.273250749711649
#NONE#
