63
0
True False
0.188143936601212 0 0 0.0571321178951623 0.201808890731238 0 0.0748918342909343 0.00165351160661646 4.86365737879766E-05 0.0634436194523033 0.119943764920813 0 0.001883413609979 0.0488193836702051 0.0854953943763719 0.00429226216559365 0.0221009309769705 0.0137325334294695 0.01376401603459 0.0114162753590672 0.073270769679394 0.00274725274725275 0 0.0030472059934513 0.0123642498855872 0.118936274509804 0.117338235294118 0.167843137254902 0.0965196078431372 0.617328431372549 0.323039215686274 0.117877450980392 0.653303921568627 0.664946078431373 0.383595679012346 0.498703711909656 0.481551125379392 0.492819429253445 0.500177904392035 0 0 0 0 0.617328431372549 0.260495098039216 0 0.653303921568627 0.664946078431373 0.118936274509804 0.117338235294118 0.167843137254902 0.0965196078431372 0 0.0625441176470589 0.117877450980392 0 0 0.078125 0.0615432098765432 0.932422839506173 0.5625 0.374922839506173 0.359375 0 0 0 0 0.705769607843137 0.178406862745098 0 0.752553921568628 0.708769607843137 0 0 0 0 0.59343137254902 0.334764705882353 0 0.628436274509804 0.642759803921569
#NONE#
(Leaf274.txt) (listLeaf274ED.txt) (#NONE#)
(Neighbor1Leaf274.txt) (Neighbor2Leaf274.txt) (Neighbor3Leaf274.txt) (Neighbor4Leaf274.txt)
(#NONE#)
(#NONE#) (Node9.txt)
0.2147830907895 0 0 0.171498862493746 0.0381308232683719 0 0.0172368345755057 0.0136603292290754 0.00228016585771394 0.0761041397446769 0.11788743247237 0.000221576535922484 0.00281850140581106 0.0741534421719176 0.119652677482398 0.00936904573181223 0.0053251382660979 0.024987775137801 0.0209327697206086 0.0112394677064025 0.047045066997094 0.00184819159847309 0.000121582817349006 0.00712849384756195 0.0235745921497911 0.135185807656396 0.177115468409586 0.195382508558979 0.154450046685341 0.596926237161531 0.235320261437908 0.157415499533147 0.633969498910675 0.651887955182073 0.440909269057417 0.521706316094063 0.495543710321018 0.472906601015022 0.490017302732806 0 0 0 0 0.564553376906318 0.114196700902583 0 0.620753190164955 0.651887955182073 0.135185807656396 0.177115468409586 0.195382508558979 0.154450046685341 0.0323728602552132 0.121123560535325 0.157415499533147 0.0132163087457205 0 0.0793650793650794 0.0684185773074662 0.890115618263767 0.550595238095238 0.3511130707427 0.305555555555556 0 0 0 0 0.76077497665733 0.194993464052288 0 0.687343915343915 0.760483660130719 0 0 0 0 0.556328042328042 0.240788671023965 0 0.604770619358854 0.610289449112978
#NONE#
