26
0
True False
0.134614531638328 0 0 0.170280270938664 0.000247081360019809 0 0.0110564258977279 0 0.000525015441630635 0.0225617283950617 0.290489474753885 0 0 0.00598765432098765 0.316711137690685 0 0 0 0.0196714411707695 0 0.00874090566796353 0 0 0 0.0191143327242774 0.426519607843137 0.238352941176471 0.271029411764706 0.537931372549019 0.766382352941177 0.375872549019608 0.548970588235294 0.782794117647059 0.539441176470588 0.582253086419753 0.50006271808078 0.376764996522875 0.496685059364293 0.634070568295125 0 0 0 0 0.766382352941177 0.197401960784314 0 0.782794117647059 0.539441176470588 0.426519607843137 0.238352941176471 0.271029411764706 0.537931372549019 0 0.178470588235294 0.548970588235294 0 0 0.046875 0.057716049382716 0.87820987654321 0.546875 0.305308641975309 0.3125 0 0 0 0 0.758352941176471 0.375137254901961 0 0.849774509803922 0.673088235294118 0 0 0 0 0.741872549019608 0.352813725490196 0 0.758696078431373 0.50593137254902
#NONE#
(Leaf253.txt) (listLeaf253ED.txt) (#NONE#)
(Neighbor1Leaf253.txt) (Neighbor2Leaf253.txt) (Neighbor3Leaf253.txt) (Neighbor4Leaf253.txt)
(#NONE#)
(#NONE#) (Node28.txt)
0.101580724888423 0 0 0.153542872458146 0.00629350532698706 0 0.0152886071332245 0.0184116913686658 0.00011008472034897 0.0475801697227661 0.232943289889486 3.83555332876626E-05 0 0.0401852427081226 0.235567645958139 0.00146261517498976 0.0167961545937423 0.00077448008561184 0.044791429361696 0.000562300989246831 0.0518844899981775 0 0 0.00015231735197163 0.032034022736968 0.33662443438914 0.367900452488688 0.250369532428356 0.56778431372549 0.688431372549019 0.319606334841629 0.641361990950226 0.712929110105581 0.642793363499246 0.61037037037037 0.520715660300676 0.423939428456086 0.450448032185429 0.590287562057721 0 0 0 0 0.688431372549019 0.0935565610859729 0 0.712929110105581 0.642793363499246 0.33662443438914 0.367900452488688 0.250369532428356 0.56778431372549 0 0.226049773755656 0.641361990950226 0 0 0.0480769230769231 0.0791927825261158 0.912478632478632 0.552884615384615 0.374373219373219 0.324519230769231 0 0 0 0 0.733343891402715 0.518349924585219 0 0.906850678733032 0.893132730015083 0 0 0 0 0.653953242835596 0.29183257918552 0 0.648693815987934 0.576268476621418
#NONE#
