83
0
True False
0.116440782745634 0 0 0.412602300296805 0 0 0.000494208126246135 0.0687662852657099 0.000271705569964184 0.116582435235892 0.0524574158297866 0.0017667407956511 0.0107855564610616 0.0148785991282652 0.0260617315340406 0.0632182453364203 0.0670602011926288 0.00336849316161426 0.0027341947696305 0.0102140142585295 0.0224325761725475 2.47678018575851E-05 0.00519346745015412 2.64367396022046E-05 0.00461984212795916 0.331807843137255 0.216862745098039 0.183505882352941 0.348921568627451 0.220239215686274 0.294149019607843 0.295803921568627 0.273729411764706 0.2026 0.301271604938272 0.506302124164399 0.444916601368124 0.487424953303101 0.512792040143436 0 0 0 0 0.0404862745098039 0.0823058823529412 0 0.167749019607843 0.0199450980392157 0.331807843137255 0.216862745098039 0.183505882352941 0.348921568627451 0.179752941176471 0.211843137254902 0.295803921568627 0.105980392156863 0.182654901960784 0.125 0.0924814814814815 0.930358024691358 0.5625 0.37541975308642 0.28125 0 0 0 0 0.191250980392157 0.435976470588235 0 0.278309803921569 0.243003921568627 0 0 0 0 0.213219607843137 0.265572549019608 0 0.257752941176471 0.198392156862745
#NONE#
(Leaf225.txt) (listLeaf225ED.txt) (#NONE#)
(Neighbor1Leaf225.txt) (Neighbor2Leaf225.txt) (Neighbor3Leaf225.txt) (Neighbor4Leaf225.txt)
(#NONE#)
(#NONE#) (Node24.txt)
0.133866770588458 0 0 0.43078045367482 0.0193773407345588 0 0.0407945355275542 0.0313328736452162 0.000351100488799382 0.067154648220296 0.136095869173542 0.000241169207208274 0.00129946463386285 0.0345891546249502 0.0450574720433656 0.00917633464888202 0.00919992304528588 0.00329025864592829 0.00724757067731739 0.00502850708793295 0.0155201064546758 8.93379733818889E-06 0.000627211375790702 0.000179257802994752 0.00878104390122366 0.294628868414836 0.255981100874085 0.18181904086936 0.280116702102528 0.231484526340657 0.27502338766832 0.276912827781715 0.244770139381054 0.236343019135365 0.243275323516287 0.494638045633945 0.49769546490786 0.494141106604562 0.492943501253777 0 0 0 0 0.0298077013938105 0.0648433734939759 0 0.0338270729978738 0.0661034727143869 0.294628868414836 0.255981100874085 0.18181904086936 0.280116702102528 0.201676824946846 0.210180014174344 0.276912827781715 0.21094306638318 0.170239546420978 0.0798192771084337 0.0708865089989588 0.915621002528633 0.546686746987952 0.357029599881006 0.273343373493976 0 0 0 0 0.154270257500591 0.33263690054335 0 0.250545712260808 0.221057406094968 0 0 0 0 0.237415072052918 0.260060949681077 0 0.237714150720529 0.234592015119301
#NONE#
