55
0
True False
0.00956255011906613 0 0 0.0382623551727034 7.85634118967453E-05 0 0.00239057239057239 0.000482709147400018 0 0.0242985631402524 0.033098660377824 0 0 0.0228395394354067 0.0240298071408634 0 0.000347923681257015 2.24466891133558E-05 0.0936031509629929 1.12233445566779E-05 0.0618535870491086 0 0 0 0.689118347936986 0.893668449197861 0.892584670231729 0.892477718360071 0.901426024955437 0.661597147950089 0.753336898395722 0.904313725490196 0.802146167557932 0.790616755793226 0.847239057239057 0.495571520495446 0.493934631766422 0.486654350181093 0.494411018334683 0 0 0 0 0.623286987522282 0.733743315508021 0 0.773508021390374 0.790616755793226 0.893668449197861 0.892584670231729 0.892477718360071 0.901426024955437 0.0383101604278075 0.0195935828877005 0.904313725490196 0.0286381461675579 0 0.0284090909090909 0.0681369248035915 0.535735129068462 0.369318181818182 0.190695847362514 0.170454545454545 0 0 0 0 0.61595008912656 0.754955436720143 0 0.83648128342246 0.676181818181818 0 0 0 0 0.667565062388592 0.745450980392157 0 0.780606060606061 0.779244206773619
#NONE#
(Leaf101.txt) (listLeaf101ED.txt) (#NONE#)
(Neighbor1Leaf101.txt) (Neighbor2Leaf101.txt) (Neighbor3Leaf101.txt) (Neighbor4Leaf101.txt)
(#NONE#)
(#NONE#) (Node26.txt)
0.0272800761018521 0 0 0.0478277586647593 0.00222789077858716 0 0.00772329999583132 0.00534074536099589 0.00307442757968811 0.0186246964655072 0.081345272101346 0.000152731764838003 2.24605536526475E-06 0.0301002707129574 0.202116447401899 0.0061389878470381 0.00201624023067549 0.0164066069814622 0.12329242995922 0.00430084108611158 0.134522579374224 0.0117762706112508 2.24605536526475E-06 0.0186958653850451 0.25703206948598 0.771639215686274 0.77755008912656 0.709642780748664 0.810099821746881 0.69108449197861 0.724754367201426 0.8097376114082 0.772173975044563 0.721902317290553 0.820161616161616 0.494115261561585 0.480095003097677 0.495154353185506 0.538080628047289 0 0 0 0 0.676746524064171 0.706852762923351 0 0.766446345811052 0.717392513368984 0.771639215686274 0.77755008912656 0.709642780748664 0.810099821746881 0.0143379679144385 0.0179016042780749 0.8097376114082 0.00572762923351158 0.00450980392156864 0.0272727272727273 0.0686936026936027 0.743447811447811 0.465909090909091 0.26727721661055 0.230681818181818 0 0 0 0 0.714042067736186 0.765328342245989 0 0.809325490196079 0.762346524064171 0 0 0 0 0.672310160427807 0.690640998217469 0 0.747831016042781 0.696286631016043
#NONE#
