30
0
True False
0.297554340016732 0 0 0.210713355778412 0.000906912086143427 0 0.00205250710217394 0.0420986914347618 0 0.127807723373254 0.127751929647209 0 0 0.067961041238246 0.0349111753258455 0.04195490883558 0.00362660368209572 0.00155106887558173 0.00488314641325391 0.00337068352271738 0.0231441451714458 0 0.000230607966457023 0 0.0094811595300919 0.244771241830065 0.0611830065359477 0.383464052287582 0.10516339869281 0.180464052287582 0.0592549019607844 0.123575163398693 0.205901960784314 0.0870130718954249 0.287407407407407 0.512787240911636 0.645825042434876 0.482394534530611 0.437433006002833 0 0 0 0 0.0764117647058823 0 0 0.075718954248366 0 0.244771241830065 0.0611830065359477 0.383464052287582 0.10516339869281 0.104052287581699 0.0592549019607844 0.123575163398693 0.130183006535948 0.0870130718954249 0.0625 0.0781893004115226 0.930288065843621 0.552083333333333 0.382057613168725 0.260416666666667 0 0 0 0 0.0629738562091502 0.0616993464052288 0 0.391183006535948 0.0903986928104575 0 0 0 0 0.186627450980392 0.0609607843137254 0 0.182267973856209 0.0871241830065359
#NONE#
(Leaf277.txt) (listLeaf277ED.txt) (#NONE#)
(Neighbor1Leaf277.txt) (Neighbor2Leaf277.txt) (Neighbor3Leaf277.txt) (Neighbor4Leaf277.txt)
(#NONE#)
(#NONE#) (Node19.txt)
0.257930701515077 0 0 0.295921495497022 0.0298687432524127 0 0.0208885222266153 0.0240064187655384 0.000381528652060054 0.103138615944979 0.0991721939572694 8.23248538733843E-06 0 0.0486033688954901 0.0411051770258248 0.0245421706192293 0.00269450124376882 0.00415408345084107 0.00926771958149975 0.00172410136076691 0.0272163017837982 0.000493941499627463 7.91944776603327E-05 0.000938387455241387 0.00786460030989145 0.258585620915033 0.135298039215686 0.28082091503268 0.122241830065359 0.206022222222222 0.123145098039216 0.140912418300654 0.234818300653595 0.121883660130719 0.242604938271605 0.501018904774906 0.532990500183116 0.488277888593006 0.480268733048001 0 0 0 0 0.077921568627451 0.0364379084967321 0 0.0533254901960784 0.0236339869281046 0.258585620915033 0.135298039215686 0.28082091503268 0.122241830065359 0.128100653594771 0.0867071895424837 0.140912418300654 0.181492810457516 0.0982496732026144 0.0875 0.0701152263374486 0.918271604938271 0.55 0.366283950617284 0.285416666666667 0 0 0 0 0.134101960784314 0.0700692810457516 0 0.320315032679739 0.0677934640522876 0 0 0 0 0.211264052287582 0.131416993464052 0 0.21981568627451 0.126670588235294
#NONE#
