72
0
True False
0.126860754260424 0 0 0.227163346197018 7.96403794421636E-05 0 0.0058878061670025 0.00860462411898818 0 0.0423364300245465 0.187428110571379 0 0 0.0346909496931317 0.225881077337973 0.000742027009199843 0.00252670753311244 0.00248235412179967 0.0582221261542966 0.000688803243303776 0.014879453626646 0.000220812944938084 0 0.00161635075694678 0.0596886258598518 0.553554621848739 0.64293837535014 0.285546218487395 0.645212885154062 0.306588235294118 0.432238095238095 0.688977591036415 0.652 0.191574229691877 0.490458553791887 0.515182809956848 0.33741922741017 0.470260061331236 0.63214206438544 0 0 0 0 0.215210084033613 0.204165266106443 0 0.619560224089636 0.0540168067226891 0.553554621848739 0.64293837535014 0.285546218487395 0.645212885154062 0.0913781512605043 0.228072829131653 0.688977591036415 0.0324397759103641 0.137557422969188 0.0848214285714286 0.0840564373897707 0.911022927689594 0.540178571428571 0.360855379188713 0.299107142857143 0 0 0 0 0.133672268907563 0.840148459383753 0 0.788478991596639 0.128829131652661 0 0 0 0 0.32724649859944 0.357207282913165 0 0.614775910364145 0.19827731092437
#NONE#
(Leaf121.txt) (listLeaf121ED.txt) (#NONE#)
(Neighbor1Leaf121.txt) (Neighbor2Leaf121.txt) (Neighbor3Leaf121.txt) (Neighbor4Leaf121.txt)
(#NONE#)
(#NONE#) (Node14.txt)
0.0859796815578331 2.91847501523844E-05 0.000122708850463489 0.148170561463951 0.00965885941040356 0 0.0126362154371671 0.0212557493749099 0.0126187801271617 0.0421646085888001 0.182742198336136 0.00157789409219331 1.89469628055353E-05 0.0659498010243216 0.235466622242123 0.0096572232697052 0.00422452489460596 0.00809075945857587 0.0495850796741445 0.00405457563928097 0.051046104384286 0.000142767280270864 0.000336356985921824 0.00136216588622293 0.0531086303085648 0.567418845315904 0.575602396514161 0.423479847494553 0.666134531590414 0.309466230936819 0.447351851851852 0.675135076252723 0.654416122004358 0.236371459694989 0.611865569272977 0.504871321988249 0.421088796367964 0.483837078836951 0.585630668385286 0 0 0 0 0.19902559912854 0.251058823529412 0 0.648108387799564 0.112532679738562 0.567418845315904 0.575602396514161 0.423479847494553 0.666134531590414 0.110440631808279 0.19629302832244 0.675135076252723 0.00630773420479303 0.123838779956427 0.0746527777777778 0.0875531550068587 0.899567901234568 0.537326388888889 0.36516975308642 0.298611111111111 0 0 0 0 0.181768518518519 0.747072440087146 0 0.776703159041394 0.122154139433551 0 0 0 0 0.328081154684096 0.385523420479303 0 0.618667755991285 0.2514651416122
#NONE#
