85
0
True False
0.15655365622509 0 0 0.224026966718361 0.024324498607536 0 0.0479584644903721 0.000964279305554722 0.0088504450294597 0.0741711215891784 0.176347699603032 0 0 0.0865966738755574 0.121789417057724 0 0 0.0025995100872485 0.0174281588277927 0 0.0335603664221989 0 0 0 0.0248287421608949 0.372360784313726 0.373592156862745 0.608760784313726 0.399686274509804 0.441921568627451 0.220690196078431 0.301419607843137 0.185325490196078 0.116470588235294 0.381925925925926 0.478472015601816 0.511843247910736 0.498167136340166 0.481242702023494 0 0 0 0 0.189333333333333 0.0545803921568628 0 0.0553490196078432 0 0.372360784313726 0.373592156862745 0.608760784313726 0.399686274509804 0.252588235294118 0.166109803921568 0.301419607843137 0.129976470588235 0.116470588235294 0.1125 0.105901234567901 0.933851851851852 0.5625 0.391037037037037 0.35 0 0 0 0 0.787364705882353 0.503890196078431 0 0.190917647058824 0.0482274509803921 0 0 0 0 0.366650980392157 0.201145098039216 0 0.187247058823529 0.116172549019608
#NONE#
(Leaf219.txt) (listLeaf219ED.txt) (#NONE#)
(Neighbor1Leaf219.txt) (Neighbor2Leaf219.txt) (Neighbor3Leaf219.txt) (Neighbor4Leaf219.txt)
(#NONE#)
(#NONE#) (Node23.txt)
0.136846132994774 1.1704719196471E-05 5.85600093696015E-06 0.284506079569689 0.012143606932297 0 0.0259976154140012 0.0331900295088264 0.002601980070826 0.0999621889026916 0.175968971882868 3.64945213440242E-05 0.0021057803684821 0.0862886680130131 0.0635936352201935 0.0071746393136894 0.00532665579865472 0.00427514440242737 0.00943152544724623 0.00289490271508579 0.0366956431373911 0.000126762247367778 0.000197663304142301 0.000126527913682027 0.010491791601174 0.287144175317186 0.277398846597463 0.418144405997693 0.360085813148789 0.404564244521338 0.270261130334487 0.306895963091119 0.211833910034602 0.174210380622837 0.373693536673929 0.489054565473201 0.497800947762205 0.495355286139808 0.490116586613129 0 0 0 0 0.14320553633218 0.138536101499423 0 0.0634814302191465 0.0428452133794694 0.287144175317186 0.277398846597463 0.418144405997693 0.360085813148789 0.261358708189158 0.131725028835063 0.306895963091119 0.148352479815456 0.131365167243368 0.0963235294117647 0.0965693536673929 0.933645606390704 0.554411764705882 0.402233841684822 0.320588235294118 0 0 0 0 0.826236216839677 0.31799446366782 0 0.145272433679354 0.124870588235294 0 0 0 0 0.331057900807382 0.261379008073818 0 0.218335870818916 0.185754094579008
#NONE#
