64
0
True False
0.218034006046472 0 0 0.20990543740298 0 0 0.00112165998107848 0.0140009054955691 0 0.0751064992184311 0.119559768672939 0 0 0.0782377091732355 0.155194395534642 0.000963319748054836 0.0023172516510088 0.0134384068805799 0.0138616011397167 9.88020254415216E-05 0.0945829844067259 0 0 0 0.00357725262312409 0.140729411764706 0.240580392156863 0.439364705882353 0.178878431372549 0.672219607843137 0.177333333333333 0.283145098039216 0.271098039215686 0.545294117647059 0.430716049382716 0.494403442619347 0.57836643814905 0.497684706004827 0.443172836663364 0 0 0 0 0.672219607843137 0 0 0.178290196078431 0.48798431372549 0.140729411764706 0.240580392156863 0.439364705882353 0.178878431372549 0 0.177333333333333 0.283145098039216 0.0928078431372548 0.0573098039215686 0.1 0.0969382716049384 0.908148148148148 0.55 0.375555555555556 0.225 0 0 0 0 0.957537254901961 0.266337254901961 0 0.162611764705882 0.865121568627451 0 0 0 0 0.593639215686274 0.185419607843137 0 0.28643137254902 0.465560784313726
#NONE#
(Leaf123.txt) (listLeaf123ED.txt) (#NONE#)
(Neighbor1Leaf123.txt) (Neighbor2Leaf123.txt) (Neighbor3Leaf123.txt) (Neighbor4Leaf123.txt)
(#NONE#)
(#NONE#) (Node15.txt)
0.202474701511129 0.00675200450133633 0.00190492825114482 0.191628991393655 0.0361442676370005 0 0.0399027539589627 0.0296625856058417 0.00260883258519345 0.0774635629102362 0.147251559238192 3.1111224883731E-05 0.00113403718018183 0.056519543699562 0.0738445077578301 0.0168292023990277 0.00884244234120638 0.00905180873596534 0.013058432366677 0.0225953901945076 0.0481296316230756 9.69469449143489E-05 9.84936734738373E-05 0.0034132643409132 0.0105609999250892 0.138738970588235 0.198241421568627 0.247550245098039 0.18769362745098 0.595694240196078 0.285873161764706 0.191237745098039 0.334319852941176 0.509336397058823 0.430437885802469 0.50197456291684 0.497976015808767 0.486141957503628 0.48077173550815 0 0 0 0 0.581031862745098 0.164000612745098 0 0.225354779411765 0.437715073529412 0.138738970588235 0.198241421568627 0.247550245098039 0.18769362745098 0.0146623774509804 0.121872549019608 0.191237745098039 0.108965073529412 0.0716213235294118 0.0986328125 0.0789004629629629 0.879791666666667 0.544921875 0.349021990740741 0.28515625 0 0 0 0 0.778139705882353 0.260794730392157 0 0.340090073529412 0.668890318627451 0 0 0 0 0.544664828431373 0.289235906862745 0 0.332544730392157 0.459117034313726
#NONE#
