37
0
True False
0.00456818323859522 0 0 0.0974451845144731 0 0 0.0101859930886148 0 0 0.016605346034185 0.412587295489917 0 0 0.0155247866296556 0.308199560531021 0.003179012345679 0.00175927069185496 0 0.048858840216518 0.00635802469135803 0.0515791234705093 0 0 0 0.0231493790576187 0.220803921568628 0.342901960784313 0.489147058823529 0.341147058823529 0.653676470588235 0.70585294117647 0.33321568627451 0.800637254901961 0.670372549019608 0.747561728395062 0.492413762555813 0.559958199478384 0.507299661412451 0.308321609781113 0 0 0 0 0.653676470588235 0.70585294117647 0 0.800637254901961 0.670372549019608 0.220803921568628 0.342901960784313 0.489147058823529 0.341147058823529 0 0 0.33321568627451 0 0 0.015625 0.0624382716049383 0.761851851851852 0.546875 0.19716049382716 0.28125 0 0 0 0 0.626941176470588 0.773029411764706 0 0.819892156862745 0.6745 0 0 0 0 0.639696078431372 0.679235294117647 0 0.778205882352941 0.655058823529412
#NONE#
(Leaf317.txt) (listLeaf317ED.txt) (#NONE#)
(Neighbor1Leaf317.txt) (Neighbor2Leaf317.txt) (Neighbor3Leaf317.txt) (Neighbor4Leaf317.txt)
(#NONE#)
(#NONE#) (Node26.txt)
0.0699422998089101 0 0 0.073645229369999 0.0131795717192441 0 0.0219078878527426 0.00332117323308259 0.000185072836039194 0.0483067151848513 0.219679856373658 1.66957172146201E-05 0 0.043673797900525 0.273175315145726 0.00775828136777098 0.0070763629690694 0.00320297632900281 0.076182270612992 0.00152214443956949 0.0621875701211693 0 3.33667000333668E-06 3.33667000333668E-06 0.075030105678427 0.288614732379438 0.416494965553789 0.46452146263911 0.39781981981982 0.699034446210917 0.712102808691044 0.466226815050344 0.752361420243773 0.710191838897721 0.693036369703036 0.493284612296382 0.503870493678568 0.490952418872613 0.465469867838609 0 0 0 0 0.699034446210917 0.712102808691044 0 0.752361420243773 0.704149443561209 0.288614732379438 0.416494965553789 0.46452146263911 0.39781981981982 0 0 0.466226815050344 0 0.00604239533651297 0.0422297297297297 0.0745712379045712 0.860650650650651 0.516891891891892 0.316456456456456 0.263513513513513 0 0 0 0 0.754355060943297 0.80711817700053 0 0.849515633280339 0.82887440381558 0 0 0 0 0.674469528351881 0.679210386857446 0 0.717983041865395 0.67005617382088
#NONE#
