71
0
True False
0.224631292523922 0 0 0.124230379986062 0 0 0.00180967299229871 0.00190203413100162 0 0.0757240334752631 0.0682376146297885 0 0 0.0719926114648449 0.0573892708546671 0.050837110211642 0.00974364965565802 0.0370811872910812 0.0150969713019264 0.107030830958694 0.0772062406628597 0.0635954105520563 0.000617283950617284 0.0108046372442386 0.00206976811337846 0.104774509803922 0.128127450980392 0.158093137254902 0.261338235294118 0.62843137254902 0.59653431372549 0.488681372549019 0.312705882352941 0.524308823529412 0.52858024691358 0.481082560580727 0.474200399152687 0.499069660145532 0.512372061740301 0 0 0 0 0.62843137254902 0.59653431372549 0 0.224333333333333 0.524308823529412 0.104774509803922 0.128127450980392 0.158093137254902 0.261338235294118 0 0 0.488681372549019 0.0883725490196078 0 0.09375 0.0791203703703703 0.885524691358025 0.5546875 0.358966049382716 0.265625 0 0 0 0 0.72393137254902 0.70268137254902 0 0.106083333333333 0.715029411764706 0 0 0 0 0.600642156862745 0.569926470588235 0 0.325843137254902 0.484588235294117
#NONE#
(Leaf161.txt) (listLeaf161ED.txt) (#NONE#)
(Neighbor1Leaf161.txt) (Neighbor2Leaf161.txt) (Neighbor3Leaf161.txt) (Neighbor4Leaf161.txt)
(#NONE#)
(#NONE#) (Node9.txt)
0.239852985490499 3.37847983422925E-05 0.00348546502897985 0.171971015012445 0.0169615078210045 0 0.0283484249844981 0.0127702283223498 0.00197839533359607 0.0839828746257312 0.114874624199652 4.88354552640099E-05 0.00300382668444801 0.0716780692391521 0.089553506670793 0.0085722455683833 0.00980651244022762 0.0103776947242835 0.0156752686194546 0.0256166473736595 0.0645110765081034 0.00789033219484168 0.000306213001828915 0.00758771432777067 0.0111127515746916 0.128085611709473 0.132569455951395 0.143918806959404 0.197853079259873 0.619590168461751 0.525728804197735 0.265055509527755 0.267201877934272 0.585577464788732 0.427301338897583 0.504783481123739 0.514004235944029 0.482400557781149 0.483029372327418 0 0 0 0 0.59815410107705 0.466610328638498 0 0.162671637669152 0.529553162109914 0.128085611709473 0.132569455951395 0.143918806959404 0.197853079259873 0.0214360673847004 0.0591184755592378 0.265055509527755 0.10453024026512 0.056024302678818 0.0616197183098592 0.0679412276125891 0.881175447748218 0.544894366197183 0.348718483741958 0.298415492957747 0 0 0 0 0.840616956641812 0.699178127589064 0 0.225373101353217 0.783129522231428 0 0 0 0 0.564727975697321 0.482356255178128 0 0.26992212096106 0.531510632421983
#NONE#
