96
0
True False
0.110537245248291 0 0 0.309111048865946 0.0320848771149808 0 0.0580923529227303 0.0247860216633528 0 0.0572945992113565 0.211377464223591 0 0 0.0421555019007553 0.0740804148084756 0 7.7171933485252E-05 9.26612305411416E-05 0.0185485820250752 0 0.0284812774676237 0 0 0 0.0332807813837957 0.217112745098039 0.304823529411765 0.349495098039216 0.200622549019608 0.347656862745098 0.627014705882353 0.218691176470588 0.279833333333333 0.309813725490196 0.349907407407407 0.439239667890553 0.623714260838159 0.514330871214776 0.409345613209116 0 0 0 0 0.095843137254902 0.627014705882353 0 0.130779411764706 0.172073529411765 0.217112745098039 0.304823529411765 0.349495098039216 0.200622549019608 0.251813725490196 0 0.218691176470588 0.149053921568628 0.137740196078431 0.078125 0.0746759259259259 0.903256172839506 0.53125 0.38233024691358 0.3046875 0 0 0 0 0.50171568627451 0.809362745098039 0 0.319348039215686 0.135132352941176 0 0 0 0 0.324544117647059 0.580098039215686 0 0.26503431372549 0.315529411764706
#NONE#
(Leaf217.txt) (listLeaf217ED.txt) (#NONE#)
(Neighbor1Leaf217.txt) (Neighbor2Leaf217.txt) (Neighbor3Leaf217.txt) (Neighbor4Leaf217.txt)
(#NONE#)
(#NONE#) (Node22.txt)
0.12330674363149 0 0 0.278799761944476 0.00999713395421166 0 0.0307589774197134 0.0522129482317108 6.43798928718582E-06 0.10741713326696 0.132131109182292 0.00035689612768522 0.00283745927122525 0.0788613092239261 0.0721703666047003 0.0130093298238815 0.0203865607224569 0.00683544668028064 0.0116677200955481 0.00482569030803237 0.0381076899774524 0.000338573992000808 0.00160389874466895 0.000885872015585089 0.013482940792415 0.289149509803922 0.313779003267974 0.291216911764706 0.229856617647059 0.300452614379085 0.59974795751634 0.246551062091503 0.261230392156863 0.25003431372549 0.40207433127572 0.461083829212424 0.528410061654913 0.513923926151897 0.472939581051834 0 0 0 0 0.150224264705882 0.575654820261438 0 0.0938361928104575 0.123092320261438 0.289149509803922 0.313779003267974 0.291216911764706 0.229856617647059 0.150228349673203 0.024093137254902 0.246551062091503 0.167394199346405 0.126941993464052 0.0911458333333333 0.0891499485596708 0.929529320987654 0.555989583333333 0.383894032921811 0.302083333333333 0 0 0 0 0.309228758169935 0.82697589869281 0 0.218725490196078 0.137909722222222 0 0 0 0 0.299707107843137 0.537057598039216 0 0.25925 0.260908905228758
#NONE#
