18
0
True False
0.908925396360133 0 0 0.0318893820433315 0 0 1.13085073901095E-05 0.000373180743873616 1.13085073901095E-05 0.0272962010578133 0.0139806966243505 0 1.13565385270569E-05 0.00384793268515154 0.00313726690753178 0.00019941348973607 0.00260675696890672 0 0.000101838944695906 2.24855530321768E-05 0.00678971685203119 0 1.17302052785924E-05 0 0.000784028010827184 0.0158930481283422 0.0170873440285205 0.0142281639928699 0.0287557932263814 0.188288770053476 0.0333155080213904 0.0169661319073084 0.0194545454545455 0.0243565062388592 0.0297755331088664 0.385842705928016 0.342946960762408 0.497765644359287 0.497759720044842 0 0 0 0 0 0 0 0 0 0.0158930481283422 0.0170873440285205 0.0142281639928699 0.0287557932263814 0.188288770053476 0.0333155080213904 0.0169661319073084 0.0194545454545455 0.0243565062388592 0.0170454545454545 0.0112794612794613 0.31314253647587 0.215909090909091 0.104635241301908 0.0738636363636364 0 0 0 0 0.492210338680927 0.00801426024955437 0 0.0191016042780748 0.0177611408199644 0 0 0 0 0.134520499108734 0.0320855614973262 0 0.0225918003565063 0.0160713012477718
#NONE#
(Leaf191.txt) (listLeaf191ED.txt) (#NONE#)
(Neighbor1Leaf191.txt) (Neighbor2Leaf191.txt) (Neighbor3Leaf191.txt) (Neighbor4Leaf191.txt)
(#NONE#)
(#NONE#) (Node20.txt)
0.869495522100006 0 0 0.0532510844011443 0.000199889716018748 0 0.000434261181866605 0.00251264183331695 6.91075451617806E-06 0.0273991826838905 0.016104096153132 2.11371803001479E-05 6.94010687764589E-06 0.00693066452776344 0.00848693892856349 0.00247614543451364 0.00166493359842948 0.00101071641006068 0.00154446258776114 0.00195619511523396 0.0055833928105215 8.47095783689592E-05 7.168458781362E-06 0 0.000823006438932933 0.0262919389978213 0.0373137254901961 0.0265925925925926 0.0366339869281045 0.234971677559913 0.0676427015250545 0.0265555555555556 0.0377538126361656 0.0442875816993464 0.0439643347050755 0.42479627718512 0.387479631519526 0.498024067788019 0.496975179813744 0 0 0 0 0.0369368191721133 0.0143986928104575 0 0.0141677559912854 0 0.0262919389978213 0.0373137254901961 0.0265925925925926 0.0366339869281045 0.1980348583878 0.053244008714597 0.0265555555555556 0.0235860566448802 0.0442875816993464 0.03125 0.0158230452674897 0.377242798353909 0.253472222222222 0.124567901234568 0.0902777777777778 0 0 0 0 0.570061002178649 0.0292897603485839 0 0.0496884531590414 0.0405076252723312 0 0 0 0 0.179960784313725 0.0674183006535947 0 0.035 0.0368605664488017
#NONE#
