90
0
True False
0.167036265901578 0.00480292138008123 0 0.341081052395012 0 0 0.00129668729393046 0.0348648176506574 0.00149183874710079 0.0822238976359458 0.062429287804979 1.15002012535219E-05 0.00240567355667598 0.0386032486829957 0.0241633116613013 0.0448742480782781 0.0442623886999486 0.0121570332644133 0.00900757850137882 0.0134469718411842 0.0937001740834101 0.000146314788365159 0.006553488413831 0.0109087129479834 0.00453258646969701 0.234096256684492 0.266224598930481 0.279836007130125 0.222245989304813 0.629076648841355 0.26420320855615 0.279319073083779 0.205661319073084 0.199647058823529 0.409337822671156 0.472749858247997 0.482972814115374 0.507458815210374 0.494992772394356 0 0 0 0 0.629076648841355 0.164645276292335 0 0.0864028520499108 0.0903208556149732 0.234096256684492 0.266224598930481 0.279836007130125 0.222245989304813 0 0.0995579322638145 0.279319073083779 0.119258467023173 0.109326203208556 0.0965909090909091 0.0954657687991021 0.942087542087542 0.556818181818182 0.39695847362514 0.306818181818182 0 0 0 0 0.762199643493761 0.367251336898396 0 0.127532976827094 0.120103386809269 0 0 0 0 0.565782531194296 0.251229946524064 0 0.227276292335116 0.214081996434937
#NONE#
(Leaf145.txt) (listLeaf145ED.txt) (#NONE#)
(Neighbor1Leaf145.txt) (Neighbor2Leaf145.txt) (Neighbor3Leaf145.txt) (Neighbor4Leaf145.txt)
(#NONE#)
(#NONE#) (Node19.txt)
0.187851511800129 0.00058702372423215 0.000406678299130291 0.267704957845506 0.0167542254362153 0 0.0162364210405541 0.0464267837631879 0.00198491414139706 0.0991032102895716 0.118232359288571 0.00152833500463354 0.000521489723909411 0.067526725500851 0.0680083847925345 0.0154207844940213 0.0111252941208859 0.0067819654163124 0.00984527415784792 0.00713023192335939 0.0461649388984845 0.000345119338727036 0.00112365932951433 0.00289701838638494 0.00629269328404008 0.221187363834423 0.318235729847495 0.345852723311547 0.210121132897604 0.597633986928105 0.243109803921569 0.214901960784314 0.19959825708061 0.176700653594771 0.359651577503429 0.457690736407135 0.482037143993705 0.511014655499947 0.494834470998312 0 0 0 0 0.580711982570806 0.10977211328976 0 0.0567930283224401 0.0560100217864924 0.221187363834423 0.318235729847495 0.345852723311547 0.210121132897604 0.0169220043572985 0.133337690631808 0.214901960784314 0.14280522875817 0.120690631808279 0.0756944444444444 0.0822688614540467 0.920338820301783 0.552777777777778 0.381846364883402 0.305555555555556 0 0 0 0 0.821773420479303 0.233869281045752 0 0.132678431372549 0.116216122004357 0 0 0 0 0.532893246187364 0.239150326797386 0 0.210311546840959 0.184580392156863
#NONE#
