55
0
True False
0.230121620315811 0 0 0.166551393023583 0.00579192424856591 0 0.0222368858461286 0.0210655683477916 0.0158641975308642 0.00324832956823599 0.276268815387556 0 0 0.00409081974383372 0.161420831769024 0 1.23456790123457E-05 0 0.0218597606034151 0 0.00618590568687508 0 0 0 0.065281602249303 0.279850980392157 0.290529411764706 0.115674509803922 0.508160784313726 0.5814 0.163701960784314 0.546556862745098 0.757996078431372 0.224450980392157 0.495987654320988 0.501777666178962 0.336839439584292 0.474853383383435 0.638383458138461 0 0 0 0 0.5814 0 0 0.757996078431372 0.0718313725490196 0.279850980392157 0.290529411764706 0.115674509803922 0.508160784313726 0 0.163701960784314 0.546556862745098 0 0.152619607843137 0.06875 0.0563827160493827 0.863049382716049 0.55 0.283839506172839 0.2125 0 0 0 0 0.449749019607843 0.161407843137255 0 0.900560784313726 0.146141176470588 0 0 0 0 0.576729411764706 0.165109803921569 0 0.718266666666667 0.227666666666667
#NONE#
(Leaf287.txt) (listLeaf287ED.txt) (#NONE#)
(Neighbor1Leaf287.txt) (Neighbor2Leaf287.txt) (Neighbor3Leaf287.txt) (Neighbor4Leaf287.txt)
(#NONE#)
(#NONE#) (Node17.txt)
0.141971176445355 0 0 0.188408944790836 0.00904869703169379 0 0.0201043431270468 0.0338149784110103 0.00322862728617763 0.0574439479004815 0.225790370976134 7.18668394188262E-05 0.000798824326877132 0.064219018121602 0.127298320027022 0.00226830801600149 0.0077336902245316 0.00960322144913334 0.0216817043256725 0.0109906381660518 0.0337312564224369 0.000209026479328431 5.61167227833895E-05 0.00613270088874222 0.0353942220216633 0.288270944741533 0.334230303030303 0.160485561497326 0.458426381461676 0.525411051693405 0.232437789661319 0.486498395721925 0.727177896613191 0.27782816399287 0.508861952861953 0.526111688992617 0.384348878202129 0.460688280332596 0.596120346847797 0 0 0 0 0.507595721925134 0.0411408199643494 0 0.727177896613191 0.133442424242424 0.288270944741533 0.334230303030303 0.160485561497326 0.458426381461676 0.0178153297682709 0.19129696969697 0.486498395721925 0 0.144385739750446 0.0670454545454545 0.0701279461279461 0.898626262626262 0.547727272727273 0.332523007856341 0.273863636363636 0 0 0 0 0.513661319073084 0.255382531194296 0 0.894906951871658 0.177906595365419 0 0 0 0 0.511601426024955 0.220983244206774 0 0.677908734402852 0.286568983957219
#NONE#
