69
0
True False
0.147681876664668 0 0 0.0269519988182119 0.54742452907384 0 0.0635871632714331 0.00259433175660837 0 0.00637993878153366 0.06689261288007 0 0 0.00737546941785478 0.0754213973547377 0.00031742833128868 0.000899434222452518 0.00265036939770113 0.0285277360977297 0.000508453031651202 0.00172942676405821 0.000190186382655002 0 0.000103416894183834 0.0207642308593221 0.0958627450980392 0.122254901960784 0.193111111111111 0.0880457516339869 0.161215686274509 0.222222222222222 0.173228758169934 0.152503267973856 0.196222222222222 0.170925925925926 0.573860816023045 0.77194133733773 0.477822551276758 0.436801382471873 0 0 0 0 0 0.0407058823529412 0 0 0 0.0958627450980392 0.122254901960784 0.193111111111111 0.0880457516339869 0.161215686274509 0.181516339869281 0.173228758169934 0.152503267973856 0.196222222222222 0.03125 0.0444032921810699 0.719526748971194 0.395833333333333 0.227777777777777 0.15625 0 0 0 0 0.124542483660131 0.16578431372549 0 0.109601307189543 0.097549019607843 0 0 0 0 0.156908496732026 0.228934640522876 0 0.145666666666667 0.194196078431373
#NONE#
(Leaf245.txt) (listLeaf245ED.txt) (#NONE#)
(Neighbor1Leaf245.txt) (Neighbor2Leaf245.txt) (Neighbor3Leaf245.txt) (Neighbor4Leaf245.txt)
(#NONE#)
(#NONE#) (Node20.txt)
0.398822515913569 3.58554023334696E-06 0.000189829518490125 0.162541529107377 0.0936821106536879 0 0.0206164100903033 0.015326095289266 0.00194754749913262 0.0780098927717264 0.0653580360069566 3.58554023334696E-06 0.00319196348240237 0.0468861777503609 0.0465607464557654 0.00638927055043417 0.00461824748905906 0.00606210515404581 0.0102136031498491 0.00199860719477501 0.0285237667826587 0.000336756468747934 5.3888348408534E-05 0.000270370513347461 0.00839335872916941 0.100179596476272 0.108831486217675 0.341073032111395 0.103638533674339 0.108323387325945 0.214183574879227 0.104940608127309 0.118091503267974 0.148607558965615 0.225798890678118 0.477636736799846 0.60801969574503 0.498936917805176 0.456569402928834 0 0 0 0 0.0351236146632566 0.120272236430804 0 0.0116919579425973 0.037946575731742 0.100179596476272 0.108831486217675 0.341073032111395 0.103638533674339 0.0731997726626882 0.0939113384484228 0.104940608127309 0.106399545325377 0.110660983233873 0.0498188405797101 0.0596332080873144 0.844957953122204 0.514492753623188 0.31009840758633 0.251811594202899 0 0 0 0 0.0537590224495595 0.098920716112532 0 0.100250639386189 0.0678107416879795 0 0 0 0 0.114730889457232 0.23018925831202 0 0.116384200056834 0.160013071895425
#NONE#
