46
0
True False
0.105543797922511 0 0 0.141481674142624 0 0 0.00393611326452901 0.000309110958318897 0 0.114778693209608 0.133126853799308 0 0.0037817979748086 0.0798654185666028 0.0833908758002666 0.0159157664812263 0.0121398958382839 0.000417319279950939 0.0570685800472491 0.00122063485760261 0.12263178988723 0 0 0.000432205482835268 0.123959472487045 0.257441176470588 0.233627450980392 0.226745098039216 0.332323529411765 0.37943137254902 0.815769607843137 0.313632352941176 0.372171568627451 0.81971568627451 0.562376543209877 0.515061753138739 0.581321625812318 0.487085131530059 0.38187673630061 0 0 0 0 0.288612745098039 0.815769607843137 0 0.277794117647059 0.81971568627451 0.257441176470588 0.233627450980392 0.226745098039216 0.332323529411765 0.0908186274509803 0 0.313632352941176 0.0943774509803921 0 0.078125 0.0683179012345679 0.870956790123457 0.5078125 0.348425925925926 0.2734375 0 0 0 0 0.536063725490196 0.84553431372549 0 0.223338235294118 0.91253431372549 0 0 0 0 0.353656862745098 0.794093137254902 0 0.386289215686274 0.788333333333333
#NONE#
(Leaf255.txt) (listLeaf255ED.txt) (#NONE#)
(Neighbor1Leaf255.txt) (Neighbor2Leaf255.txt) (Neighbor3Leaf255.txt) (Neighbor4Leaf255.txt)
(#NONE#)
(#NONE#) (Node21.txt)
0.0991378577485562 5.67671896456646E-05 0.00087558989387163 0.170169028999018 0.0324025334343257 0 0.0486823284885112 0.0178390735675392 0.00843663567984471 0.059653622664032 0.203850387579208 0.00135816315017788 0.0006930557854058 0.0521300265494776 0.12870215977145 0.0028283340078136 0.00524808039085142 0.00966670629454189 0.0446931176079763 0.000373219952775692 0.0634831876661768 0.000214735070841248 0 0.000537107541619 0.0489682809663409 0.297067348678602 0.242388746803069 0.228803069053709 0.397641943734015 0.331990622335891 0.746265984654731 0.428417732310315 0.303744245524297 0.749738277919864 0.518502415458937 0.49929242715296 0.538891804387384 0.489134048243623 0.44300288528706 0 0 0 0 0.20972378516624 0.736888320545609 0 0.163592497868713 0.749738277919864 0.297067348678602 0.242388746803069 0.228803069053709 0.397641943734015 0.12226683716965 0.00937766410912191 0.428417732310315 0.140151747655584 0 0.0842391304347826 0.0821417069243156 0.903572195383789 0.536684782608696 0.369133118625872 0.301630434782609 0 0 0 0 0.333332480818414 0.858759590792839 0 0.212167945439045 0.880624893435635 0 0 0 0 0.32898294970162 0.693996589940324 0 0.307927536231884 0.694820119352089
#NONE#
