63
0
True False
0.252422712201457 0 0 0.169179504983828 0 0 0.000372152021075198 0.0018701300193551 0 0.0830992382424357 0.0155699354920774 0 0.00120942859010282 0.0466235708657086 0.0106098946876107 0.0827375001619443 0.0730047858973266 0.0183932114558031 0 0.144854533547272 0.0359881078401461 0 0.00583470561117296 0.0582305883826853 0 0.144024132730015 0.130751131221719 0.112923076923077 0.157493212669683 0.448147812971342 0.445659125188537 0.207689291101056 0.503282051282051 0.351161387631976 0.516581196581197 0.501177692429372 0.481909715359017 0.459413051061218 0.503821430009927 0 0 0 0 0.448147812971342 0.445659125188537 0 0.503282051282051 0.325713423831071 0.144024132730015 0.130751131221719 0.112923076923077 0.157493212669683 0 0 0.207689291101056 0 0.025447963800905 0.0961538461538462 0.0548243114909782 0.917160493827161 0.557692307692308 0.345185185185185 0.278846153846154 0 0 0 0 0.514983408748115 0.444063348416289 0 0.556820512820513 0.372630467571644 0 0 0 0 0.427028657616893 0.425806938159879 0 0.482349924585219 0.33468778280543
#NONE#
(Leaf213.txt) (listLeaf213ED.txt) (#NONE#)
(Neighbor1Leaf213.txt) (Neighbor2Leaf213.txt) (Neighbor3Leaf213.txt) (Neighbor4Leaf213.txt)
(#NONE#)
(#NONE#) (Node9.txt)
0.258807265756024 0 1.52877147923928E-05 0.157828429968877 0.0213655495818004 0 0.0125933867035409 0.0233925474670108 0.00473188190526524 0.105855263464169 0.104314721563991 0.000490047298019586 0.00127413716739802 0.0911401684256006 0.0521620628707911 0.0262010201609774 0.0218344429826694 0.0128794418606014 0.00495575185575184 0.0375108006720043 0.0405448621802465 0.000569353656530291 0.00126926256581291 0.0165176285754326 0.00374668560269381 0.105422969187675 0.134900093370682 0.139818238406474 0.169650793650794 0.467121693121693 0.457541238717709 0.153081232492997 0.497749766573296 0.328312480547775 0.446535371350186 0.493233541968639 0.503736054215692 0.48887853063425 0.479773576801671 0 0 0 0 0.457459072517896 0.426163709928416 0 0.478006224712107 0.276351696234049 0.105422969187675 0.134900093370682 0.139818238406474 0.169650793650794 0.00966262060379706 0.0313775287892935 0.153081232492997 0.0197435418611889 0.0519607843137255 0.0882936507936508 0.0709347442680776 0.877399568881051 0.552579365079365 0.35418969233784 0.3125 0 0 0 0 0.491273576097106 0.529302209772798 0 0.679332088390912 0.243266106442577 0 0 0 0 0.448641145347028 0.435115468409586 0 0.457751633986928 0.333912854030501
#NONE#
