54
0
True False
0.0951444694175994 0 0 0.310685013882785 0 0 0.00160701402276195 0.0148563639925032 0 0.160765478488166 0.131764299586549 0 8.24368327768847E-05 0.133619572707023 0.0610377682315797 0 0.00166808638006639 0.00282273383945478 0.0110637168374461 0.000391574955690202 0.0635106263437245 0 0 0.0024318865669181 0.00854895791495455 0.246424836601307 0.209745098039216 0.289196078431373 0.336372549019608 0.308516339869281 0.304183006535948 0.428549019607843 0.198575163398693 0.236771241830065 0.387469135802469 0.485260916086115 0.488376523173566 0.509443005241461 0.493168902947488 0 0 0 0 0.174555555555555 0.217529411764706 0 0.0851241830065358 0.048921568627451 0.246424836601307 0.209745098039216 0.289196078431373 0.336372549019608 0.133960784313725 0.086653594771242 0.428549019607843 0.113450980392157 0.187849673202614 0.0729166666666667 0.0887654320987655 0.944238683127572 0.552083333333333 0.396337448559671 0.354166666666667 0 0 0 0 0.0899477124183007 0.226163398692811 0 0.124333333333333 0.18802614379085 0 0 0 0 0.348692810457516 0.304339869281046 0 0.205281045751634 0.231941176470588
#NONE#
(Leaf249.txt) (listLeaf249ED.txt) (#NONE#)
(Neighbor1Leaf249.txt) (Neighbor2Leaf249.txt) (Neighbor3Leaf249.txt) (Neighbor4Leaf249.txt)
(#NONE#)
(#NONE#) (Node24.txt)
0.122924120600822 9.71845632039807E-05 0.00179712059115897 0.265677211021526 0.0214080598131711 0 0.0105974432415989 0.0277118221877651 0.0137693771129795 0.116940027327556 0.144801414835632 0.00010308205057137 0.000523745474703815 0.0960232469136983 0.0609919280931798 0.038409966676602 0.00564822887586136 0.00522641770927303 0.00783559199559873 0.0037228779861028 0.0468400554420225 0.000670976558311418 8.74340646335417E-05 0.000845110351987136 0.00734755651204051 0.174318082788671 0.215015250544662 0.229041394335512 0.309599854756717 0.251639796659405 0.30820116194626 0.435758169934641 0.22720987654321 0.23361220043573 0.428191586648377 0.519535912528573 0.470400498762378 0.47976544396581 0.502693458499148 0 0 0 0 0.160511982570806 0.136320261437908 0 0.132822803195352 0.066041394335512 0.174318082788671 0.215015250544662 0.229041394335512 0.309599854756717 0.0911278140885984 0.171880900508351 0.435758169934641 0.0943870733478577 0.167570806100218 0.0960648148148148 0.0928555098308185 0.942437128486511 0.561342592592593 0.407190214906264 0.326388888888889 0 0 0 0 0.101657225853304 0.391380537400145 0 0.0869876543209877 0.181604212055192 0 0 0 0 0.279256354393609 0.285707334785766 0 0.255660856935367 0.237858387799564
#NONE#
