44
0
True False
0.0825238824245556 0 0 0.186036742493042 0 0 0.000802583467407311 0.00385853924574488 0 0.0267786437735961 0.201547694109563 0 0 0.00799830791630515 0.390534104635226 0 0 0 0.0408566942975247 0 0.0418606843891443 0 0 0 0.0172021232478925 0.462892156862745 0.616352941176471 0.568843137254902 0.580725490196079 0.612480392156863 0.758852941176471 0.35343137254902 0.505098039215686 0.181588235294117 0.648456790123457 0.437273722854298 0.449720342701102 0.561102641744174 0.602124283176555 0 0 0 0 0.612480392156863 0.758852941176471 0 0.458264705882353 0 0.462892156862745 0.616352941176471 0.568843137254902 0.580725490196079 0 0 0.35343137254902 0.0468333333333332 0.181588235294117 0.046875 0.0812037037037037 0.926604938271605 0.5625 0.365895061728395 0.3125 0 0 0 0 0.627882352941177 0.958450980392157 0 0.605490196078431 0.151578431372549 0 0 0 0 0.59828431372549 0.715519607843137 0 0.451196078431373 0.177843137254902
#NONE#
(Leaf195.txt) (listLeaf195ED.txt) (#NONE#)
(Neighbor1Leaf195.txt) (Neighbor2Leaf195.txt) (Neighbor3Leaf195.txt) (Neighbor4Leaf195.txt)
(#NONE#)
(#NONE#) (Node27.txt)
0.0754800961393984 0 0 0.1434048056156 0.00361213288578198 0 0.0171310712071868 0.0155382868723189 0.00174494914649393 0.0403542808141512 0.223685768308748 0.000617491882237973 0.000334088604111252 0.0261876557600174 0.283006257982029 0.000781676246359605 0.0129918173486798 0.00527301683458595 0.0457902693453899 0.000351384251096238 0.0713067020817485 0.000349826062284506 2.2453966198563E-05 0.000231289224586146 0.0318046794209965 0.428320855614973 0.608399286987522 0.599511586452763 0.507311051693405 0.665422459893048 0.693824420677362 0.497655971479501 0.412336007130125 0.213138146167558 0.640331088664422 0.454823474451122 0.46919588560413 0.550267908433813 0.537204661046602 0 0 0 0 0.63630926916221 0.693824420677362 0 0.283015151515151 0.0547067736185383 0.428320855614973 0.608399286987522 0.599511586452763 0.507311051693405 0.0291131907308378 0 0.497655971479501 0.129320855614973 0.15843137254902 0.0653409090909091 0.0836195286195286 0.892895622895623 0.539772727272727 0.34973063973064 0.313920454545455 0 0 0 0 0.797978609625668 0.834423351158645 0 0.58592513368984 0.147860071301248 0 0 0 0 0.623997326203208 0.640803921568627 0 0.370353832442068 0.215802139037433
#NONE#
