52
0
True False
0.172354603421318 0 0 0.193952100360635 0.024482849400297 0 0.0467818200839719 9.87944014519262E-05 0.0127987475701702 0.0232882674916058 0.27825216193957 0 0 0.0215234514704061 0.168977411078016 0 0.00030867855961489 6.17588932806324E-05 0.0187334632645044 0 0.00736089014278316 0 0 0 0.031025001922375 0.268643137254902 0.681317647058824 0.267325490196078 0.371364705882353 0.711180392156863 0.163717647058823 0.407478431372549 0.777564705882353 0.198027450980392 0.452370370370371 0.472978534367788 0.325015099534573 0.522627591831342 0.632854992054949 0 0 0 0 0.711180392156863 0.0613372549019608 0 0.777564705882353 0 0.268643137254902 0.681317647058824 0.267325490196078 0.371364705882353 0 0.102380392156863 0.407478431372549 0 0.198027450980392 0.05625 0.0624814814814815 0.92483950617284 0.55625 0.309320987654321 0.21875 0 0 0 0 0.814352941176471 0.0677019607843137 0 0.824988235294118 0.230462745098039 0 0 0 0 0.673164705882353 0.172925490196078 0 0.710313725490196 0.184756862745098
#NONE#
(Leaf223.txt) (listLeaf223ED.txt) (#NONE#)
(Neighbor1Leaf223.txt) (Neighbor2Leaf223.txt) (Neighbor3Leaf223.txt) (Neighbor4Leaf223.txt)
(#NONE#)
(#NONE#) (Node17.txt)
0.0985967745439663 0 0 0.185878152691426 0.0112411908059446 0 0.0219020373721512 0.0109403936675359 0.00439943642888233 0.0567479362285766 0.238772852726908 0 0.00320061327591947 0.0510865093686766 0.190335287412212 0.0119354412567487 0.0031392432548189 0.00375673851596393 0.0306101271761048 0.000353959637796084 0.0416520276552623 0.000325265262965201 0 0.000175708807375445 0.0349503039107654 0.303006787330317 0.628986425339367 0.423355957767723 0.362558823529412 0.707730769230769 0.19845173453997 0.362549773755656 0.676455505279035 0.277030165912519 0.550147198480532 0.485088429455134 0.411136834550835 0.507533661249004 0.574604086511354 0 0 0 0 0.694366515837104 0.0534524886877828 0 0.676455505279035 0.0753778280542987 0.303006787330317 0.628986425339367 0.423355957767723 0.362558823529412 0.0133642533936652 0.144999245852187 0.362549773755656 0 0.20165233785822 0.0745192307692308 0.0824287749287749 0.918428300094967 0.548076923076923 0.351913580246914 0.266826923076923 0 0 0 0 0.876484162895928 0.141439668174962 0 0.743625188536953 0.365647812971342 0 0 0 0 0.6528604826546 0.210331825037707 0 0.634466063348417 0.255984162895928
#NONE#
