88
0
True False
0.067166867797649 0 0 0.295992854762205 0 0 0.000776423708572249 0.0418976058133313 0 0.0850235020794634 0.0901426345842874 0 0 0.110500630051867 0.0947551969109667 0 0.00102330015754741 0.0023995572511893 0.0908211342498001 0 0.0199520525747081 0 0 0.000617283950617284 0.098930956107795 0.742470588235294 0.479355742296919 0.27612324929972 0.847478991596639 0.292044817927171 0.357708683473389 0.834268907563025 0.30036974789916 0.27763025210084 0.44978835978836 0.489396897747021 0.39929129838008 0.490582078274449 0.566133655858841 0 0 0 0 0.102526610644258 0.128464985994398 0 0.109988795518207 0.165596638655462 0.742470588235294 0.479355742296919 0.27612324929972 0.847478991596639 0.189518207282913 0.229243697478992 0.834268907563025 0.190380952380952 0.112033613445378 0.116071428571429 0.090705467372134 0.886190476190476 0.553571428571429 0.354426807760141 0.339285714285714 0 0 0 0 0.187019607843137 0.53727731092437 0 0.437467787114846 0.240224089635854 0 0 0 0 0.293820728291316 0.328610644257703 0 0.283288515406163 0.266610644257703
#NONE#
(Leaf193.txt) (listLeaf193ED.txt) (#NONE#)
(Neighbor1Leaf193.txt) (Neighbor2Leaf193.txt) (Neighbor3Leaf193.txt) (Neighbor4Leaf193.txt)
(#NONE#)
(#NONE#) (Node13.txt)
0.101327911230462 0 0 0.226100959862062 0.00399001891861186 0 0.0138954272953979 0.0312487849881929 0.00042720235032963 0.0687366156316548 0.174247511739439 0.000220827018997016 1.68549949337256E-05 0.0869258377772243 0.150919162397114 0.00206563903149236 0.0044534237388872 0.00598777684670597 0.0346042067160489 0.00285567594084608 0.0415637813421234 0.000567038477124682 4.20875420875421E-06 0.00149272105255384 0.0483484138955893 0.655547237076649 0.395539215686275 0.339325311942959 0.710857843137255 0.258912210338681 0.419379679144385 0.738307932263815 0.321867647058824 0.334935383244207 0.502571548821549 0.491450113146122 0.418903288746696 0.498565377855227 0.550694037997583 0 0 0 0 0.0922116755793227 0.256557932263815 0 0.162405080213904 0.212262032085561 0.655547237076649 0.395539215686275 0.339325311942959 0.710857843137255 0.166700534759358 0.16282174688057 0.738307932263815 0.15946256684492 0.122673351158645 0.0738636363636364 0.0910942760942761 0.916101290684624 0.553267045454545 0.383726150392817 0.325994318181818 0 0 0 0 0.19391577540107 0.628314616755793 0 0.315747326203209 0.383516488413547 0 0 0 0 0.266292335115865 0.378128787878788 0 0.317512032085562 0.320157308377897
#NONE#
