39
0
True False
0.914751961637854 0 0 0.0270863957190548 0 0 8.42815002107039E-05 0 0 0.0261120446384452 0.0120345246487406 0 0 0.0052022593349067 0.00236142669194957 0.000486415120561462 0.00185231487868413 1.39674558279209E-05 0.000402688806253527 0.000529538428858539 0.0080375788924446 0 1.38975748731846E-05 0 0.00103070467133513 0.0159956427015251 0.0150588235294118 0.0136230936819172 0.0190675381263617 0.0245729847494554 0.0260435729847494 0.0159193899782135 0.0991437908496731 0.0265315904139433 0.0286351165980796 0.537310181980116 0.44002730257135 0.492824263313478 0.49583753900137 0 0 0 0 0 0 0 0.0146383442265795 0 0.0159956427015251 0.0150588235294118 0.0136230936819172 0.0190675381263617 0.0245729847494554 0.0260435729847494 0.0159193899782135 0.0845054466230936 0.0265315904139433 0.0138888888888889 0.0106858710562414 0.288292181069959 0.239583333333333 0.0935459533607682 0.128472222222222 0 0 0 0 0.0102135076252723 0.00954466230936819 0 0.149392156862745 0.0152854030501089 0 0 0 0 0.0178213507625272 0.027557734204793 0 0.0832745098039216 0.022557734204793
#NONE#
(Leaf215.txt) (listLeaf215ED.txt) (#NONE#)
(Neighbor1Leaf215.txt) (Neighbor2Leaf215.txt) (Neighbor3Leaf215.txt) (Neighbor4Leaf215.txt)
(#NONE#)
(#NONE#) (Node20.txt)
0.875674236756998 0 0 0.0464984356421179 1.26794538959207E-05 0 0.000508058543384077 0.000317247325967828 3.16986347398018E-06 0.0247244258432876 0.0170017934471646 0 0 0.011727961191053 0.00895025079960193 0.0017237378939832 0.00110453041738291 0.000206012408102892 0.00135205260727823 0.00208972537497926 0.00601372871737205 0.000269784640642982 6.41426532608521E-06 0.000844836519974436 0.000970918288012364 0.019393665158371 0.0169562594268477 0.0231231774761187 0.0198541980894922 0.0304062342885872 0.0405027652086475 0.0178511814982403 0.103035696329814 0.0302081447963801 0.0505349794238683 0.51696916358848 0.507807406482052 0.493866146553554 0.490769525265771 0 0 0 0 0 0.00831573655103067 0 0.0127249874308698 0.00501860231271995 0.019393665158371 0.0169562594268477 0.0231231774761187 0.0198541980894922 0.0304062342885872 0.0321870286576169 0.0178511814982403 0.0903107088989442 0.0251895424836601 0.0176282051282051 0.0192624248179804 0.3470465337132 0.266025641025641 0.115451092117759 0.125 0 0 0 0 0.0203348416289593 0.0254861739567622 0 0.177769733534439 0.0255997988939165 0 0 0 0 0.0264927099044746 0.0399195575666164 0 0.0878250377073907 0.0235686274509804
#NONE#
