39
0
True False
0.127315690886574 0 0 0.350038917520259 0 0 0.000205786722640655 0.0998939423311093 0 0.0763838799407617 0.0859865108382455 0 0.00099282126358936 0.0200672659081738 0.0074612838619501 0.0752387198543925 0.0385881222041828 0.00356019208478223 0.00194568637191588 0.0401394803048319 0.0549537678950392 0 0.013212846996283 0.00281503560192085 0.00120004941334836 0.455921568627451 0.240692810457516 0.22278431372549 0.341411764705882 0.289006535947712 0.269202614379085 0.329281045751634 0.497777777777778 0.231464052287582 0.525390946502058 0.498124103315824 0.426506338851762 0.495792230392047 0.580943589535712 0 0 0 0 0.289006535947712 0.123777777777778 0 0.497777777777778 0.113111111111111 0.455921568627451 0.240692810457516 0.22278431372549 0.341411764705882 0 0.145424836601307 0.329281045751634 0 0.118352941176471 0.104166666666667 0.0911111111111114 0.930946502057613 0.5625 0.370123456790124 0.291666666666667 0 0 0 0 0.0735816993464053 0.347751633986928 0 0.429424836601307 0.148300653594771 0 0 0 0 0.318915032679739 0.249934640522876 0 0.492915032679738 0.228928104575163
#NONE#
(Leaf237.txt) (listLeaf237ED.txt) (#NONE#)
(Neighbor1Leaf237.txt) (Neighbor2Leaf237.txt) (Neighbor3Leaf237.txt) (Neighbor4Leaf237.txt)
(#NONE#)
(#NONE#) (Node24.txt)
0.0734342620011086 0 0.00012102334795168 0.244176268398761 0.00654276667248775 0 0.0264039823901618 0.0345123133607194 0.00633617535616281 0.0593227816615566 0.296579008855559 8.91750984907115E-05 0.000377676931685284 0.0747182699805856 0.0896928313880678 0.0115059921924241 0.0095058413365224 0.0101742772340871 0.0107885327585642 0.0107348775623284 0.0264214285865206 0.00131878514052174 0.00101954075118557 0.00128832963607713 0.0049358593584708 0.378283559577677 0.393898441427853 0.284102564102564 0.381372549019608 0.345101055806938 0.294382101558572 0.383021618903972 0.402326797385621 0.215266968325792 0.532507122507123 0.490425706327677 0.426047095667815 0.5020425807095 0.565692930535892 0 0 0 0 0.284971342383107 0.0704364002011061 0 0.32091804927099 0.081720462543992 0.378283559577677 0.393898441427853 0.284102564102564 0.381372549019608 0.0601297134238311 0.223945701357466 0.383021618903972 0.0814087481146305 0.1335465057818 0.092948717948718 0.0934409623298513 0.916267806267806 0.552884615384615 0.381525799303577 0.310897435897436 0 0 0 0 0.18397385620915 0.425896430367019 0 0.460926093514329 0.100268476621418 0 0 0 0 0.364497737556561 0.26884766214178 0 0.385151332327803 0.227725490196078
#NONE#
