54
0
True False
0.0736361876771821 0 0 0.0266691569578435 0.0603497942386831 0 0.139472816028344 0 0 0.108905565474168 0.257150268168803 0 0 0.285029786415532 0.0102674897119342 0 0.00508261967501098 0.000308641975308642 0 0 0.0331276736771905 0 0 0 0 0.258267973856209 0.364934640522876 0.420267973856209 0.268352941176471 0.404326797385621 0.447960784313726 0.270588235294118 0.250261437908497 0.363980392156863 0.736543209876543 0.493996622215502 0.490341199857991 0.498341085314248 0.457242928584832 0 0 0 0 0.404326797385621 0.447960784313726 0 0.216947712418301 0.363980392156863 0.258267973856209 0.364934640522876 0.420267973856209 0.268352941176471 0 0 0.270588235294118 0.033313725490196 0 0.0208333333333333 0.0612345679012345 0.791255144032922 0.53125 0.281522633744856 0.260416666666667 0 0 0 0 0.431679738562091 0.483875816993464 0 0.198653594771242 0.102869281045752 0 0 0 0 0.384633986928105 0.430705882352941 0 0.272464052287581 0.377045751633987
#NONE#
(Leaf257.txt) (listLeaf257ED.txt) (#NONE#)
(Neighbor1Leaf257.txt) (Neighbor2Leaf257.txt) (Neighbor3Leaf257.txt) (Neighbor4Leaf257.txt)
(#NONE#)
(#NONE#) (Node21.txt)
0.0659001268423393 0.000666776650444059 0 0.18688074466377 0.0318633514462554 0 0.0649902084677491 0.0266339782222937 0.00421206264140819 0.0678771488510519 0.205583239734419 2.7455201036094E-05 0.00716904316015967 0.119642723949879 0.0927135521542195 0.0107480979518769 0.0125642112314618 0.00542536384567726 0.0106912765067599 0.025422461263194 0.045531394947764 5.2975289176247E-05 0.000421516473920409 0.00340812958073313 0.0115741609244115 0.225827160493827 0.399894698620189 0.430770515613653 0.260706608569354 0.39858896151053 0.482318809005084 0.253535947712418 0.288374727668845 0.384450254175744 0.617535436671239 0.476882501469449 0.529735808064031 0.509278144873757 0.443784447010962 0 0 0 0 0.383216412490922 0.482318809005084 0 0.18782498184459 0.340742193173566 0.225827160493827 0.399894698620189 0.430770515613653 0.260706608569354 0.0153725490196078 0 0.253535947712418 0.100549745824256 0.0437080610021786 0.0578703703703704 0.0784453589391861 0.878095564700503 0.528935185185185 0.349830818472794 0.290509259259259 0 0 0 0 0.354297748729121 0.489128540305011 0 0.250007988380537 0.300063180827887 0 0 0 0 0.396140159767611 0.46502614379085 0 0.289891793754539 0.38521859114016
#NONE#
