74
0
True False
0.517977221314801 0 0 0.063077992862133 0.00229362286364309 0 0.0199981321141148 5.81455880616019E-05 0 0.198425710262039 0.0429219713692551 0 0.00018334900696569 0.0282454089222185 0.00939574572428535 0.0400939492275397 0.0102361081297492 7.41523986966559E-05 0.00334907937199036 0.0258915639473061 0.0340987713423436 0 0.000693440576979418 0.00106133250971933 0.00192430246815814 0.0373411764705883 0.0529516339869281 0.115785620915033 0.0372522875816993 0.118392156862745 0.136870588235294 0.0906745098039216 0.406962091503268 0.193801307189542 0.164534979423868 0.562630789074714 0.525398261505765 0.478669866331134 0.484255419582551 0 0 0 0 0.0134509803921569 0.0240862745098039 0 0.31203137254902 0.0854614379084967 0.0373411764705883 0.0529516339869281 0.115785620915033 0.0372522875816993 0.104941176470588 0.11278431372549 0.0906745098039216 0.0949307189542484 0.108339869281046 0.0458333333333333 0.0408971193415638 0.777234567901235 0.5125 0.280946502057613 0.245833333333333 0 0 0 0 0.0464601307189543 0.123660130718954 0 0.564107189542484 0.209071895424837 0 0 0 0 0.139942483660131 0.141265359477124 0 0.376969934640523 0.195108496732026
#NONE#
(Leaf212.txt) (listLeaf212ED.txt) (#NONE#)
(Neighbor1Leaf212.txt) (Neighbor2Leaf212.txt) (Neighbor3Leaf212.txt) (Neighbor4Leaf212.txt)
(#NONE#)
(#NONE#) (Node20.txt)
0.546156764339655 3.95786082784682E-05 0 0.116657511945771 0.00717075446476783 0 0.0178363414800985 0.0114247593718488 0.000449772680091127 0.11059378328132 0.0624885701455589 9.74379354179459E-05 0.000212569738172748 0.0369849370147794 0.022861951848725 0.0149322636607772 0.00668928514049776 0.00373279565122354 0.00488489942734786 0.0100298456025105 0.0205000606425173 0.00091998672110417 0.00034307546118306 0.00188862864571985 0.00310442619263405 0.0507450980392157 0.0576343402225755 0.0913428722840487 0.0570726020137785 0.125392686804451 0.143272390037096 0.0812739798622152 0.407189719130896 0.220025967143614 0.200295295295295 0.54270231582968 0.507114922045307 0.483349505770918 0.486878948426413 0 0 0 0 0.029679915209327 0.0594213036565978 0 0.344703232644409 0.102968733439322 0.0507450980392157 0.0576343402225755 0.0913428722840487 0.0570726020137785 0.0957127715951245 0.0838510863804981 0.0812739798622152 0.0624864864864865 0.117057233704293 0.0591216216216216 0.0478028028028028 0.723838838838839 0.499155405405405 0.261663329996663 0.225506756756757 0 0 0 0 0.0744939056703763 0.113594064652888 0 0.540109697933227 0.228988871224165 0 0 0 0 0.131802861685215 0.144924748277689 0 0.376827768945416 0.210629570747218
#NONE#
