51
0
True False
0.0787339910328 0 0 0.0242725549211802 0.000495540230060142 0 0.000793361869215398 2.4777006937562E-05 0 0.0134010864068062 0.0415181622906837 0 0 0.0169177677312645 0.150878116460303 0.00225216031013799 0.00136184947648133 0.00106450985106807 0.0788302262307008 0.00235097731046325 0.0396831179249543 0 0 0.000544658711233996 0.54687714223571 0.755654901960785 0.819686274509804 0.800941176470588 0.837811764705882 0.881419607843137 0.0144 0.862627450980392 0.684094117647059 0.192086274509804 0.802148148148148 0.500635744303293 0.475878990087949 0.46947986024279 0.56959699746435 0 0 0 0 0.881419607843137 0 0 0.684094117647059 0.176203921568627 0.755654901960785 0.819686274509804 0.800941176470588 0.837811764705882 0 0.0144 0.862627450980392 0 0.0158823529411765 0.05 0.0896049382716049 0.620740740740741 0.425 0.203827160493827 0.2375 0 0 0 0 0.906258823529412 0 0 0.791733333333334 0.0314745098039216 0 0 0 0 0.84643137254902 0.0540235294117648 0 0.656588235294118 0.237866666666667
#NONE#
(Leaf129.txt) (listLeaf129ED.txt) (#NONE#)
(Neighbor1Leaf129.txt) (Neighbor2Leaf129.txt) (Neighbor3Leaf129.txt) (Neighbor4Leaf129.txt)
(#NONE#)
(#NONE#) (Node14.txt)
0.0876273841421946 0 7.28916101756688E-06 0.0917781921751543 0.00419099419055284 0 0.00670201313177252 0.0126123541235576 0.000170053426850569 0.0434574707647606 0.0967033132925258 0.000411832482425395 0.00238841509342274 0.0524369902654837 0.25936938717404 0.00451701305572135 0.00506468769660963 0.018986812282706 0.0894865328611683 0.00481581072217197 0.0785690308728814 0.00636955816125201 0.00207494876139311 0.00291751111862127 0.129342405043717 0.726078431372549 0.697743944636678 0.572115340253749 0.795013456362937 0.759148019992311 0.149426374471357 0.781721645520954 0.671331795463283 0.179533256439831 0.683362381989833 0.48478602251053 0.429794365184863 0.509808261152779 0.596182587327151 0 0 0 0 0.759148019992311 0.0797139561707036 0 0.642585159554018 0.118043829296424 0.726078431372549 0.697743944636678 0.572115340253749 0.795013456362937 0 0.0697124183006536 0.781721645520954 0.0287466359092657 0.0614894271434064 0.0649509803921569 0.080956184943113 0.823727910917453 0.502450980392157 0.315613652868555 0.26593137254902 0 0 0 0 0.832177623990773 0.0755855440215302 0 0.739491733948481 0.0799746251441753 0 0 0 0 0.72282737408689 0.169627835447905 0 0.641833141099577 0.195627835447905
#NONE#
