61
0
True False
0.0429050117843375 0 0 0.0952490802918193 0 0 0.000135845160992497 0.0015064936071302 0 0.00223763437071224 0.169889912813465 0 0 0.00586480699742297 0.386900438651885 0 0 1.23977188197372E-05 0.126489352068389 0 0.0107054197845125 0 0 0 0.158103606750514 0.378113725490196 0.654874509803921 0.828980392156863 0.473274509803922 0.208886274509804 0.400890196078431 0.488501960784314 0.730145098039216 0.197764705882353 0.767283950617284 0.493545474905541 0.485206206330752 0.496366776246052 0.522890450727149 0 0 0 0 0.116796078431372 0.302427450980392 0 0.730145098039216 0 0.378113725490196 0.654874509803921 0.828980392156863 0.473274509803922 0.0920901960784313 0.0984627450980392 0.488501960784314 0 0.197764705882353 0.05625 0.0815925925925926 0.76720987654321 0.525 0.183283950617284 0.21875 0 0 0 0 0.16556862745098 0.449901960784314 0 0.711345098039216 0.139541176470588 0 0 0 0 0.207690196078431 0.388843137254902 0 0.715211764705882 0.213529411764706
#NONE#
(Leaf173.txt) (listLeaf173ED.txt) (#NONE#)
(Neighbor1Leaf173.txt) (Neighbor2Leaf173.txt) (Neighbor3Leaf173.txt) (Neighbor4Leaf173.txt)
(#NONE#)
(#NONE#) (Node13.txt)
0.0736648581721702 0 0 0.118771472223907 0.00511703482599443 0 0.0145705316310375 0.0119328630622042 0.00569968514744844 0.056610516984312 0.214033353264555 0.000334412738448808 0.000654763692463491 0.0618983092962052 0.231475907574065 0.00318889630133392 0.00823801649894469 0.0120479856645759 0.0582798228421931 0.00278331490736946 0.0705063421913622 0.000933253465371377 8.11306668248669E-06 0.00299770586109837 0.0462528405882566 0.465980070716811 0.571747348119576 0.633504982320797 0.520892317582771 0.212738669238187 0.435320475731276 0.487996785599486 0.622504018000643 0.241209257473481 0.658093503339405 0.482482489050164 0.46839047357171 0.508002795016218 0.533566896093637 0 0 0 0 0.122070716811315 0.379746705239473 0 0.622504018000643 0.106084860173578 0.465980070716811 0.571747348119576 0.633504982320797 0.520892317582771 0.0906679524268724 0.0555737704918033 0.487996785599486 0 0.135124397299904 0.0543032786885246 0.0904756122242461 0.884051811374215 0.546106557377049 0.339492005666869 0.278688524590164 0 0 0 0 0.069519768563163 0.427745419479267 0 0.730221150755384 0.137236901317904 0 0 0 0 0.240384442301511 0.417189971070395 0 0.589004821600772 0.262055930568949
#NONE#
