57
0
True False
0.664707675155302 0 0 0.107829599095448 0.0391903003448546 0 0.0145793289875806 0.00261910803276572 0.000548542787447041 0.045767867854411 0.058870445545403 1.24177325220415E-05 0 0.00616432757268246 0.0350469220718823 0.0136346703092015 4.9710991458366E-05 0.00187362662577813 0.00563550922185353 0.000753524451889631 0.00177016252653976 0.000322861045573078 0 0.000259387351778656 0.000364012295628217 0.0309450980392157 0.0702 0.131870588235294 0.0497333333333334 0.0739333333333333 0.361552941176471 0.0481019607843137 0.110129411764706 0.197635294117647 0.141086419753086 0.501881935318121 0.537179121068165 0.495987707139928 0.472404936091303 0 0 0 0 0.0222980392156863 0.157164705882353 0 0 0.0249764705882353 0.0309450980392157 0.0702 0.131870588235294 0.0497333333333334 0.051635294117647 0.204388235294118 0.0481019607843137 0.110129411764706 0.172658823529412 0.0125 0.0380864197530864 0.741962962962963 0.475 0.243234567901234 0.2375 0 0 0 0 0.0245921568627451 0.716619607843137 0 0.150913725490196 0.447239215686275 0 0 0 0 0.0862745098039215 0.2592 0 0.0977372549019608 0.154266666666667
#NONE#
(Leaf293.txt) (listLeaf293ED.txt) (#NONE#)
(Neighbor1Leaf293.txt) (Neighbor2Leaf293.txt) (Neighbor3Leaf293.txt) (Neighbor4Leaf293.txt)
(#NONE#)
(#NONE#) (Node20.txt)
0.482691488865404 0 0 0.204609954847043 0.019990660698713 0 0.0119406259964586 0.00823270386111181 0.000192227212329905 0.0862900961805685 0.0744360274833265 4.36852081094798E-06 0 0.0309479489179348 0.031982098970043 0.0106933441218173 0.00259075761948579 0.00433814221665538 0.00472654845595879 0.00481124502693943 0.0157326568017311 0.000717506235696612 3.92164554421834E-05 0.000840639941919912 0.00419174157060943 0.0464031647746818 0.087578947368421 0.112302717578259 0.0826632266941864 0.116725834193326 0.377506707946336 0.0887162022703819 0.157733058135535 0.197833505331957 0.172360840372536 0.499359414866017 0.547589867841901 0.490576055359133 0.480589530726098 0 0 0 0 0.0106604747162023 0.108320605435157 0 0.0221630546955624 0.0457309941520468 0.0464031647746818 0.087578947368421 0.112302717578259 0.0826632266941864 0.106065359477124 0.26918610251118 0.0887162022703819 0.135570003439972 0.152102511179911 0.0603070175438596 0.0536625514403292 0.816040719081655 0.518640350877193 0.303075590210093 0.253289473684211 0 0 0 0 0.0616594427244582 0.809769521843825 0 0.216514619883041 0.266302029583763 0 0 0 0 0.126668042655659 0.288432748538012 0 0.149144822841417 0.183914000687995
#NONE#
