58
0
True False
0.429095712084102 0 0 0.0994071568722262 0 0 0.00117933191916234 0.0033148620595328 0.00246984860148833 0.0656006442580443 0.0346839261696901 0 0.000433012903784532 0.0498921975170454 0.010533456745142 0.0226185264611501 0.0884414836071289 0.0214749786991763 0.00135806293695595 0.0475747038608367 0.0965476068722821 0 0.00485224162331553 0.0201518764385662 0.00037037037037037 0.0517843137254901 0.0510588235294117 0.0562516339869281 0.109300653594771 0.607075163398693 0.346728758169935 0.0709313725490196 0.539859477124183 0.494075163398693 0.418065843621399 0.519227999209681 0.453345792748969 0.47752562389234 0.520356199079637 0 0 0 0 0.607075163398693 0.319745098039216 0 0.539859477124183 0.472852941176471 0.0517843137254901 0.0510588235294117 0.0562516339869281 0.109300653594771 0 0.0269836601307189 0.0709313725490196 0 0.0212222222222223 0.0885416666666667 0.0491255144032922 0.79380658436214 0.5625 0.297006172839506 0.229166666666667 0 0 0 0 0.757411764705882 0.246797385620915 0 0.594372549019608 0.675712418300654 0 0 0 0 0.570552287581699 0.344735294117647 0 0.51837908496732 0.458140522875817
#NONE#
(Leaf273.txt) (listLeaf273ED.txt) (#NONE#)
(Neighbor1Leaf273.txt) (Neighbor2Leaf273.txt) (Neighbor3Leaf273.txt) (Neighbor4Leaf273.txt)
(#NONE#)
(#NONE#) (Node9.txt)
0.389771500847657 0 0 0.144939634772676 0.0136201943119117 0 0.0137644558607553 0.0208374771810948 0.000511003158928619 0.0819834403718447 0.0700631475021123 0.000132113885418693 9.60360778638686E-05 0.0532105819149962 0.0471667157448991 0.0181094202332182 0.0261240590919519 0.00784225448007253 0.0119663438303096 0.0165031591980583 0.0646237226014602 0.000895106000618653 0.00116647248768051 0.00613412239178024 0.0105390380546917 0.061236646382691 0.0874273157538877 0.0922298850574712 0.0982765382014875 0.636504394861393 0.275075726842461 0.106698444895199 0.572853955375253 0.461709939148073 0.343177948063006 0.506603926612691 0.471052202208219 0.485662647707424 0.503117501069005 0 0 0 0 0.636504394861393 0.193742393509128 0 0.535529411764706 0.374441514536849 0.061236646382691 0.0874273157538877 0.0922298850574712 0.0982765382014875 0 0.0813333333333333 0.106698444895199 0.0373245436105477 0.0872684246112238 0.0851293103448276 0.0578905917411664 0.798793103448276 0.548491379310345 0.313429118773946 0.28448275862069 0 0 0 0 0.765966869506423 0.190187288708587 0 0.744302907369845 0.623620689655172 0 0 0 0 0.592293441514537 0.289999323867478 0 0.529956727518593 0.422741717376606
#NONE#
