69
0
True False
0.858909008354698 0 0 0.0240239053009893 0.000355764270594304 0 0.00308625504740559 0 0 0.0573893981162734 0.017251194639058 0 0 0.00952691247873798 0.00478396976901455 0.000738935584943718 0.00314855596870601 0.000247058196895554 0.000505513368238202 0.00384100398630903 0.0126853664186491 0 0 0.00160547311021499 0.00190168538927251 0.0171316526610644 0.0198851540616246 0.020733893557423 0.0161148459383753 0.0425434173669468 0.0533613445378151 0.0152521008403361 0.0396330532212885 0.477554621848739 0.0524603174603175 0.580175066438749 0.589359299421662 0.488557477670502 0.486908526813945 0 0 0 0 0 0 0 0 0.371910364145658 0.0171316526610644 0.0198851540616246 0.020733893557423 0.0161148459383753 0.0425434173669468 0.0533613445378151 0.0152521008403361 0.0396330532212885 0.105644257703081 0.0223214285714286 0.0172927689594356 0.393677248677249 0.316964285714286 0.124470899470899 0.15625 0 0 0 0 0.0796190476190476 0.0378459383753501 0 0.108058823529412 0.77075350140056 0 0 0 0 0.0305266106442577 0.0522492997198879 0 0.0238403361344538 0.404647058823529
#NONE#
(Leaf189.txt) (listLeaf189ED.txt) (#NONE#)
(Neighbor1Leaf189.txt) (Neighbor2Leaf189.txt) (Neighbor3Leaf189.txt) (Neighbor4Leaf189.txt)
(#NONE#)
(#NONE#) (Node20.txt)
0.649021261924861 0 0 0.108127459904206 0.0188935708676771 0 0.00391318416875077 0.00550527978994307 4.84059907254122E-05 0.0668422774281971 0.0423404490790081 6.30287254593854E-05 1.79543528533058E-06 0.0271720101635991 0.0265884497945366 0.00278610402023196 0.00179383466544061 0.00477795651388714 0.00569888410668797 0.00554417525345894 0.0191795889524885 0.000573888710457084 3.40966039755558E-05 0.00186742395746881 0.00922687394365475 0.0273390167661267 0.0494964478545041 0.0601437908496732 0.0415765842568912 0.0917789144643365 0.102954248366013 0.0429747087240693 0.119113384484228 0.55168115942029 0.143537305421363 0.555651987832805 0.601257942824177 0.483951796555858 0.469846690506973 0 0 0 0 0.0263154305200341 0.0140613810741688 0 0.0331241830065359 0.459429383347542 0.0273390167661267 0.0494964478545041 0.0601437908496732 0.0415765842568912 0.0654634839443024 0.0888928672918443 0.0429747087240693 0.0859892014776925 0.0922517760727479 0.0480072463768116 0.0364197530864197 0.608473787797459 0.414855072463768 0.209665414206477 0.194746376811594 0 0 0 0 0.100031258880364 0.0884416027280477 0 0.116322818982666 0.826369991474851 0 0 0 0 0.088638817845979 0.100977550440466 0 0.113610116510372 0.478416027280478
#NONE#
