80
0
True False
0.118370181817583 0 0 0.225016638780912 0.007683930795086 0 0.00405062920773939 0.0282448539482476 0.001773517907901 0.0424215423685198 0.15622772656251 0 0 0.0648155882230352 0.196933769155526 0 0.00135246826000285 0.00537050516298195 0.06545703203443 0.000806948415560534 0.0272262940352156 1.69140344200601E-05 0 0.00173245885410221 0.0524990004362271 0.656935947712418 0.684277124183006 0.20356862745098 0.702303267973856 0.477780392156863 0.265843137254902 0.683877124183007 0.709048366013072 0.223775163398693 0.522979423868313 0.48815359093379 0.349040118176729 0.502608674398197 0.64644472555946 0 0 0 0 0.35634248366013 0.0410483660130719 0 0.678452287581699 0.0268235294117647 0.656935947712418 0.684277124183006 0.20356862745098 0.702303267973856 0.121437908496732 0.22479477124183 0.683877124183007 0.0305960784313725 0.196951633986928 0.0833333333333333 0.0798683127572017 0.906905349794239 0.558333333333333 0.35043621399177 0.304166666666667 0 0 0 0 0.639192156862745 0.505338562091503 0 0.906350326797386 0.230588235294118 0 0 0 0 0.44156862745098 0.229424836601307 0 0.643709803921569 0.217019607843137
#NONE#
(Leaf135.txt) (listLeaf135ED.txt) (#NONE#)
(Neighbor1Leaf135.txt) (Neighbor2Leaf135.txt) (Neighbor3Leaf135.txt) (Neighbor4Leaf135.txt)
(#NONE#)
(#NONE#) (Node14.txt)
0.11973482844633 0 0 0.16489547415848 0.00934277661715776 0 0.0159824262589634 0.014110525576446 0.00131025552526836 0.0558930441626601 0.16991652957705 0 0.000592188100953959 0.0528792779355024 0.215759272355577 0.000771877310627994 0.00451600671177609 0.00905143598619132 0.0573843890144696 0.00425676680442061 0.0482846060421367 0.0011197232390287 3.08718202025191E-06 0.00407968301498499 0.0501158259799553 0.628565196078432 0.656783823529412 0.237078921568627 0.661835294117647 0.570069117647059 0.214531862745098 0.660888235294118 0.700272549019608 0.179530392156863 0.554742283950617 0.49279435092912 0.375164025739095 0.497694469199457 0.625769875884251 0 0 0 0 0.511435294117647 0.0669117647058823 0 0.694535784313726 0.0331612745098039 0.628565196078432 0.656783823529412 0.237078921568627 0.661835294117647 0.0586338235294118 0.147620098039216 0.660888235294118 0.00573676470588235 0.146369117647059 0.071875 0.077054012345679 0.88450462962963 0.53046875 0.33616512345679 0.275 0 0 0 0 0.731596568627451 0.234167156862745 0 0.831601470588235 0.128103921568627 0 0 0 0 0.527816666666666 0.208491176470588 0 0.653369607843137 0.18213137254902
#NONE#
