50
0
True False
0.177742417812113 0 0 0.320380878337093 0 0 0.000890476360427182 0.0236287665848825 0 0.108683970205132 0.138225375200777 0 0 0.0638439046049252 0.0911899059782423 0.000934975126133437 0.0016932044535568 0.0103139143889067 0.0101007991594555 0.0016229451999601 0.0360473160985286 0 0 0.000335179762198779 0.0143659707276679 0.167854341736695 0.159635854341737 0.415607843137255 0.224162464985994 0.262621848739496 0.24333893557423 0.298980392156863 0.649008403361344 0.165770308123249 0.344356261022928 0.529560225237728 0.453649898030338 0.466612335543203 0.493297958895856 0 0 0 0 0.161109243697479 0 0 0.649008403361344 0.0802408963585434 0.167854341736695 0.159635854341737 0.415607843137255 0.224162464985994 0.101512605042017 0.24333893557423 0.298980392156863 0 0.0855294117647058 0.0803571428571429 0.0726807760141094 0.929118165784833 0.553571428571429 0.386031746031746 0.276785714285714 0 0 0 0 0.0353613445378152 0.607955182072829 0 0.88653781512605 0.16709243697479 0 0 0 0 0.296560224089636 0.206179271708683 0 0.584151260504202 0.157271708683473
#NONE#
(Leaf289.txt) (listLeaf289ED.txt) (#NONE#)
(Neighbor1Leaf289.txt) (Neighbor2Leaf289.txt) (Neighbor3Leaf289.txt) (Neighbor4Leaf289.txt)
(#NONE#)
(#NONE#) (Node15.txt)
0.158417263058569 0 0 0.311703664866436 0.0107593354005672 0 0.0207017462481184 0.0204747051130349 0 0.0795877161508208 0.161582662221255 2.4885609497834E-05 0.00153180975911056 0.0680660982142089 0.0931822376714552 0.00666865677398959 0.00177908293507067 0.0055515434800875 0.010461612855128 0.002624370853803 0.0311274207418803 0.000308713741292607 0.000370618303247728 0.00227855251420791 0.0127973034882187 0.210253333333333 0.190870588235294 0.28448862745098 0.278614901960784 0.232134901960784 0.241672941176471 0.389668235294118 0.678628235294117 0.304672941176471 0.356417283950617 0.547470940341191 0.469041174818088 0.470739133669811 0.500084898947797 0 0 0 0 0.0787129411764706 0.0117850980392157 0 0.671996862745098 0.161210980392157 0.210253333333333 0.190870588235294 0.28448862745098 0.278614901960784 0.153421960784314 0.229887843137255 0.389668235294118 0.0066313725490196 0.143461960784314 0.07 0.0781432098765432 0.914320987654321 0.545 0.375237037037037 0.26875 0 0 0 0 0.12694431372549 0.496741176470588 0 0.912496470588235 0.424056470588235 0 0 0 0 0.247086274509804 0.205211764705882 0 0.608239215686274 0.28368862745098
#NONE#
