38
0
True False
0.0083047527230265 0 0 0.101485999687161 0 0 0.0187379833643117 3.08756329504755E-05 0 0.00535655638347993 0.697539689703101 0 0 0.000524885760158084 0.156675522368323 0 0 0 0.00336470649699944 0 0.00345702454955882 0 0 0 0.00452200333093008 0.338607843137255 0.375377450980392 0.353666666666667 0.453137254901961 0.526990196078431 0.489764705882353 0.438857843137255 0.538681372549019 0.455774509803922 0.779753086419753 0.493464611107907 0.474482998307922 0.505342816738957 0.565405670838586 0 0 0 0 0.526990196078431 0.489764705882353 0 0.538681372549019 0.455774509803922 0.338607843137255 0.375377450980392 0.353666666666667 0.453137254901961 0 0 0.438857843137255 0 0 0.0546875 0.0823765432098765 0.933858024691358 0.5625 0.404197530864197 0.265625 0 0 0 0 0.475725490196078 0.378166666666667 0 0.601279411764706 0.420093137254902 0 0 0 0 0.51631862745098 0.49246568627451 0 0.522789215686274 0.441166666666667
#NONE#
(Leaf279.txt) (listLeaf279ED.txt) (#NONE#)
(Neighbor1Leaf279.txt) (Neighbor2Leaf279.txt) (Neighbor3Leaf279.txt) (Neighbor4Leaf279.txt)
(#NONE#)
(#NONE#) (Node28.txt)
0.0222393500801887 0 0 0.0790577151438598 0.0295987439226922 0 0.0526976277344326 0.00327411314556632 0.0125732800299818 0.0404959505920082 0.572355748132878 0 6.51793528262645E-05 0.0487199637400309 0.115925226210504 0 0.00195421549803645 0.000224480103612234 0.00394453251626446 4.87437820880744E-05 0.0137045740822656 3.90490260522084E-05 0 1.30115205547467E-05 0.00306849538615756 0.341790505675955 0.382763673890609 0.387992776057791 0.424376676986584 0.46237564499484 0.436986584107327 0.373772961816305 0.511990712074304 0.411505675954592 0.779012345679012 0.489148563041829 0.48565341300416 0.50793606763653 0.522633354947909 0 0 0 0 0.422067079463364 0.427007223942208 0 0.511990712074304 0.410145510835913 0.341790505675955 0.382763673890609 0.387992776057791 0.424376676986584 0.0403085655314757 0.00997936016511866 0.373772961816305 0 0.00136016511867905 0.0509868421052632 0.0838239116309292 0.860097465886939 0.518092105263158 0.336998050682261 0.263157894736842 0 0 0 0 0.553051599587203 0.293399380804954 0 0.662349845201238 0.295692466460268 0 0 0 0 0.434968008255934 0.445907120743034 0 0.467412796697626 0.420012383900929
#NONE#
