43
0
True False
0.0515163489343419 0 0 0.103696393658831 0.00123519315805716 0 0.00975685911772222 0.00153143139434358 0 0.126629490062149 0.0990226739793684 0 0 0.102679558218663 0.0721876216465112 0.0190193898974929 0.0293725581096842 0.0248981348490198 0.0630672354989553 0.0212674472118217 0.146526615191409 0.0145732987526244 0.0228973693960726 0.00187725068870397 0.088245130234228 0.760149019607843 0.629937254901961 0.234274509803922 0.860203921568627 0.131247058823529 0.464211764705882 0.860705882352941 0.615670588235294 0.421921568627451 0.620617283950617 0.496406555540407 0.51558823479498 0.500887698720275 0.458108519196206 0 0 0 0 0 0.385780392156863 0 0.615670588235294 0.369623529411765 0.760149019607843 0.629937254901961 0.234274509803922 0.860203921568627 0.131247058823529 0.0784313725490196 0.860705882352941 0 0.0522980392156862 0.1125 0.102123456790123 0.926271604938271 0.5625 0.372913580246913 0.225 0 0 0 0 0.145850980392157 0.333011764705882 0 0.707937254901961 0.270407843137255 0 0 0 0 0.125937254901961 0.475780392156863 0 0.587796078431373 0.422549019607843
#NONE#
(Leaf261.txt) (listLeaf261ED.txt) (#NONE#)
(Neighbor1Leaf261.txt) (Neighbor2Leaf261.txt) (Neighbor3Leaf261.txt) (Neighbor4Leaf261.txt)
(#NONE#)
(#NONE#) (Node13.txt)
0.061738561612098 0 0 0.114245297068844 0.00237100245797467 0 0.00865442288975671 0.0129961827169809 0.0204495878999897 0.0787222631769909 0.161801712015163 0 1.72357595075461E-05 0.080367686588946 0.209537053901282 0.00937840635977164 0.0213970760401979 0.0113157407797812 0.0477258552409 0.0100719193685739 0.0789251935743587 0.00207361459464519 0.0086831591314555 0.000625981252694998 0.0589020475700889 0.624056543547651 0.554568171454628 0.444287277701779 0.721239398084815 0.242327405380757 0.387876880984952 0.675533971728226 0.630262653898769 0.443964432284542 0.659204708584553 0.505122180916352 0.460076151898795 0.473205777908469 0.542462130022162 0 0 0 0 0.137345189238486 0.302452348381213 0 0.630262653898769 0.366394892840857 0.624056543547651 0.554568171454628 0.444287277701779 0.721239398084815 0.104982216142271 0.0854245326037392 0.675533971728226 0 0.0775695394436844 0.0872093023255814 0.0957737582543784 0.865848406546081 0.518895348837209 0.347858168245765 0.280523255813953 0 0 0 0 0.114630186958504 0.228783401732786 0 0.767926128590971 0.449579571363429 0 0 0 0 0.265179206566348 0.400513451892385 0 0.591855905152759 0.429614227086183
#NONE#
