80
0
True False
0.0423037269778652 3.08641975308643E-05 0 0.0374369474269016 0.000478515119513025 0 0.00137452564635401 0.0017144272926147 3.08641975308643E-05 0.0169545895262453 0.152832088449372 0 0 0.0104815710932466 0.692407503773019 0.000777179616359902 0.00273910887238988 0.00104982035667426 0.0101200183032596 0.00388756863487788 0.0131302850587434 0 0 0.000186729739823229 0.0120636657176786 0.481622549019608 0.567730392156863 0.592294117647059 0.563509803921569 0.279117647058823 0.134107843137255 0.572950980392157 0.678098039215687 0.657289215686274 0.829398148148148 0.49589347390404 0.49110801542016 0.488895360431345 0.512872350874744 0 0 0 0 0.246485294117647 0.0331813725490196 0 0.678098039215687 0.657289215686274 0.481622549019608 0.567730392156863 0.592294117647059 0.563509803921569 0.0326323529411764 0.100926470588235 0.572950980392157 0 0 0.03125 0.076466049382716 0.603225308641975 0.4140625 0.184938271604938 0.171875 0 0 0 0 0.106387254901961 0.020578431372549 0 0.682161764705882 0.650627450980392 0 0 0 0 0.340990196078431 0.215941176470588 0 0.650210784313725 0.644004901960784
#NONE#
(Leaf262.txt) (listLeaf262ED.txt) (#NONE#)
(Neighbor1Leaf262.txt) (Neighbor2Leaf262.txt) (Neighbor3Leaf262.txt) (Neighbor4Leaf262.txt)
(#NONE#)
(#NONE#) (Node13.txt)
0.0790065629497925 3.08641975308643E-06 0 0.117602345070826 0.00526265863561035 0 0.00559014576789023 0.0282955249105973 0.00270762314784372 0.0547940960826747 0.172992997211353 0.00251592648341725 4.52317750983704E-05 0.0701758728493444 0.271961249831498 0.0111476562904564 0.00408323305532305 0.010816034640566 0.040715160271247 0.00524906573305012 0.0725939629574333 0.00190580205869679 5.42697893240134E-05 0.00198540785221765 0.0404960862159865 0.519185294117647 0.572510294117647 0.57790637254902 0.57667794117647 0.241942647058824 0.172941666666667 0.593070098039216 0.654010784313726 0.561573039215686 0.657237654320988 0.501552448749346 0.456325941744144 0.476764763547528 0.55273024274423 0 0 0 0 0.134617647058823 0.0470323529411765 0 0.654010784313726 0.51814068627451 0.519185294117647 0.572510294117647 0.57790637254902 0.57667794117647 0.107325 0.12590931372549 0.593070098039216 0 0.0434323529411765 0.06484375 0.090462962962963 0.861401234567901 0.5296875 0.337328703703704 0.278125 0 0 0 0 0.143567647058824 0.0886078431372549 0 0.728007352941177 0.694395588235294 0 0 0 0 0.261444607843137 0.203076470588235 0 0.619750490196078 0.522147549019608
#NONE#
