52
0
True False
0.0313200429557155 0 0 0.189736178510927 0 0 0.000963707344855497 0.170319422000738 0 0.0230596454219035 0.137601829319125 0.0176227650945549 0 0.0404839706004992 0.20797181031004 0.000790806870134684 0.00175469436971848 0.031344891036091 0.037488771584659 0.000691956011367848 0.0249094945959735 2.47127146917088E-05 2.47127146917088E-05 0 0.0838905885443135 0.869960784313725 0.323411764705882 0.26836862745098 0.870847058823529 0.508054901960784 0.690925490196079 0.879388235294117 0.425262745098039 0.501098039215686 0.695925925925926 0.496595966585335 0.473188118628338 0.489547480401548 0.540337070871687 0 0 0 0 0.508054901960784 0.690925490196079 0 0.353937254901961 0.501098039215686 0.869960784313725 0.323411764705882 0.26836862745098 0.870847058823529 0 0 0.879388235294117 0.0713254901960784 0 0.1125 0.102296296296296 0.925753086419753 0.5625 0.435456790123457 0.4 0 0 0 0 0.852039215686274 0.880996078431373 0 0.367631372549019 0.473741176470588 0 0 0 0 0.446588235294117 0.636556862745098 0 0.410509803921569 0.488988235294118
#NONE#
(Leaf334.txt) (listLeaf334ED.txt) (#NONE#)
(Neighbor1Leaf334.txt) (Neighbor2Leaf334.txt) (Neighbor3Leaf334.txt) (Neighbor4Leaf334.txt)
(#NONE#)
(#NONE#) (Node26.txt)
0.0642144581928371 9.54735967768113E-06 4.55625259159763E-05 0.118375966888986 0.00804796478715571 0 0.0171663263885604 0.0271095206861376 0.01003105131795 0.0623830265752338 0.203896339740179 0.00221465661357442 0.00224383968710633 0.0614971672125363 0.227574554938484 0.0081958247574933 0.0158015732693995 0.0144132510819944 0.0405175472345285 0.0117720764687064 0.0601661538775166 0.000638012541742684 0.00038023203567863 0.00375145881787528 0.0395538870007299 0.599435143288084 0.411483408748115 0.348497737556561 0.668286576168929 0.59392383107089 0.660599547511312 0.614226998491704 0.359171945701358 0.622822021116139 0.671730769230769 0.490170017323103 0.464167717483357 0.493541874605437 0.542364137868945 0 0 0 0 0.549058069381599 0.660599547511312 0 0.291785822021116 0.614871794871795 0.599435143288084 0.411483408748115 0.348497737556561 0.668286576168929 0.0448657616892911 0 0.614226998491704 0.0673861236802413 0.00795022624434388 0.0889423076923077 0.0941856600189934 0.92735754985755 0.557692307692308 0.411298670465337 0.356971153846154 0 0 0 0 0.78688838612368 0.878917797888386 0 0.256133484162896 0.774727752639517 0 0 0 0 0.530101809954751 0.598222473604826 0 0.366932126696833 0.573542986425339
#NONE#
