58
0
True False
0.322298341479107 0 0 0.181848075490391 0.0107317977944306 0 0.00387076632465513 0.0001061193139388 0 0.180302934787156 0.0635198346310512 0 0 0.060850035419951 0.039324032511349 0.00258452823508586 0.0033412797828924 0.000388401876817331 0.00975115219650602 0.00378578968417878 0.0989408902180764 0 0 8.81834215167549E-05 0.0182678368328971 0.17187675070028 0.276588235294118 0.248991596638656 0.178156862745098 0.211910364145658 0.171624649859944 0.24653781512605 0.755081232492997 0.126044817927171 0.267601410934744 0.567607365576134 0.436976144509538 0.458224215958853 0.516742003837353 0 0 0 0 0 0.0565210084033613 0 0.755081232492997 0 0.17187675070028 0.276588235294118 0.248991596638656 0.178156862745098 0.211910364145658 0.115103641456583 0.24653781512605 0 0.126044817927171 0.0267857142857143 0.0533333333333333 0.884409171075838 0.553571428571429 0.336084656084656 0.276785714285714 0 0 0 0 0.351775910364146 0.221703081232493 0 0.921120448179272 0.153764705882353 0 0 0 0 0.189025210084034 0.150851540616247 0 0.698358543417367 0.111473389355742
#NONE#
(Leaf291.txt) (listLeaf291ED.txt) (#NONE#)
(Neighbor1Leaf291.txt) (Neighbor2Leaf291.txt) (Neighbor3Leaf291.txt) (Neighbor4Leaf291.txt)
(#NONE#)
(#NONE#) (Node15.txt)
0.201391638104602 3.15858820131938E-05 0 0.25922830980479 0.0362401132523523 1.12806721475692E-05 0.0379807179577714 0.0271356756830577 0.00416416719460682 0.0626001612294368 0.172259543627318 0.00210205336066941 0.000813621422432802 0.0473806512939906 0.0768579235233248 0.00415583356673024 0.00184699303922573 0.00548465253738596 0.0148805505366684 0.00322178229817396 0.0269738389031027 0.000717175803121003 1.0645455242248E-05 0.00108885215995381 0.0134222326918831 0.153039215686275 0.27131507775524 0.200438133874239 0.182530087897228 0.297571331981068 0.217698444895199 0.205970926301555 0.64052738336714 0.227319810682894 0.359438058748404 0.508424148468276 0.495474324259291 0.48550199211177 0.483455071997857 0 0 0 0 0.149968221771467 0.138818120351589 0 0.627329276538201 0.0985598377281947 0.153039215686275 0.27131507775524 0.200438133874239 0.182530087897228 0.147603110209601 0.0788803245436105 0.205970926301555 0.0131981068289385 0.128759972954699 0.0797413793103448 0.0780140485312899 0.908739889314602 0.550646551724138 0.368314176245211 0.280172413793103 0 0 0 0 0.328359026369168 0.0997376605814739 0 0.871004056795132 0.0966091954022989 0 0 0 0 0.291707234617985 0.232804597701149 0 0.575039215686275 0.244803921568627
#NONE#
