74
0
True False
0.12602976840138 0 0 0.310645311473531 0 0 0.00205898976663279 0.00846973596882022 0 0.164438094612521 0.11581778031355 0 0.0237663428566003 0.0667917461667067 0.0545271729534906 0.0539494888841522 0.010107225562361 0.00541967380666127 0.0119540432915869 0.00325212519705756 0.0360319399045662 0.000342977871067759 5.4910358839195E-05 0.000137191148427103 0.00620548146204795 0.163660130718954 0.198440087145969 0.327002178649237 0.236518518518519 0.197860566448802 0.193843137254902 0.250540305010893 0.153089324618737 0.496078431372549 0.306227709190672 0.489981759470639 0.580298149433585 0.497664667804447 0.470254526925642 0 0 0 0 0.0737821350762528 0.0505708061002179 0 0 0.406117647058824 0.163660130718954 0.198440087145969 0.327002178649237 0.236518518518519 0.124078431372549 0.143272331154684 0.250540305010893 0.153089324618737 0.0899607843137254 0.0625 0.0708916323731139 0.924211248285322 0.548611111111111 0.387558299039781 0.284722222222222 0 0 0 0 0.158631808278867 0.140527233115468 0 0.131119825708061 0.698078431372549 0 0 0 0 0.207159041394335 0.19237908496732 0 0.158640522875817 0.458444444444444
#NONE#
(Leaf270.txt) (listLeaf270ED.txt) (#NONE#)
(Neighbor1Leaf270.txt) (Neighbor2Leaf270.txt) (Neighbor3Leaf270.txt) (Neighbor4Leaf270.txt)
(#NONE#)
(#NONE#) (Node23.txt)
0.233283779985352 0 5.12198869747827E-06 0.26677835971478 0.0184894291248322 0 0.027837406307772 0.0179748031203971 0.00132344779371693 0.122381742787493 0.120626902076264 0.000117242132164147 0.00387610469782617 0.0508411282567862 0.0484024923187239 0.0235337263478783 0.00862148690016361 0.00347688805758662 0.00744437434274762 0.00680130022963659 0.0281203481649589 0.000307363201039235 0.00194252108476997 0.000867135499934767 0.00694689586647928 0.201440911499735 0.211775834658188 0.176036565977742 0.207446210916799 0.212668256491786 0.134299417064123 0.233841547429783 0.216207737148914 0.508092739798622 0.285372038705372 0.526046448969648 0.500062433589227 0.480146548694222 0.493346825181493 0 0 0 0 0.0868834128245893 0.00615050344462109 0 0.0866417594064653 0.436995760466349 0.201440911499735 0.211775834658188 0.176036565977742 0.207446210916799 0.125784843667197 0.128148913619502 0.233841547429783 0.129565977742448 0.0710969793322735 0.0650337837837838 0.0754037370704037 0.892914581247915 0.548141891891892 0.368688688688689 0.288851351351351 0 0 0 0 0.187325914149444 0.0840763116057233 0 0.196999470058294 0.800565447800742 0 0 0 0 0.217294647588765 0.140002649708532 0 0.214199788023318 0.447316375198728
#NONE#
