44
0
True False
0.15982632727303 0 0 0.156760574173205 0.0257290926142089 0 0.0399149998893023 0.000216308807961747 0.0537145433828197 0.00806488690514514 0.206773990736924 0 0 0.0038311122088124 0.254355091309649 0 3.08947108255068E-05 0 0.0171875780458385 0 0.00290545884690684 0 0 0 0.0706891410953711 0.517411764705882 0.328911764705882 0.233362745098039 0.500049019607843 0.64656862745098 0.238843137254902 0.60121568627451 0.575343137254902 0.598196078431372 0.548302469135802 0.528961271533953 0.376395394133808 0.467976065309886 0.596853042522445 0 0 0 0 0.64656862745098 0.113833333333333 0 0.575343137254902 0.598196078431372 0.517411764705882 0.328911764705882 0.233362745098039 0.500049019607843 0 0.125009803921569 0.60121568627451 0 0 0.03125 0.0649691358024691 0.925679012345679 0.5625 0.356296296296297 0.21875 0 0 0 0 0.66671568627451 0.045421568627451 0 0.411901960784314 0.854460784313726 0 0 0 0 0.617019607843137 0.255696078431373 0 0.573892156862745 0.550333333333333
#NONE#
(Leaf239.txt) (listLeaf239ED.txt) (#NONE#)
(Neighbor1Leaf239.txt) (Neighbor2Leaf239.txt) (Neighbor3Leaf239.txt) (Neighbor4Leaf239.txt)
(#NONE#)
(#NONE#) (Node28.txt)
0.0930637590502973 0 0 0.155301806562639 0.0120751312261856 0 0.0143252234740747 0.0169777221564978 0.00503118429937672 0.0657646825632131 0.221247181076418 0 0.00475099400229125 0.0750154334837976 0.162111678138154 0.0116121723121575 0.0103583274376903 0.0193648303179829 0.0217644604996562 0.0145008590399809 0.0714716989297499 0.00132314866577269 0.000132253216814477 0.00768275289182204 0.0161247006554284 0.472839572192513 0.402564171122994 0.181419786096257 0.50321568627451 0.620262032085562 0.167662210338681 0.612617647058823 0.509913547237077 0.553853832442068 0.58628507295174 0.521992728438067 0.414050844056856 0.458486151944408 0.597952663814396 0 0 0 0 0.603617647058824 0.0311336898395722 0 0.496891265597148 0.544748663101604 0.472839572192513 0.402564171122994 0.181419786096257 0.50321568627451 0.016644385026738 0.136528520499109 0.612617647058823 0.0130222816399287 0.00910516934046345 0.0653409090909091 0.0846436588103255 0.928641975308642 0.551136363636364 0.396557239057239 0.298295454545455 0 0 0 0 0.74479679144385 0.0803101604278075 0 0.237895721925134 0.794909090909091 0 0 0 0 0.579227272727273 0.191302139037433 0 0.526970588235294 0.503934937611408
#NONE#
