85
0
True False
0.0608965727942367 0 0 0.0696462804727459 0.0241852948726809 0 0.0604737581602367 1.37598899208807E-05 0.000453812409104688 0.050372250966139 0.246492884922864 0 0 0.0128218033771829 0.410379370205562 0.000687892381755056 0.00134786728928163 0.000123839009287926 0.0159400395764583 0.0057090879495666 0.0288949771782918 0 0 0.00239438540951122 0.00916612313517352 0.485150326797386 0.609420479302832 0.42164705882353 0.626183006535948 0.665455337690632 0.172174291938998 0.58961220043573 0.652052287581699 0.586122004357299 0.666776406035665 0.503776938139535 0.385775512649469 0.471915234686394 0.701638045581718 0 0 0 0 0.665455337690632 0.0896339869281046 0 0.652052287581699 0.586122004357299 0.485150326797386 0.609420479302832 0.42164705882353 0.626183006535948 0 0.0825403050108932 0.58961220043573 0 0 0.0347222222222222 0.0595336076817558 0.852880658436214 0.5 0.303799725651578 0.215277777777778 0 0 0 0 0.746100217864924 0.160200435729848 0 0.670618736383442 0.868204793028322 0 0 0 0 0.624169934640523 0.176871459694989 0 0.632021786492374 0.519729847494553
#NONE#
(Leaf296.txt) (listLeaf296ED.txt) (#NONE#)
(Neighbor1Leaf296.txt) (Neighbor2Leaf296.txt) (Neighbor3Leaf296.txt) (Neighbor4Leaf296.txt)
(#NONE#)
(#NONE#) (Node28.txt)
0.044766871934428 1.74514630038691E-05 0 0.0961998146112456 0.0127092339674432 0 0.0162154495551675 0.0230575241701456 0.00317491922298322 0.0579524823271987 0.240272794035082 0.000139691785098349 0 0.102565059035982 0.275743810001624 0.00015860640472798 0.00701652286973871 0.0112206571485749 0.0226207348042584 0.00167419663609804 0.0667258765764545 0.000209230540397824 1.45566764196399E-06 0.000707050913938034 0.016850566328768 0.420542099192618 0.52596032295271 0.443970934256055 0.537438062283737 0.635018685121107 0.293678431372549 0.484314186851211 0.64441014994233 0.591282122260669 0.724849673202614 0.498543301821493 0.455902240602517 0.480488180773223 0.571104210565642 0 0 0 0 0.635018685121107 0.214585928489043 0 0.64441014994233 0.591282122260669 0.420542099192618 0.52596032295271 0.443970934256055 0.537438062283737 0 0.0790925028835063 0.484314186851211 0 0 0.0389705882352941 0.080078431372549 0.885660130718954 0.534558823529412 0.351276688453159 0.272058823529412 0 0 0 0 0.797707035755479 0.209292272202999 0 0.793719492502883 0.75357970011534 0 0 0 0 0.590682352941176 0.303361937716263 0 0.599073125720877 0.546219146482122
#NONE#
