32
0
True False
0.0586111111111111 0 0 0.00728395061728395 0 0 0.000617283950617285 0.00246913580246913 0.000185185185185185 0.083425925925926 0.126666666666667 9.25925925925925E-05 0 0.144104938271605 0.0903395061728393 0.00126543209876543 0.0239197530864197 0.0179012345679012 0.0723148148148148 0.0756481481481482 0.207561728395062 0.0004320987654321 0 0.0248456790123457 0.0623148148148147 0.499833333333333 0.664666666666667 0.550156862745098 0.530450980392157 0.4345 0.723764705882353 0.494882352941176 0.492411764705882 0.505774509803922 0.755586419753086 0.506224699981196 0.51036834004896 0.466347207069703 0.43341734076576 0 0 0 0 0.304450980392157 0.723764705882353 0 0.416647058823529 0.505774509803922 0.499833333333333 0.664666666666667 0.550156862745098 0.530450980392157 0.130049019607843 0 0.494882352941176 0.075764705882353 0 0.078125 0.0787037037037037 0.902314814814815 0.546875 0.355 0.265625 0 0 0 0 0.439774509803921 0.795637254901961 0 0.628107843137255 0.39521568627451 0 0 0 0 0.408794117647059 0.703294117647059 0 0.46106862745098 0.498372549019608
#NONE#
(Leaf103.txt) (listLeaf103ED.txt) (#NONE#)
(Neighbor1Leaf103.txt) (Neighbor2Leaf103.txt) (Neighbor3Leaf103.txt) (Neighbor4Leaf103.txt)
(#NONE#)
(#NONE#) (Node26.txt)
0.0558889031714763 0 0 0.0947999706371593 0.00315178460448153 0 0.00976890187214195 0.0152715112164739 0.0518970570657747 0.0501743494320049 0.337436168792012 6.17412592028138E-05 0.000551949722252333 0.081011928835625 0.14504481456249 0.00333123857263892 0.0221004189869676 0.0167446903261284 0.0197907177532256 0.0120409214316346 0.0617321704346629 0.000162077061005677 0.00109222551562307 0.00331502732029232 0.0146314314267258 0.381828431372549 0.543917892156863 0.456936274509804 0.421279411764706 0.446514705882353 0.65384681372549 0.455537990196078 0.53219362745098 0.49511887254902 0.745308641975309 0.499769326864348 0.476921324525751 0.488869503453025 0.53132104578546 0 0 0 0 0.358235294117647 0.65384681372549 0 0.510517156862745 0.475957107843137 0.381828431372549 0.543917892156863 0.456936274509804 0.421279411764706 0.0882794117647059 0 0.455537990196078 0.0216764705882353 0.0191617647058823 0.048828125 0.0800115740740741 0.853900462962963 0.515625 0.329753086419753 0.240234375 0 0 0 0 0.548488970588235 0.881332107843137 0 0.625257352941176 0.515448529411765 0 0 0 0 0.419002450980392 0.60203431372549 0 0.496276960784314 0.484488970588235
#NONE#
