81
0
True False
0.312884785135696 0 0 0.235114730403067 6.21967906456027E-05 0 0.00205400136321372 0.0509631983070459 0 0.104371815674762 0.0960591632592653 0 0 0.0421892651005134 0.0554158797088671 0.0217313883175783 0.00394061851518479 0.000866692348614092 0.00632866314865007 0.00555900691379592 0.0525947847196886 0 8.68701911144205E-05 0.000536596046989447 0.00924034405530815 0.115639215686274 0.141937254901961 0.389603921568627 0.16543137254902 0.173160784313725 0.148439215686274 0.292803921568627 0.156850980392157 0.148647058823529 0.282358024691358 0.514362114589784 0.578434772073127 0.492853190959672 0.450488909254091 0 0 0 0 0.0622745098039216 0.0351490196078431 0 0.0321294117647059 0.0365960784313725 0.115639215686274 0.141937254901961 0.389603921568627 0.16543137254902 0.110886274509804 0.113290196078431 0.292803921568627 0.124721568627451 0.112050980392157 0.05625 0.0849135802469136 0.907444444444444 0.5375 0.364962962962963 0.2875 0 0 0 0 0.175509803921569 0.0727764705882352 0 0.139321568627451 0.118235294117647 0 0 0 0 0.16518431372549 0.146509803921569 0 0.1518 0.143823529411765
#NONE#
(Leaf166.txt) (listLeaf166ED.txt) (#NONE#)
(Neighbor1Leaf166.txt) (Neighbor2Leaf166.txt) (Neighbor3Leaf166.txt) (Neighbor4Leaf166.txt)
(#NONE#)
(#NONE#) (Node24.txt)
0.230843007476154 5.81333088561506E-05 0 0.192230503284088 0.0061009690488476 0 0.0205975668153811 0.0201254724717988 0.00084666688115896 0.215631410260133 0.0696476247049165 0.000191897958788452 0.00202062603150152 0.0578509433195439 0.0430009997793654 0.0484486047980329 0.0117989414996044 0.00526701460491513 0.011081742677324 0.0104493052571917 0.0406286317799187 0.00113828242603011 0.000338090753568855 0.00314286102069961 0.00856070384218166 0.124125877511498 0.156226095376422 0.215239409343984 0.196837569595739 0.171280561607359 0.161952069716776 0.255181312030985 0.174266763495522 0.18601839748245 0.316343545191282 0.503180242782243 0.511328192419127 0.485739455119663 0.486882252068857 0 0 0 0 0.0507344468651658 0.0447867344468652 0 0.0510467199225369 0.0819297990801259 0.124125877511498 0.156226095376422 0.215239409343984 0.196837569595739 0.120546114742193 0.11716533526991 0.255181312030985 0.123220043572985 0.104088598402324 0.0794753086419753 0.0840131077579637 0.909628105471726 0.550154320987654 0.375282731290962 0.306327160493827 0 0 0 0 0.117454853546357 0.0853822319051077 0 0.0966487533284919 0.123345921084483 0 0 0 0 0.182287581699346 0.171686758654079 0 0.184635197288792 0.194190752844348
#NONE#
