58
0
True False
0.668273791216699 0 0 0.0538660791802545 0.0363435901317248 0 0.0236545625093119 0 0.000618768593904228 0 0.0988645490004847 0 0 0 0.0818125626734313 0 0 0 0.0315010643065907 0 0.000215534124042552 0 0 0 0.00484949826355645 0.0246050420168067 0.0200280112044818 0.105249299719888 0.0332549019607843 0.085187675070028 0.653294117647059 0.0287731092436974 0.0615238095238094 0.579563025210084 0.202134038800706 0.480556812973383 0.694616993932529 0.494063241615489 0.430321351420996 0 0 0 0 0 0.599557422969188 0 0 0.487120448179272 0.0246050420168067 0.0200280112044818 0.105249299719888 0.0332549019607843 0.085187675070028 0.0537366946778711 0.0287731092436974 0.0615238095238094 0.0924425770308123 0.0625 0.0475308641975309 0.575255731922398 0.401785714285714 0.212028218694885 0.205357142857143 0 0 0 0 0.236980392156863 0.937949579831933 0 0.0387394957983193 0.88018487394958 0 0 0 0 0.0595798319327731 0.581613445378151 0 0.0522857142857142 0.523837535014006
#NONE#
(Leaf151.txt) (listLeaf151ED.txt) (#NONE#)
(Neighbor1Leaf151.txt) (Neighbor2Leaf151.txt) (Neighbor3Leaf151.txt) (Neighbor4Leaf151.txt)
(#NONE#)
(#NONE#) (Node22.txt)
0.491994091848761 0 0 0.141374825995208 0.0199555498769452 0 0.0100660212857288 0.0230914175435883 0.00021319977564915 0.0449368967410774 0.089153458099407 0.000986655345124414 0.000227497438485317 0.0328992936051261 0.0588146428021873 0.00301402479730407 0.00395217783462014 0.0129415472727849 0.0151501336054726 0.00547007214234747 0.0222374598646511 0.00130167439289283 0.000498365912354159 0.00326067044415072 0.0184603233761339 0.0534381338742393 0.0603340094658553 0.105980392156863 0.0626139283299527 0.138841108857336 0.5835753887762 0.0668620689655173 0.138582826233942 0.590394861392833 0.279844614729672 0.501913516381532 0.601351440020087 0.491637519343568 0.455632086717543 0 0 0 0 0.0436436781609195 0.562265043948614 0 0.0495084516565247 0.55583569979716 0.0534381338742393 0.0603340094658553 0.105980392156863 0.0626139283299527 0.0951974306964165 0.0213103448275862 0.0668620689655173 0.0890743745774172 0.0345591615956727 0.0668103448275862 0.0539037888463176 0.758929331630481 0.506465517241379 0.284655172413793 0.254310344827586 0 0 0 0 0.18367816091954 0.747135902636917 0 0.153020283975659 0.778844489519946 0 0 0 0 0.13520892494929 0.538413793103448 0 0.13216091954023 0.543330628803246
#NONE#
