40
0
True False
0.0721607262270892 0 0 0.0294249100349589 0.00113958701097115 0 0.00163380232628556 1.37208089788974E-05 0 0.00567029674634214 0.0415225868815345 0 0 0.00987251353819148 0.132705948580085 0 0.00113928863829283 1.37275897097988E-05 0.163148428554892 0 0.0208640310623254 0 0 0 0.520690432000343 0.776666666666667 0.74881917211329 0.69997385620915 0.859638344226579 0.284466230936819 0.851363834422658 0.867490196078431 0.855564270152505 0.850527233115469 0.810713305898491 0.500651526623574 0.49765822241538 0.467678801485273 0.478649480301519 0 0 0 0 0.251167755991285 0.851363834422658 0 0.855564270152505 0.850527233115469 0.776666666666667 0.74881917211329 0.69997385620915 0.859638344226579 0.0332984749455337 0 0.867490196078431 0 0 0.0347222222222222 0.0778737997256515 0.550603566529492 0.388888888888889 0.162990397805213 0.145833333333333 0 0 0 0 0.141442265795207 0.944806100217865 0 0.945320261437909 0.867886710239652 0 0 0 0 0.316901960784314 0.808457516339869 0 0.808949891067538 0.837686274509804
#NONE#
(Leaf323.txt) (listLeaf323ED.txt) (#NONE#)
(Neighbor1Leaf323.txt) (Neighbor2Leaf323.txt) (Neighbor3Leaf323.txt) (Neighbor4Leaf323.txt)
(#NONE#)
(#NONE#) (Node25.txt)
0.0548763820454976 0 0 0.0580628149663785 0.00306020027159817 0 0.00798151426195321 0.000345422999771731 0.00383198041827655 0.0336645994262623 0.0967387120443422 0 6.17360167921965E-06 0.0268577527063873 0.234899767125842 0.000580387933005864 0.00304814929490529 0.00730027848700112 0.100399384723006 0.00217421961444595 0.10210799479328 0.00109426461002035 0 0.00410123926256688 0.25886876141378 0.72391862745098 0.705132352941176 0.707675490196078 0.790516666666667 0.337892156862745 0.763520588235294 0.760345098039216 0.77206568627451 0.668501960784314 0.768416666666666 0.496456608740956 0.484675704609439 0.490941792124787 0.507547644749732 0 0 0 0 0.270837254901961 0.746709803921569 0 0.77206568627451 0.660638235294118 0.72391862745098 0.705132352941176 0.707675490196078 0.790516666666667 0.0670549019607843 0.0168107843137255 0.760345098039216 0 0.00786372549019607 0.0515625 0.0788086419753087 0.74429012345679 0.4765625 0.276663580246914 0.2328125 0 0 0 0 0.158696078431373 0.904277450980392 0 0.866730392156863 0.623023529411765 0 0 0 0 0.373121568627451 0.710762745098039 0 0.723999019607843 0.658061764705882
#NONE#
