56
0
True False
0.186716044383159 0 0 0.331730128424858 0 0 0.000556118803888528 0.0513760404139456 0 0.0580481490199459 0.0548061815303796 0 0.00170652849102402 0.0190481027116629 0.0107882760945623 0.133898118662745 0.0538660400253559 0.00509144239012579 0.00214002741395486 0.0243782983278935 0.0513111701881961 8.65036655920658E-05 0.00604143821343426 0.00613314533484097 0.00227824590443581 0.126345098039216 0.164839215686274 0.134537254901961 0.238717647058824 0.409231372549019 0.178709803921569 0.346819607843137 0.424231372549019 0.244035294117647 0.407864197530864 0.53815267024047 0.430282880363438 0.463933334817289 0.533504201219053 0 0 0 0 0.3678 0.0786117647058824 0 0.391505882352941 0.115258823529412 0.126345098039216 0.164839215686274 0.134537254901961 0.238717647058824 0.0414313725490196 0.100098039215686 0.346819607843137 0.0327254901960784 0.128776470588235 0.04375 0.0640617283950617 0.928024691358025 0.55625 0.356802469135802 0.3125 0 0 0 0 0.588196078431373 0.127227450980392 0 0.474482352941176 0.121694117647059 0 0 0 0 0.378827450980392 0.177643137254902 0 0.406345098039216 0.245509803921569
#NONE#
(Leaf157.txt) (listLeaf157ED.txt) (#NONE#)
(Neighbor1Leaf157.txt) (Neighbor2Leaf157.txt) (Neighbor3Leaf157.txt) (Neighbor4Leaf157.txt)
(#NONE#)
(#NONE#) (Node19.txt)
0.248022503474085 0 0 0.263427333397956 0.0261258069142082 0 0.0149613498577164 0.0192032288660223 0.000305129552355173 0.101142242476666 0.0941339800938752 0.000126138183439642 0.000392115484092267 0.0586274219475116 0.0422489873767072 0.0368476359685383 0.0154197867355011 0.00967231455642748 0.00612518585846228 0.0197213166820161 0.0284851984255994 0.000424742844527684 0.00148945339607128 0.00692836634164237 0.00616976156657944 0.124156862745098 0.199731092436975 0.14909593837535 0.301895658263305 0.387343137254902 0.146362745098039 0.268272408963585 0.426665966386555 0.164332633053221 0.328392857142857 0.538684917192428 0.42688157954192 0.476751439712577 0.525046624927785 0 0 0 0 0.303572128851541 0.0405084033613445 0 0.3805581232493 0.0518221288515406 0.124156862745098 0.199731092436975 0.14909593837535 0.301895658263305 0.0837710084033613 0.105854341736695 0.268272408963585 0.0461078431372549 0.112510504201681 0.0625 0.0684193121693122 0.884757495590829 0.541294642857143 0.33261684303351 0.252232142857143 0 0 0 0 0.534925070028011 0.123897759103641 0 0.467137955182073 0.110536414565826 0 0 0 0 0.35724649859944 0.144531512605042 0 0.407165966386555 0.162651960784314
#NONE#
