41
0
True False
0.748639611397562 0 0 0.086075222539326 0.00654772432956964 0 0.0171660630633077 0.000527268760780168 0 0.0216545504055037 0.055825124187145 0 0 0.00695279574805191 0.0264869839568988 0.0018213356461405 0.00104364061499082 0.00147656136359432 0.00311732747713327 0.00407674754348398 0.00662777855840827 0 0 0.00238932634874052 0.00957193805936387 0.0981529411764706 0.0294470588235294 0.0506627450980392 0.0388274509803922 0.556090196078431 0.11316862745098 0.0392117647058823 0.0854588235294118 0.101286274509804 0.106518518518518 0.438270989266463 0.446807088383137 0.500964519244875 0.499120578213696 0 0 0 0 0.480239215686275 0.037921568627451 0 0 0.0246941176470588 0.0981529411764706 0.0294470588235294 0.0506627450980392 0.0388274509803922 0.0758509803921568 0.0752470588235294 0.0392117647058823 0.0854588235294118 0.0765921568627451 0.01875 0.0286049382716049 0.625493827160494 0.45 0.20779012345679 0.14375 0 0 0 0 0.855913725490196 0.141603921568627 0 0.0405686274509804 0.0364549019607843 0 0 0 0 0.497258823529412 0.115627450980392 0 0.0749294117647059 0.0996980392156863
#NONE#
(Leaf331.txt) (listLeaf331ED.txt) (#NONE#)
(Neighbor1Leaf331.txt) (Neighbor2Leaf331.txt) (Neighbor3Leaf331.txt) (Neighbor4Leaf331.txt)
(#NONE#)
(#NONE#) (Node19.txt)
0.703396783383147 0 0 0.0972672460998253 0.009720073573315 0 0.00534908039847385 0.00703931455055061 9.69791010037337E-06 0.0430143105510075 0.0474420228615689 0.000203656112107841 0 0.0168451902499077 0.0284685120821417 0.00563087974366599 0.00213764051460767 0.00399624640912357 0.00461323987942874 0.00392851820314308 0.0130266273812871 0.00185235376178058 6.07629394679598E-06 0.000961547677860118 0.00509098236301 0.0609985652797704 0.0562630320420851 0.0399703491152558 0.0452099473935915 0.577000478240076 0.0861004304160689 0.0478249641319942 0.0837953132472501 0.0915686274509804 0.130822041553749 0.464948468940133 0.468190881408108 0.49581169311402 0.494277274125299 0 0 0 0 0.518635102821616 0.0255533237685318 0 0.018962219033955 0.0308818747011 0.0609985652797704 0.0562630320420851 0.0399703491152558 0.0452099473935915 0.05836537541846 0.060547106647537 0.0478249641319942 0.0648330942132951 0.0606867527498805 0.0320121951219512 0.035420054200542 0.575266485998193 0.42530487804878 0.198855766335441 0.172256097560976 0 0 0 0 0.83545193687231 0.0955781922525108 0 0.0341176470588235 0.0433304638928742 0 0 0 0 0.503201339072214 0.0869191774270684 0 0.0855389765662363 0.0963778096604495
#NONE#
