44
0
True False
0.113059439726807 0 0 0.0315544444195053 0 0 0.000412169041653589 1.37360750539141E-05 0 0.00707285541044773 0.0282845713891787 0 0 0.00870957653981683 0.113714912518179 0 0.00111238663277981 9.61746553490741E-05 0.1947903235564 2.74722009108042E-05 0.0277494490481783 0 0 4.12269806967798E-05 0.473361261805043 0.779952069716776 0.843141612200436 0.823952069716776 0.810191721132898 0.737538126361656 0.563572984749455 0.824705882352941 0.0815206971677561 0.123111111111111 0.773086419753086 0.495788750250559 0.482699126156615 0.492522479459333 0.534149850373564 0 0 0 0 0.737538126361656 0.547546840958606 0 0 0.0326448801742919 0.779952069716776 0.843141612200436 0.823952069716776 0.810191721132898 0 0.0160261437908497 0.824705882352941 0.0815206971677561 0.0904662309368192 0.104166666666667 0.0905212620027435 0.587873799725652 0.416666666666667 0.191508916323731 0.1875 0 0 0 0 0.751010893246187 0.627211328976035 0 0.0470501089324619 0.1019651416122 0 0 0 0 0.715729847494553 0.525891067538126 0 0.0870196078431373 0.151851851851852
#NONE#
(Leaf209.txt) (listLeaf209ED.txt) (#NONE#)
(Neighbor1Leaf209.txt) (Neighbor2Leaf209.txt) (Neighbor3Leaf209.txt) (Neighbor4Leaf209.txt)
(#NONE#)
(#NONE#) (Node14.txt)
0.0807494173140231 0 0 0.0779776467247973 0.00629084738554696 0 0.00883791872883667 0.0146319955455429 0.00120470485724932 0.0514915983846376 0.0822731980666737 1.68350168350168E-05 0.000147782163808388 0.0495404028919621 0.20836481365725 0.00622174771757911 0.00500641054316182 0.0113245920307595 0.118612965703252 0.00826192705893056 0.0572395242364053 0.00044549505075821 1.12292395561131E-05 0.00275386486648078 0.208595082815954 0.740014260249554 0.784564171122995 0.776776292335116 0.782090909090909 0.622432263814617 0.469027629233512 0.773910873440285 0.195350267379679 0.208520499108734 0.686290684624018 0.472296731533866 0.466379864777017 0.526432979610909 0.536104089832835 0 0 0 0 0.606354723707665 0.39827183600713 0 0.0805811051693405 0.0811301247771836 0.740014260249554 0.784564171122995 0.776776292335116 0.782090909090909 0.0160775401069519 0.0707557932263815 0.773910873440285 0.114769162210339 0.127390374331551 0.0738636363636364 0.0915291806958474 0.782542087542087 0.508522727272727 0.301921997755331 0.269886363636364 0 0 0 0 0.633654188948307 0.412845811051693 0 0.106832442067736 0.154652406417112 0 0 0 0 0.601704991087344 0.458060606060606 0 0.208483957219251 0.217811051693405
#NONE#
