61
0
True False
0.0469023379163499 0 0 0.06460045100348 0.000793356375399001 0 0.00866583102289053 0 0 0.00746639324153647 0.0973798097167893 0 0 0.00202719455888887 0.443747396327214 0.00190259815819182 0.00269324350932348 4.94437577255872E-05 0.118146486099727 0.000840119335122426 0.0088210820649105 0 0 2.47096614776378E-05 0.195939547250974 0.166596078431373 0.244572549019608 0.482023529411765 0.642949019607843 0.736752941176471 0.804941176470588 0.688752941176471 0.676172549019608 0.793317647058824 0.788197530864197 0.4981879451482 0.518615859113334 0.469651414676803 0.406752005166826 0 0 0 0 0.736752941176471 0.804941176470588 0 0.584094117647059 0.793317647058824 0.166596078431373 0.244572549019608 0.482023529411765 0.642949019607843 0 0 0.688752941176471 0.092078431372549 0 0.025 0.0592345679012346 0.875358024691358 0.4875 0.268641975308642 0.2 0 0 0 0 0.653811764705883 0.848305882352941 0 0.702894117647059 0.795921568627451 0 0 0 0 0.728658823529412 0.727231372549019 0 0.646274509803922 0.76804705882353
#NONE#
(Leaf227.txt) (listLeaf227ED.txt) (#NONE#)
(Neighbor1Leaf227.txt) (Neighbor2Leaf227.txt) (Neighbor3Leaf227.txt) (Neighbor4Leaf227.txt)
(#NONE#)
(#NONE#) (Node26.txt)
0.0524325389268803 0 0 0.0894267029606126 0.0180463169469598 0 0.0265801037989324 0.0121941611271302 0.0134010763312489 0.0470742897023849 0.240766843938339 5.68471980227626E-05 0.00067532894860118 0.0434036261148931 0.253204328318053 0.00444257072841214 0.0111147891264758 0.00716755774471928 0.0491576205654786 0.00619034507055842 0.083440469454902 0.00163982362759862 0.000235541728441405 0.00107441400140016 0.0382747036399556 0.31704725168756 0.34405850208936 0.432472516875603 0.527735133397621 0.665269045323048 0.732228222436516 0.514235294117647 0.543044037287046 0.689664416586307 0.710410848006476 0.494348405970132 0.485090669237995 0.48897720566692 0.510583946155494 0 0 0 0 0.656795242687239 0.732228222436516 0 0.501434908389585 0.685286403085824 0.31704725168756 0.34405850208936 0.432472516875603 0.527735133397621 0.00847380263580843 0 0.514235294117647 0.0416091288974606 0.00437801350048216 0.0543032786885246 0.0752964986844768 0.915899615462457 0.545081967213115 0.370376442015786 0.301229508196721 0 0 0 0 0.802891031822565 0.847522340083575 0 0.540737383477981 0.806612664738026 0 0 0 0 0.619928640308582 0.683594985535198 0 0.524077788492446 0.642358727097396
#NONE#
