60
0
True False
0.0689278558912006 0 0 0.23925205149125 0.00375938307068479 0 0.0194570749703312 0.0228385937169115 0 0.0317154333383454 0.194819658414195 0 0 0.0255579174710674 0.1551221972642 0 0.000604109033336427 0.000508002311227962 0.0577389417180573 0 0.0388092112743986 0 0 4.11624269366922E-05 0.140848407607857 0.730291938997821 0.491342047930283 0.216875816993464 0.796762527233115 0.772840958605664 0.369089324618737 0.79118082788671 0.473106753812636 0.350126361655773 0.536858710562414 0.506692271108271 0.352878580069556 0.480489879591034 0.647015003874827 0 0 0 0 0.772840958605664 0.134631808278867 0 0.435625272331155 0.184400871459695 0.730291938997821 0.491342047930283 0.216875816993464 0.796762527233115 0 0.234457516339869 0.79118082788671 0.0374814814814814 0.165725490196078 0.0763888888888889 0.0807407407407408 0.87002743484225 0.527777777777778 0.34880658436214 0.263888888888889 0 0 0 0 0.851150326797386 0.511738562091503 0 0.302806100217865 0.3899651416122 0 0 0 0 0.740287581699346 0.329507625272331 0 0.482113289760349 0.341202614379085
#NONE#
(Leaf199.txt) (listLeaf199ED.txt) (#NONE#)
(Neighbor1Leaf199.txt) (Neighbor2Leaf199.txt) (Neighbor3Leaf199.txt) (Neighbor4Leaf199.txt)
(#NONE#)
(#NONE#) (Node14.txt)
0.0779403583481766 4.17553968850473E-06 0 0.192879108083771 0.00484334465172008 0 0.0190921899894051 0.029061651584134 2.06665069667479E-05 0.051866904551529 0.237004592862202 3.29862246299932E-05 5.97165574918634E-05 0.0500149317823223 0.184221845482999 0.00276108783727886 0.00468111613907146 0.00476567091569174 0.0375594940978778 0.00498638139905076 0.0441565410250742 0.00060802775370395 1.24982421122376E-05 0.00515688425628634 0.048269826168816 0.706306535947712 0.437535947712418 0.319375163398693 0.746875163398693 0.625693464052288 0.382599346405229 0.711596732026144 0.456907189542484 0.276649673202614 0.571827160493827 0.486337063022984 0.398060466913973 0.503766755705697 0.60821191061502 0 0 0 0 0.625693464052288 0.204813071895425 0 0.391596078431373 0.15517385620915 0.706306535947712 0.437535947712418 0.319375163398693 0.746875163398693 0 0.177786274509804 0.711596732026144 0.0653111111111111 0.121475816993464 0.075 0.08559670781893 0.893602880658436 0.541666666666667 0.363670781893004 0.273958333333333 0 0 0 0 0.718420261437908 0.5547 0 0.457749019607843 0.231645098039216 0 0 0 0 0.595883660130719 0.343971895424836 0 0.445207189542484 0.282374509803921
#NONE#
