87
0
True False
0.150458395443469 0 0 0.164163010129612 0.000123487280810077 0 0.00569698010031135 0.015738596654674 0 0.128905608457387 0.125523483399033 0 0 0.142780134779713 0.105012703675516 0.0139198826718378 0.00381308616450557 0.0245555267272763 0.00749555563383555 0.00455252630583988 0.0654072196516132 0.0178704275404078 6.17283950617284E-05 0.0141521193410771 0.00976952764801822 0.320769607843137 0.293254901960784 0.448549019607843 0.282495098039216 0.266083333333333 0.657789215686275 0.201362745098039 0.396397058823529 0.0699019607843137 0.430416666666667 0.465826313624978 0.575672641860609 0.514356280910456 0.419209118262358 0 0 0 0 0.134656862745098 0.657789215686275 0 0.270421568627451 0 0.320769607843137 0.293254901960784 0.448549019607843 0.282495098039216 0.131426470588235 0 0.201362745098039 0.125975490196078 0.0699019607843137 0.109375 0.0882561728395061 0.930570987654321 0.5546875 0.372021604938272 0.265625 0 0 0 0 0.361416666666667 0.780240196078431 0 0.546553921568627 0.0812696078431373 0 0 0 0 0.248460784313725 0.628230392156863 0 0.353823529411765 0.0627205882352942
#NONE#
(Leaf205.txt) (listLeaf205ED.txt) (#NONE#)
(Neighbor1Leaf205.txt) (Neighbor2Leaf205.txt) (Neighbor3Leaf205.txt) (Neighbor4Leaf205.txt)
(#NONE#)
(#NONE#) (Node15.txt)
0.119732392396872 4.39326775648995E-05 0 0.183994965780874 0.0273191027265135 0 0.0168037290229101 0.0175945867515864 0.0035584552004556 0.0930605373549598 0.194923570282882 6.73628679084715E-05 0.00403620296758952 0.0850945345760315 0.0985551419142172 0.0109096459569729 0.0204710195975312 0.00640140595179421 0.0209659512213182 0.0151353753130597 0.0521436758720827 0.00173802299016663 0.00265478426564501 0.00880503290019088 0.0159905714108745 0.283187739463602 0.351083615055217 0.430651791751183 0.320272706783863 0.318421455938697 0.628453008789723 0.290154608970025 0.525142213207122 0.212375929682218 0.499886476514829 0.474028987252365 0.505660139958375 0.512236567436946 0.474684597605666 0 0 0 0 0.17282983998197 0.628453008789723 0 0.447737209826459 0.0849799414018481 0.283187739463602 0.351083615055217 0.430651791751183 0.320272706783863 0.145591615956728 0 0.290154608970025 0.0774050033806626 0.12739598828037 0.084051724137931 0.0928423442599688 0.919714772243508 0.547413793103448 0.381873137505321 0.305316091954023 0 0 0 0 0.373258057245887 0.768693711967546 0 0.708305161144917 0.138067162497183 0 0 0 0 0.301778228532792 0.58408338967771 0 0.475341897678612 0.217835474419653
#NONE#
