61
0
True False
0.312319753754053 0 0 0.171271760963609 0.0317521841643991 0 0.0858213874540372 0.000705881327664322 0 0.00979513708690799 0.243575344188879 0 0 0.00169650035722756 0.111341543850205 0 0 0 0.0100673381774301 0 0.00409680682057679 0 0 0 0.0175563618550115 0.240532212885154 0.327495798319328 0.155971988795518 0.352577030812325 0.21503081232493 0.22733893557423 0.396044817927171 0.756829131652661 0.0888067226890756 0.330194003527337 0.492608515275427 0.337172955811491 0.496323331215559 0.572571747009922 0 0 0 0 0.0904929971988796 0.136050420168067 0 0.756829131652661 0 0.240532212885154 0.327495798319328 0.155971988795518 0.352577030812325 0.12453781512605 0.0912885154061624 0.396044817927171 0 0.0888067226890756 0.107142857142857 0.0647442680776014 0.883298059964726 0.517857142857143 0.303544973544974 0.267857142857143 0 0 0 0 0.040593837535014 0.186946778711485 0 0.859137254901961 0.0618543417366946 0 0 0 0 0.237792717086835 0.214773109243697 0 0.665826330532213 0.111176470588235
#NONE#
(Leaf322.txt) (listLeaf322ED.txt) (#NONE#)
(Neighbor1Leaf322.txt) (Neighbor2Leaf322.txt) (Neighbor3Leaf322.txt) (Neighbor4Leaf322.txt)
(#NONE#)
(#NONE#) (Node24.txt)
0.19315680004934 0 0 0.257195470625594 0.0140064897988348 0 0.029755291090804 0.0271066571744694 0.000426211230708166 0.0649637792359611 0.184816041474662 0.000154275762140388 0.000127806570085344 0.054228930324458 0.0863472613254845 0.00615315560591637 0.00673261602716259 0.00985218259935379 0.00996264405534763 0.00796529450535362 0.0385525357132636 3.04671291521925E-05 0.000107406191137028 0.000190650570761316 0.00816803294001005 0.300907103825137 0.322082288653166 0.201890710382514 0.303901639344262 0.21050787528126 0.17725618772099 0.369957569913211 0.612074574091932 0.146329154612665 0.400038453754301 0.541047046522358 0.41230464976812 0.459675800137516 0.54058646041238 0 0 0 0 0.0967135969141755 0.0505573770491803 0 0.612074574091932 0.0423985856637737 0.300907103825137 0.322082288653166 0.201890710382514 0.303901639344262 0.113794278367085 0.12669881067181 0.369957569913211 0 0.103930568948891 0.0655737704918033 0.0772272819267354 0.900101194090265 0.537909836065574 0.360273224043716 0.288934426229508 0 0 0 0 0.0939601414336226 0.148693667630987 0 0.752504660880746 0.0494644808743169 0 0 0 0 0.225994856959177 0.186802957248473 0 0.568663452266152 0.167108968177435
#NONE#
