72
0
True False
0.0299308775811637 0 0 0.093039929996051 0 0 0.000652587809372784 0.0126286085537965 0 0.0559988704370099 0.209025833284498 0 0 0.0949243087748906 0.272108245422365 0 0.00174612321109993 0.000194018770797797 0.0292438264320825 0 0.182707358808282 0 0 0 0.0177994109185899 0.495563025210084 0.463002801120448 0.535669467787115 0.658352941176471 0.641731092436975 0.650257703081232 0.657887955182073 0.624044817927171 0.0907114845938375 0.764285714285714 0.485808416855346 0.477904297407257 0.52563109575403 0.546988604404045 0 0 0 0 0.641731092436975 0.650257703081232 0 0.624044817927171 0 0.495563025210084 0.463002801120448 0.535669467787115 0.658352941176471 0 0 0.657887955182073 0 0.0907114845938375 0.0625 0.0927689594356262 0.868395061728395 0.508928571428571 0.375238095238095 0.223214285714286 0 0 0 0 0.792330532212885 0.890420168067227 0 0.639126050420168 0.0396022408963586 0 0 0 0 0.603546218487395 0.576358543417367 0 0.607165266106443 0.111086834733893
#NONE#
(Leaf284.txt) (listLeaf284ED.txt) (#NONE#)
(Neighbor1Leaf284.txt) (Neighbor2Leaf284.txt) (Neighbor3Leaf284.txt) (Neighbor4Leaf284.txt)
(#NONE#)
(#NONE#) (Node17.txt)
0.0688397545453045 3.42935528120714E-06 0 0.121866414756764 0.00690159606822971 0 0.0116920977821681 0.0203018723355627 0.0148629341771572 0.050731897664383 0.198824862459822 0.000658519287703144 0.00626178137559269 0.0664383733209344 0.271590890614477 0.00629442250076118 0.00831216539554537 0.00917855670760009 0.0316018616874624 0.00648596623611543 0.0721644937435087 9.27911420173164E-05 0.00173548575709433 0.00242142424900016 0.0227384088375145 0.470234204793028 0.4979651416122 0.394961328976035 0.553235838779957 0.674518518518519 0.610065359477124 0.561157952069717 0.663075163398693 0.167177559912854 0.672753772290809 0.47857551403813 0.448334674260658 0.517543306598668 0.565031102206941 0 0 0 0 0.662545206971678 0.599366013071895 0 0.658352396514161 0.0392777777777778 0.470234204793028 0.4979651416122 0.394961328976035 0.553235838779957 0.011973311546841 0.0106993464052288 0.561157952069717 0.00472276688453158 0.127899782135076 0.0659722222222222 0.0841512345679013 0.902964677640603 0.540798611111111 0.374242112482853 0.305555555555556 0 0 0 0 0.769509259259259 0.818575163398693 0 0.826909586056645 0.0977712418300653 0 0 0 0 0.634240196078431 0.552580065359477 0 0.614726579520697 0.195724945533769
#NONE#
