0
21
False False
#NONE#
0.0842282821846351 2.95513513832988E-06 0 0.104399467987192 0.00950524763116458 0 0.0143750687917478 0.00448444784119219 0.00397255822264586 0.0338995513716129 0.157579076039898 1.76846210557374E-06 3.59229820185013E-05 0.0312511845909478 0.18802284770694 0.00195517329265493 0.00314536339505839 0.00342302617487079 0.0888112765649811 0.0033119416387563 0.0484788653391823 0.000188161596461184 2.00325774452431E-05 0.00105895018381566 0.217848830289536 0.586257313476061 0.635651361604975 0.555521070926567 0.676929433975324 0.557426036634598 0.460814921759352 0.667920681005378 0.512579966218134 0.481063253873449 0.682683584163166 0.495633117054085 0.448342457006665 0.493660228766407 0.559977130854892 0 0 0 0 0.522654029469159 0.381482704961701 0 0.474057279526436 0.405080101593807 0.586257313476061 0.635651361604975 0.555521070926567 0.676929433975324 0.0347720071654393 0.0793322167976502 0.667920681005378 0.0385226866916979 0.0759831522796426 0.0677086737855765 0.0832731128060285 0.765571970155205 0.482276670999225 0.287755204093135 0.260244784562594 0 0 0 0 0.609055222359838 0.510481853003878 0 0.521698782364597 0.479172445827959 0 0 0 0 0.535296992543064 0.438703568253308 0 0.496362066396924 0.469344283125609
(Node1.txt) (#NONE#) (listNode1EC.txt)
(Neighbor1Node1.txt) (Neighbor2Node1.txt)
(#NONE#)
(#NONE#) (Root.txt)
#NONE#
0.0817038019231962 4.29427539369784E-05 9.80663281417019E-07 0.119575719959861 0.00838972468700521 0 0.0147533043232723 0.00855737249804685 0.00367353353321295 0.0403514564823344 0.165047194068768 6.26105438976761E-05 0.000164321269571805 0.0398675414719536 0.212605540330767 0.00600639946242509 0.00420275385010752 0.00806415957121563 0.0752874413552475 0.00524936868415675 0.048262540409843 0.000935930521161772 9.62447144461978E-05 0.00182283963570674 0.155276277286585 0.574805079618158 0.609003494039039 0.521315347790136 0.648087947324945 0.56519933943301 0.462228264519379 0.6395692346727 0.5458159772864 0.478308789994965 0.661102923083894 0.491587736056063 0.44591464128258 0.494904818916676 0.560101094095274 0 0 0 0 0.522907838111911 0.386105035964546 0 0.500376606581357 0.398975225889527 0.574805079618158 0.609003494039039 0.521315347790136 0.648087947324945 0.0422915013210991 0.0761232285548324 0.6395692346727 0.0454393707050429 0.0793335641054384 0.0651031160561724 0.0818907604926987 0.806071097787893 0.499636250107905 0.305725214988312 0.26682665259708 0 0 0 0 0.600670855530975 0.499209579025655 0 0.579625046370175 0.504647828255159 0 0 0 0 0.544672113433763 0.442556987119014 0 0.526303576738072 0.462948548335346
