0
6
False False
#NONE#
0.10117310215173 0 0 0.150273779508015 0.00828037475009999 0 0.0157163389366869 0.015978547175018 0.00540745379151531 0.0333530553976848 0.290475121174549 0 0 0.0676836625663947 0.251753325265135 7.41066045032672E-05 0.000727699203242687 0.000587919599540007 0.0184470515573005 0.00030464110856721 0.0273862914765458 2.05862977602108E-05 0 0.000122791754809703 0.0122341516809024 0.339346187363835 0.486501089324619 0.438648692810458 0.423208061002179 0.572243681917211 0.543883551198257 0.373879302832244 0.524802178649237 0.258257516339869 0.630714334705075 0.471774641142478 0.431821021023644 0.515231226958501 0.57155350001496 0 0 0 0 0.548051525054466 0.506989106753813 0 0.483196187363834 0.132236492374728 0.339346187363835 0.486501089324619 0.438648692810458 0.423208061002179 0.0241921568627452 0.0368944444444445 0.373879302832244 0.041605991285403 0.126021023965142 0.0567708333333333 0.0807674897119341 0.864909465020576 0.524305555555555 0.315860768175583 0.269965277777778 0 0 0 0 0.603440631808279 0.778674074074074 0 0.503297276688453 0.265972549019608 0 0 0 0 0.550323420479303 0.493004357298475 0 0.508389760348584 0.253069716775599
(Node27.txt) (#NONE#) (listNode27EC.txt)
(Neighbor1Node27.txt) (Neighbor2Node27.txt)
(#NONE#)
(#NONE#) (Root.txt)
#NONE#
0.0767594004689628 5.5084324747246E-06 1.66337968541821E-05 0.148646644555135 0.0113368773005764 0 0.0249682853210402 0.0288276659561065 0.00250798376877407 0.0494158541113343 0.274142685913725 0.000204316851640303 0.000792674498439686 0.0665012524543929 0.190667684712991 0.0030595028613493 0.010184847173607 0.00730763017619656 0.0240947871150966 0.00375447172316774 0.0534409392488764 0.000407115123102516 0.000246959156518868 0.00151794679825788 0.0211923324813807 0.377592208916415 0.495056959486642 0.483914510727898 0.425288151249781 0.631176846569003 0.534130303395516 0.401024924822085 0.45312361023906 0.288314137291318 0.627214152653701 0.465502740324775 0.45569396754311 0.52948770556786 0.54919910931297 0 0 0 0 0.62440463566444 0.493970869196867 0 0.390253843828726 0.166017829480473 0.377592208916415 0.495056959486642 0.483914510727898 0.425288151249781 0.00677221090456385 0.0401594341986499 0.401024924822085 0.0628697664103342 0.122296307810845 0.0750698148327459 0.0848660524235237 0.901645787187507 0.54158152218497 0.363041765220352 0.302695521176124 0 0 0 0 0.737800509570624 0.649275925256148 0 0.469135524709223 0.225750979888066 0 0 0 0 0.590311806342401 0.496447370194496 0 0.435948485112616 0.295019906992862
