0
12
False False
#NONE#
0.208921163198614 0.000201834474596331 0 0.243123206194997 0.00936259542576627 0 0.0183236472066049 0.0349412142716952 0.00032351463297985 0.104488031574097 0.150626689163688 0.000183338271564262 0.00322542094265456 0.0532040562982837 0.0560906898627331 0.0319620798012092 0.0169789715445817 0.00214022702775075 0.00623622221324315 0.00581766433171895 0.0370870514457188 2.06398348813209E-06 0.00638035128988032 0.000534455532064986 0.00984551131206995 0.271989018570391 0.306124216723727 0.252426348687623 0.297607410001037 0.255511920323685 0.212888725490196 0.299500280112045 0.387956276584708 0.20921336497562 0.392185822065452 0.501617522263431 0.464128406170848 0.493115163470586 0.528618946604782 0 0 0 0 0.147973612407926 0.0917710732441125 0 0.289408219213611 0.0995176055607428 0.271989018570391 0.306124216723727 0.252426348687623 0.297607410001037 0.107538307915759 0.121117652246084 0.299500280112045 0.0985480573710966 0.109695759414877 0.0835028108465609 0.0794735857992031 0.897093106995885 0.540500992063492 0.3534389329806 0.292675264550265 0 0 0 0 0.179669234360411 0.214465880796763 0 0.426423762838469 0.206052964519141 0 0 0 0 0.263535167029775 0.210513572466023 0 0.364096703496213 0.204995614171595
(Node24.txt) (#NONE#) (listNode24EC.txt)
(Neighbor1Node24.txt) (Neighbor2Node24.txt)
(#NONE#)
(#NONE#) (Root.txt)
#NONE#
0.162369825563702 3.48816858524382E-05 0.000297070012302039 0.24799894477614 0.0196614175894362 0 0.0307182906983808 0.0286840000289991 0.00344932596567925 0.101643888546209 0.170009894053395 0.000299218515692188 0.0030985829711777 0.0686175952673091 0.0643723628246224 0.0176461909236923 0.0097990403332661 0.00654273893469597 0.00895135813442678 0.0101574796986915 0.0332629651455254 0.000563019495210809 0.00172767873424794 0.00180589453004573 0.00828833557130017 0.250570017095475 0.286456417975109 0.239819664850019 0.323838210616587 0.263291224975075 0.226496318377917 0.325236593119296 0.366786120861709 0.224647629759966 0.400797697630776 0.508053964288097 0.455520044280241 0.485028912025932 0.521768657856415 0 0 0 0 0.150545874228738 0.0833058908804134 0 0.267301692806578 0.10060883528549 0.250570017095475 0.286456417975109 0.239819664850019 0.323838210616587 0.112745350746337 0.143190427497503 0.325236593119296 0.0994844280551316 0.124038794474476 0.0777993828849459 0.0829071589959169 0.90644920899685 0.545981451612942 0.368004382243763 0.29198891209007 0 0 0 0 0.174494109330638 0.218738070313556 0 0.394520458216837 0.199243979124032 0 0 0 0 0.274168792691589 0.224553444904396 0 0.352536129904345 0.225723315405199
