0
21
False False
#NONE#
0.525051783988423 0.000335575802942973 2.29972605663214E-06 0.135358407170261 0.0346335499192486 1.82541710780914E-05 0.0105575697169465 0.01352898651976 0.000174313494596997 0.105027113533058 0.0466058972644591 0.000293683500217767 0.00124887727909232 0.024642714146581 0.0224984464142914 0.0223495869839194 0.0125466408072182 0.00391515994000027 0.0058384143443774 0.007733552201737 0.0200357446320484 0.000504827706679943 0.00102741579850215 0.00200679295579503 0.00406439198270914 0.0788434160817914 0.08221798627765 0.125950147196926 0.0896118620149433 0.244492758792199 0.199331913817068 0.105600286527457 0.202465346760305 0.179423827547077 0.179264728934923 0.503019803997658 0.532134432228549 0.491042131376604 0.483951031077437 0 0 0 0 0.146818731533017 0.10388998088746 0 0.102016843235611 0.082517106236434 0.0788434160817914 0.08221798627765 0.125950147196926 0.0896118620149433 0.0976740272591812 0.095441932929608 0.105600286527457 0.100448503524694 0.0969067213106428 0.0477403879189593 0.0456100557943591 0.72247039282489 0.464848494759209 0.266161669573486 0.22349920251706 0 0 0 0 0.308169885897897 0.215110159764502 0 0.230837434367687 0.198267105080831 0 0 0 0 0.220094865493465 0.18486826782513 0 0.190298214173004 0.169218083804358
(Node11.txt) (#NONE#) (listNode11EC.txt)
(Neighbor1Node11.txt) (Neighbor2Node11.txt)
(#NONE#)
(#NONE#) (Root.txt)
#NONE#
0.473616735885887 0.000238700221542943 0.000128001697271097 0.169466274630576 0.0316007880152242 1.85187242821217E-06 0.0147632502058439 0.0143816609482116 0.000697252619837265 0.0952390033730077 0.0620161499126662 0.00017583355521587 0.00129464381252651 0.0361783834425415 0.0316408677835416 0.0137912290802029 0.0069173593882948 0.00482952143980214 0.00629381010871374 0.00691616665609484 0.0212785128654083 0.000597660237953635 0.000377399616646518 0.0020905991767688 0.00546834345379171 0.0861386143678893 0.106494195620714 0.137167200903113 0.101361657520565 0.248866911542565 0.20486990384221 0.105868006735896 0.207085712654778 0.180619485830145 0.197787622952276 0.492797827223995 0.51452573255145 0.493566379749462 0.486114037505639 0 0 0 0 0.156422291896403 0.0978401560281094 0 0.0972145002176063 0.0738158734106247 0.0861386143678893 0.106494195620714 0.137167200903113 0.101361657520565 0.0924446196461622 0.107029747814101 0.105868006735896 0.109871212437172 0.10680361241952 0.0622779477238999 0.0518418715407534 0.755781654343235 0.487736758301926 0.281594453303982 0.234888926074738 0 0 0 0 0.298528173298631 0.228070822581006 0 0.240526483213 0.176094440050969 0 0 0 0 0.23286877586485 0.195224745022603 0 0.195792526285239 0.175445841396924
