0
21
False False
#NONE#
0.20070944464758 1.45395329902003E-05 0 0.169608743860148 0.0224815231712016 5.192690353643E-06 0.0288253682080393 0.0253820568850289 0.00075566770416733 0.0689928051967401 0.170165590338985 0.000847613000400728 0.00286599864148438 0.0841119869969072 0.104711746146683 0.00805416866144694 0.0253694524281855 0.00673573216252611 0.0147721079314467 0.00291846472218544 0.0468168710638831 0.00114107576341936 0.00366183240527871 0.00155055389734261 0.0095014639435759 0.193517598476569 0.260015039097333 0.325097100193967 0.253330379038023 0.318094073805315 0.458792430830209 0.256852607411918 0.334882381189229 0.457216253433856 0.475409736451206 0.491013453283432 0.537040690981817 0.494109889584281 0.46654612599459 0 0 0 0 0.235367380076255 0.400341562168018 0 0.260964117498851 0.398426359847501 0.193517598476569 0.260015039097333 0.325097100193967 0.253330379038023 0.0827266937290599 0.0584508686621911 0.256852607411918 0.0739182636903777 0.0587898935863553 0.0729716268485065 0.0768555504499763 0.867071076683835 0.529067788066848 0.338918903923893 0.262127360247661 0 0 0 0 0.308456324113909 0.575380417224483 0 0.318729253218211 0.555606083202375 0 0 0 0 0.311084338396 0.427366430038257 0 0.325163230087356 0.427937294361303
(Node10.txt) (#NONE#) (listNode10EC.txt)
(Neighbor1Node10.txt) (Neighbor2Node10.txt)
(#NONE#)
(#NONE#) (Root.txt)
#NONE#
0.175692537370298 0.000646999355123264 0.000266716183543295 0.174721052462127 0.0328960471282119 1.43442175374311E-05 0.034723211225862 0.0204153119017703 0.00425796757407564 0.0837327543026812 0.179626945744692 0.0002881727969986 0.00287003594187559 0.0665863709887514 0.100193966008807 0.0112585317373701 0.0135788635599015 0.00877678989471173 0.0169233820742011 0.0112262099966954 0.0413684265690197 0.000692393253889845 0.00177676477428101 0.00307107329098505 0.0143951316465896 0.210540322988747 0.265432805338145 0.311736274443184 0.259372393105685 0.30390643277443 0.477509697192619 0.267849167822528 0.350928884021741 0.466466408469242 0.45888394963712 0.497367437931437 0.525511908698872 0.48912518794986 0.471589817629087 0 0 0 0 0.193029752664664 0.418630382744526 0 0.259631870157366 0.403652397363031 0.210540322988747 0.265432805338145 0.311736274443184 0.259372393105685 0.110876680109766 0.0588793144480929 0.267849167822528 0.0912970138643748 0.0628140111062107 0.0757319829783982 0.0799570720643191 0.882517896974887 0.539874562708727 0.354363969117718 0.287620251947394 0 0 0 0 0.290566018270723 0.578954865614606 0 0.368965355562098 0.549612566129316 0 0 0 0 0.300581691597272 0.446520977304062 0 0.33818460001391 0.438770142355565
