0
21
False False
#NONE#
0.0937979972647477 1.98842427436887E-06 0 0.137790010958565 0.00972609678693208 0 0.0106452511745982 0.0131099079413002 0.00185258224500947 0.0387663535830087 0.18697690353787 7.00767360600562E-05 2.22866189885254E-06 0.0568836149558978 0.222249785435532 0.00165058160750731 0.00301900324276939 0.00465995844286925 0.0541427628325074 0.00149851753447335 0.0435536510913815 0.000372209573079341 9.14523728757559E-05 0.000874830673880931 0.118264234922961 0.52303672419296 0.564129648638224 0.473347163034668 0.612617641265598 0.524683177651712 0.298017703287806 0.610283186914677 0.511879129432648 0.29547562661631 0.629535185949423 0.498824121728331 0.437291365282928 0.489135904941463 0.57071347706279 0 0 0 0 0.473323473841413 0.192106441060259 0 0.465301597512534 0.177330837846721 0.52303672419296 0.564129648638224 0.473347163034668 0.612617641265598 0.0513597038102991 0.105911262227547 0.610283186914677 0.0465775319201135 0.118144788769589 0.0707044966119112 0.0825802169448554 0.830521713899671 0.514056555360903 0.310015710622211 0.265252031170607 0 0 0 0 0.563243407113867 0.349593135573937 0 0.518307386121797 0.313260166109674 0 0 0 0 0.50870992234005 0.284423681972479 0 0.497264095653126 0.287520946857004
(Node4.txt) (#NONE#) (listNode4EC.txt)
(Neighbor1Node4.txt) (Neighbor2Node4.txt)
(#NONE#)
(#NONE#) (Root.txt)
#NONE#
0.0920100810286769 3.12913103201777E-05 0.000139112006059764 0.136853916302861 0.0127080375549299 0 0.0156453078420214 0.012308536504309 0.00451183800747201 0.0498991976203709 0.187719522604797 6.05061899416703E-05 0.000163779861898166 0.053557953923019 0.229394914989624 0.0128576282232101 0.00515643473493412 0.00904034850194213 0.0512673311898014 0.00406238713153586 0.0501575540439101 0.00103701022815873 7.44072113321186E-05 0.00164197886376348 0.0697009241251104 0.525136790322322 0.554083713157594 0.457482734214884 0.610555997171994 0.537414565762088 0.318926217339112 0.600424780078948 0.530581781865257 0.308252296480426 0.610347203512611 0.4945629258168 0.436291168388822 0.4912195859433 0.570731671305431 0 0 0 0 0.486864501298185 0.20293596368387 0 0.481718918167053 0.196821794687145 0.525136790322322 0.554083713157594 0.457482734214884 0.610555997171994 0.0505500644639036 0.115990253655242 0.600424780078948 0.0488628636982042 0.11143050179328 0.072340725008365 0.0872257335718926 0.862051342198639 0.526414092889712 0.335116352219407 0.280647370593612 0 0 0 0 0.580896106335626 0.350198879599374 0 0.574657874084989 0.317511794371807 0 0 0 0 0.516142422853159 0.307412473092308 0 0.509113949921821 0.301831127523647
