0
15
False False
#NONE#
0.121809564407405 0 0 0.123987229831784 0.0106080884166368 0 0.0197722735121051 0.011798438010218 0.00628617806738861 0.0729580103884054 0.2480302182354 5.30948944883186E-05 2.39253671804565E-05 0.104027059052791 0.155030708625171 0.00293149515426097 0.00977248576837137 0.00365080686026399 0.019809300870717 0.00749802573353264 0.0600060367210625 0.000151540835143296 0.000700249012458585 0.00267675409371641 0.018418516141501 0.37607779956427 0.375926289034132 0.344533144517066 0.453790922294844 0.600129898329702 0.315403580246914 0.456196412490922 0.521701699346405 0.548108300653595 0.608762620027435 0.506617455174549 0.451581660224342 0.485560806804565 0.54976507975663 0 0 0 0 0.586874342774147 0.241937458242556 0 0.492998634713144 0.514379324618736 0.37607779956427 0.375926289034132 0.344533144517066 0.453790922294844 0.0132555555555556 0.0734661220043573 0.456196412490922 0.0287030646332607 0.0337289760348584 0.0622106481481482 0.0790751028806584 0.891770461819845 0.543877314814815 0.35274435299497 0.286064814814815 0 0 0 0 0.670792309368192 0.297980007262164 0 0.562450958605665 0.688877937545389 0 0 0 0 0.570980762527233 0.313278867102396 0 0.496975359477124 0.511827538126362
(Node28.txt) (#NONE#) (listNode28EC.txt)
(Neighbor1Node28.txt) (Neighbor2Node28.txt)
(#NONE#)
(#NONE#) (Root.txt)
#NONE#
0.0793497191886827 1.36457092879529E-06 2.69939887517966E-05 0.136359957181089 0.0133040070645455 0 0.0207674020663425 0.0240623078000973 0.00544495080820137 0.0642584367920157 0.253805738535591 0.000207720602210462 0.000627661039094396 0.102081674366941 0.159948453241284 0.00434502119353185 0.00973410652625047 0.0120748699944709 0.0217743469751125 0.00813557870706802 0.0628383903598334 0.000821461183167538 0.000571756742795015 0.00322775002278227 0.0162303310492121 0.345491245671435 0.394707592272952 0.354745696557161 0.456723326386925 0.592322544756119 0.326579838366662 0.462282766511319 0.529017507155871 0.534526296973392 0.642526761860857 0.501120494276395 0.464077243337622 0.480130167529669 0.542145754493858 0 0 0 0 0.581633806070557 0.240901378112984 0 0.499113630555119 0.497739789749754 0.345491245671435 0.394707592272952 0.354745696557161 0.456723326386925 0.0106887386855625 0.085678460253678 0.462282766511319 0.0299038766007513 0.0367865072236378 0.060904994551457 0.0841490854385495 0.906232524033411 0.541927937705804 0.370670417576503 0.29261448283939 0 0 0 0 0.689413274910596 0.274906786590693 0 0.574453008019196 0.659665517769093 0 0 0 0 0.556378934863335 0.329868014280211 0 0.50368139740156 0.494865157940008
