0
13
False False
#NONE#
0.375089490938891 0.00053935969850233 0 0.202308119412623 0.0148788171421332 2.94875071261476E-05 0.00630078115849763 0.0190011173769543 0.000211998956737186 0.136060387380176 0.0546926111091859 0.000567329172522001 0.00181274081965486 0.0475537170996618 0.0221965894882505 0.0309665050270977 0.0191056980646474 0.00471235938503841 0.0048047096173177 0.00996407422585995 0.04013705541159 0.000490041624341649 0.00162240918989221 0.00303101164297438 0.0039235885503254 0.135451644107526 0.111287979993862 0.153035093990976 0.117025447428389 0.40665187035187 0.211871452730276 0.135052102799162 0.249887784437785 0.175627727501257 0.256238542321875 0.486141619429113 0.514369547084477 0.492832895154317 0.485679030746344 0 0 0 0 0.306904043015808 0.110900387194505 0 0.131137298322592 0.0843634192604781 0.135451644107526 0.111287979993862 0.153035093990976 0.117025447428389 0.0997478273360626 0.100971065535771 0.135052102799162 0.118750486115192 0.0912643082407788 0.0623465076590077 0.060451138367805 0.834418980196758 0.532358266733267 0.319855644355644 0.259086746586747 0 0 0 0 0.546622252257546 0.217877909345556 0 0.278480982416277 0.125355740664564 0 0 0 0 0.373279041220218 0.205202339490575 0 0.232079983415278 0.179166337583985
(Node19.txt) (#NONE#) (listNode19EC.txt)
(Neighbor1Node19.txt) (Neighbor2Node19.txt)
(#NONE#)
(#NONE#) (Root.txt)
#NONE#
0.358604495402708 0.000371969468081156 3.61125455041731E-05 0.223371189012606 0.0312222403796489 2.51722621808577E-06 0.0178037816223506 0.0191966502580156 0.000669600319457604 0.10176485536896 0.076201801551557 0.000245408621159585 0.00135085663166019 0.0466552954263751 0.0377592278331269 0.0158799571114471 0.00818652602572392 0.00490108285493121 0.00716383022757091 0.00749529845753571 0.0298981735045166 0.000560619555978952 0.000491603426727784 0.00241283378756221 0.00775407338057645 0.123023823249282 0.145400532749992 0.162649672629342 0.131804900470631 0.41378972174062 0.201685006692106 0.135901939328453 0.243473129331904 0.175901364249373 0.241209200978851 0.489806974112073 0.496355155228022 0.49403726521219 0.490401003278591 0 0 0 0 0.31917410719934 0.0880851895993236 0 0.110694538080836 0.0615913444889291 0.123023823249282 0.145400532749992 0.162649672629342 0.131804900470631 0.0946156145412808 0.113599817092782 0.135901939328453 0.132778591251067 0.114310019760444 0.0743789120836752 0.0614171872164661 0.834111539271041 0.526835380631675 0.322418991588071 0.263694333375063 0 0 0 0 0.547416284183282 0.212383087069198 0 0.271445841902833 0.14122691520843 0 0 0 0 0.378097668003987 0.196986452399906 0 0.232638320438061 0.176862411434174
