0
18
False False
#NONE#
0.0386331204751909 0 0 0.0510340268129295 0.00719435076946286 0 0.0082728308795098 0.0107774554048792 0.000707121712997106 0.0275107647653259 0.156390628605151 0.00100007385134732 2.33958326516174E-06 0.0345644879349673 0.277215693828151 0.00524464978515775 0.00471514370715908 0.00775086917177875 0.0765269517390338 0.00897030818399753 0.0756665808325256 0.00149514636332468 1.74463794162132E-05 0.0105252826239685 0.195784726590461 0.550271069147958 0.608721793155885 0.614614961415792 0.656595847330216 0.618744370590425 0.695473440092591 0.658916348290748 0.590108335301051 0.667975120530065 0.790181516557631 0.494137034377216 0.482855426808521 0.497415754229198 0.521179994269328 0 0 0 0 0.60644926853262 0.683568389686901 0 0.558400570004341 0.650982901089097 0.550271069147958 0.608721793155885 0.614614961415792 0.656595847330216 0.0122951020578045 0.0119050504056898 0.658916348290748 0.0317077652967098 0.0169922194409679 0.0538374418252714 0.0719034703999643 0.735437367630483 0.462033807395452 0.250840154199631 0.220438977698604 0 0 0 0 0.619566577469051 0.776052925750074 0 0.589839303174557 0.67974147594319 0 0 0 0 0.60556891323729 0.658613500890002 0 0.574587870723218 0.643040129718512
(Node26.txt) (#NONE#) (listNode26EC.txt)
(Neighbor1Node26.txt) (Neighbor2Node26.txt)
(#NONE#)
(#NONE#) (Root.txt)
#NONE#
0.0467443654122197 8.45284231247328E-06 0.000280121331579709 0.0695197934008807 0.00685912466697261 0 0.0126900303100746 0.00790498332723715 0.0094337432842789 0.0362179148715129 0.180174183199421 0.000426760253500176 0.000282053796140733 0.0467515751773964 0.286259936373712 0.00529653017576385 0.00847923723354858 0.0136706425684684 0.0665859026182858 0.00697520849939129 0.0825665374369664 0.00219642206619396 0.000114261869356555 0.00533944773224295 0.105222771552543 0.531389128205754 0.58954313026375 0.576008520231021 0.606015879643587 0.620263970682346 0.685706769100252 0.606392196566073 0.566015301300361 0.631163889374966 0.759424275477786 0.490047520743156 0.481658918637152 0.502579468961987 0.521979041979 0 0 0 0 0.597890058694941 0.678291595355461 0 0.532952713780635 0.612439621417876 0.531389128205754 0.58954313026375 0.576008520231021 0.606015879643587 0.022373911987405 0.00741517374479093 0.606392196566073 0.0330625875197253 0.0187242679570894 0.0490877268041894 0.0759144487035868 0.817479036692284 0.498002445294505 0.308483304493452 0.251787263779192 0 0 0 0 0.669077712350673 0.784019307665195 0 0.576525302482366 0.692706976599517 0 0 0 0 0.595212540764348 0.647017747051946 0 0.54853160463549 0.602899590325472
