0
13
False False
#NONE#
0.107158704285065 0 0 0.158494831719474 0.0117224459111366 0 0.0264568427521899 0.0239670682913779 9.33515410324657E-05 0.0978079251105281 0.16902183758006 6.70781658508982E-05 0.00259281032408908 0.123259083625575 0.0969910810278578 0.00844603502810829 0.0269496853700681 0.00846337595478653 0.0181670705994783 0.00748340935861768 0.0874773074109269 0.000169061154495301 0.000962255919985102 0.00114215966097842 0.0231065792083192 0.248086575407164 0.333725067089773 0.372358117372823 0.321395600913248 0.304494039946981 0.471403895995072 0.298215885312944 0.330065831227596 0.599400273364979 0.570735408624298 0.50146332761651 0.543912551290911 0.492478186759893 0.436047635805186 0 0 0 0 0.225063553984142 0.411903213670861 0 0.262154797925386 0.594308698273404 0.248086575407164 0.333725067089773 0.372358117372823 0.321395600913248 0.0794304859628388 0.0595006823242117 0.298215885312944 0.0679110333022098 0.00509157509157509 0.0618326118326118 0.075294685766908 0.891254314272833 0.536933205683206 0.342953706101854 0.280044087856588 0 0 0 0 0.297782189705719 0.495281560269795 0 0.282844020685197 0.682378710505181 0 0 0 0 0.299221461327344 0.452894039076392 0 0.326122456628339 0.567963808087337
(Node21.txt) (#NONE#) (listNode21EC.txt)
(Neighbor1Node21.txt) (Neighbor2Node21.txt)
(#NONE#)
(#NONE#) (Root.txt)
#NONE#
0.107690158993995 0.000214508081990802 0.000208320841571467 0.182108507029154 0.0244732962033707 9.57111819373854E-06 0.0327672542709088 0.0258310765167751 0.00637372443439885 0.0746216401296776 0.205747236497485 0.000356807015889435 0.00359960181405187 0.0842506453421134 0.115081487625014 0.00747288768993072 0.0135817987843518 0.00876772224432815 0.0189841362890918 0.0107113841273421 0.0545662130276994 0.000667635757988549 0.00219944845281028 0.00221834977586881 0.0174965879359979 0.248164994879102 0.324261047521093 0.386457431432519 0.309217119413408 0.305497816601483 0.459447622391963 0.325811393225857 0.334176239478461 0.592967947673106 0.537096654604186 0.503268212863917 0.529017264813781 0.48644760168389 0.458037227887996 0 0 0 0 0.198807131095236 0.402527330212782 0 0.246815839795912 0.582938098294195 0.248164994879102 0.324261047521093 0.386457431432519 0.309217119413408 0.106690685506247 0.0569202921791815 0.325811393225857 0.0873603996825484 0.0100298493789119 0.0707578979599537 0.0825426477903844 0.903997393565419 0.542927177774308 0.364598424757069 0.291097697427391 0 0 0 0 0.278905533938554 0.478088953802298 0 0.302802999636867 0.717745460916335 0 0 0 0 0.303747301487226 0.44131183504605 0 0.330961344283648 0.552232025759854
