0
4
False False
#NONE#
0.0856715250629768 0 0 0.0280849810173432 0.00109260957232899 0 0.00226033715500633 1.38500596276225E-05 0 0.00849778036534429 0.0355110727270401 0 0 0.0141072036902247 0.126874029134453 0.000143457666533725 0.00170747543419214 8.5238783625998E-05 0.178480974707425 0.000582209428169661 0.0259492115300427 0 4.61690246053094E-05 0.000257774048307394 0.490634100592753 0.764710154061625 0.794972128144187 0.764672156438333 0.828005651755652 0.350961679116091 0.5718625824067 0.839210355657414 0.84783683402654 0.862093636646578 0.798243622289919 0.499472595712382 0.486437287673024 0.475844449869354 0.520985200618221 0 0 0 0 0.313734802506861 0.549426010808364 0 0.84783683402654 0.862093636646578 0.764710154061625 0.794972128144187 0.764672156438333 0.828005651755652 0.0372268766092295 0.0224365715983363 0.839210355657414 0 0 0.0662664592352092 0.0826483040279336 0.571284683252276 0.397462346681097 0.179169436873141 0.179846455627706 0 0 0 0 0.298264903941375 0.614410860000566 0 0.88476896273661 0.874205199756671 0 0 0 0 0.369483776844071 0.546145110771581 0 0.820161842514784 0.827989907478143
(Node25.txt) (#NONE#) (listNode25EC.txt)
(Neighbor1Node25.txt) (Neighbor2Node25.txt)
(#NONE#)
(#NONE#) (Root.txt)
#NONE#
0.0610306258406691 0.000132616160348624 0 0.0616502302549342 0.00191274549466414 0 0.00509033143044454 0.00321120121491769 0.00101209161680512 0.0288705708768064 0.0795110173682641 7.12990109401205E-07 1.64496228729135E-05 0.0337832892067583 0.222682643161854 0.00279221505152861 0.00303774040037757 0.00451110012150485 0.123820913869842 0.00337056977181348 0.0802631557965706 0.000712608398953367 0.000103232288949376 0.0015159314554 0.280968007605611 0.712058920649068 0.741456604773222 0.720262172212319 0.769705055810203 0.408573352007469 0.493936326217356 0.769958865263277 0.786305533273916 0.752193369125428 0.762848296679315 0.499306934374939 0.477394508008731 0.478593999559711 0.530814351597494 0 0 0 0 0.336755322977676 0.442995955917721 0 0.782113539809864 0.744939986772487 0.712058920649068 0.741456604773222 0.720262172212319 0.769705055810203 0.0718180290297938 0.0509403702996349 0.769958865263277 0.00419199346405228 0.00725338235294117 0.0572539006132756 0.0799928731762065 0.716917409099816 0.45638088474026 0.258710826741845 0.224534293831169 0 0 0 0 0.338584389836743 0.542585131497043 0 0.854046727711287 0.790465229748465 0 0 0 0 0.419485206688736 0.472400080496845 0 0.751693516325722 0.721910082972583
