0
13
False False
#NONE#
0.334664875957781 0 0 0.12018858838841 0.0155313859369072 0 0.00792122610099497 0.0112580717203136 0.000193729628867408 0.0646528364564135 0.0689696884253005 3.21028050717676E-05 0.000695966661483537 0.0527590880804085 0.0750994650899592 0.0194174603817421 0.026449833574731 0.0235708487179418 0.0175538586273356 0.0262588066657359 0.0673893812723882 0.0055048117593125 0.00092897287832578 0.00979348915608632 0.0511655117144896 0.0795621727191863 0.100331551003044 0.138060369946795 0.108079919778562 0.569619430494091 0.558304259968287 0.135009623533832 0.534578559826297 0.499008637616782 0.437302844828486 0.491738737713213 0.503549069475229 0.491030651353974 0.484058773836558 0 0 0 0 0.553998892535318 0.531271504814944 0 0.485827881093265 0.463059318559771 0.0795621727191863 0.100331551003044 0.138060369946795 0.108079919778562 0.0156205379587732 0.0270327551533434 0.135009623533832 0.0487506787330318 0.0359493190570113 0.0764339426599042 0.0607826887420904 0.792094309299438 0.529307111158073 0.312548319992765 0.267523862355593 0 0 0 0 0.606934079746297 0.628409926850425 0 0.574295638097448 0.532644984778922 0 0 0 0 0.547442224818922 0.532185036381416 0 0.513449645301908 0.482871482439129
(Node9.txt) (#NONE#) (listNode9EC.txt)
(Neighbor1Node9.txt) (Neighbor2Node9.txt)
(#NONE#)
(#NONE#) (Root.txt)
#NONE#
0.277608402538993 3.15921919752772E-06 0.000407174494597822 0.141044515918132 0.0266181511099503 0 0.0207935901525706 0.0121643072602397 0.00260739859790994 0.0702962808562222 0.11646536755933 9.34035854800205E-05 0.00235669361226371 0.0583054980471998 0.100871170007309 0.00980503570486507 0.0121698977028543 0.0125137422454389 0.0228277515263921 0.0103778972738313 0.0623423187765945 0.00163463767392856 0.000303447218551775 0.0051971588451085 0.0331930000730402 0.100162578852504 0.141872946256807 0.171682501952331 0.133788294548735 0.570038539898179 0.537363897537885 0.146073063309114 0.535688611521139 0.516561308755425 0.437810103975218 0.499840754817691 0.513089709804922 0.48610368269444 0.470397821789451 0 0 0 0 0.548775750131397 0.499541200103463 0 0.495904144746004 0.470332452096449 0.100162578852504 0.141872946256807 0.171682501952331 0.133788294548735 0.0212627897667816 0.0378226974344222 0.146073063309114 0.0397844667751353 0.0462288566589766 0.0758207206654702 0.065285252205306 0.838213144675253 0.538614108157509 0.333745391800552 0.293508695050346 0 0 0 0 0.656287876750677 0.608883241090533 0 0.606030068718694 0.55999211222079 0 0 0 0 0.537599211446054 0.510043313208341 0 0.509848931162945 0.494058754154464
