0
11
False False
#NONE#
0.092354340772268 2.80583613916948E-06 0 0.132665023998556 0.0147461235536417 0 0.00713145189331255 0.00570632477308662 0.000470056398962713 0.0527857889500028 0.123529605918375 0 7.16548726860855E-05 0.0387130807808171 0.207237299771192 0.021674405800287 0.00554161627675919 0.00557211799446321 0.077466721705941 0.00300244528328498 0.0609668007599139 0.00198357784133699 0.00210836538520383 0.000686797245177581 0.145583594188593 0.638806223499218 0.628259310570594 0.553322203461027 0.718250124128199 0.218743553337136 0.301519101112791 0.69947043320316 0.389026464761224 0.315995710937903 0.598298130831632 0.500377430567725 0.452874960279717 0.488282258442046 0.531327414056395 0 0 0 0 0.0822795996615782 0.188896018121312 0 0.296825823366572 0.217164734111205 0.638806223499218 0.628259310570594 0.553322203461027 0.718250124128199 0.136463953675558 0.112623082991479 0.69947043320316 0.0922006413946521 0.0988309768266987 0.07782264452719 0.0903963882170953 0.819051283378051 0.507745452148861 0.311720699029116 0.244389530923622 0 0 0 0 0.188432503687637 0.304372038660488 0 0.425707191776336 0.281014210902981 0 0 0 0 0.225462264995848 0.298371838634726 0 0.375089279820991 0.312522978041962
(Node13.txt) (#NONE#) (listNode13EC.txt)
(Neighbor1Node13.txt) (Neighbor2Node13.txt)
(#NONE#)
(#NONE#) (Root.txt)
#NONE#
0.0974255338137902 6.7631581192509E-05 0.000530580555030504 0.154665634335805 0.0097333303498874 0 0.0134858115171225 0.0164334661145584 0.00574961568715267 0.0694996429755669 0.163171867361435 0.000485369982057436 0.000604538051759482 0.0615383323938533 0.185568347144977 0.0114187162362587 0.00767244702724701 0.00903126310748033 0.0507933620001391 0.00408751459766522 0.0705192815366801 0.00076907673666501 0.000842061685821706 0.00159827857599297 0.0643082966318613 0.60733094727413 0.554912447178198 0.50870870649076 0.677797274939632 0.249631640472468 0.313944521583263 0.660677599786165 0.393884284147524 0.329799778436881 0.568161384782723 0.49067230214692 0.44304925060489 0.495319117441765 0.543613391162302 0 0 0 0 0.121431939237508 0.201217063432405 0 0.294264406354901 0.211780286785735 0.60733094727413 0.554912447178198 0.50870870649076 0.677797274939632 0.12819970123496 0.112727458150858 0.660677599786165 0.0996198777926224 0.118019491651146 0.0727224572594046 0.0930833098372275 0.890188080140383 0.540269399621275 0.364656752763591 0.292763396281937 0 0 0 0 0.175165148873234 0.313493343077696 0 0.428833669916345 0.372449818842047 0 0 0 0 0.261841497356071 0.30692372919504 0 0.380801640561793 0.317739757948899
