0
21
False False
#NONE#
0.342177012497915 3.61036010423609E-05 1.4236399398199E-06 0.186135026376535 0.0180299592187987 6.08472369269714E-06 0.016836880062143 0.0154207844861435 0.00293718510021629 0.0579910466499468 0.146690742096944 8.44610383080735E-05 0.000226415962541309 0.0463499448809935 0.0885006280571171 0.00589593983147779 0.00408557993916302 0.00344180630210546 0.0152597590374756 0.00618770892990418 0.0268235812047859 0.000105171654141333 0.00049086320435146 0.00262811534628447 0.0136577761580338 0.195891240045685 0.200846670343869 0.22395561913038 0.248029783278243 0.287834072846958 0.322665303347855 0.260123719767218 0.300216213301935 0.306192326060865 0.342883115736847 0.493036237412566 0.507230889047654 0.493521310774954 0.501456656760559 0 0 0 0 0.201122780673223 0.236429871956689 0 0.222452902927553 0.218535791689595 0.195891240045685 0.200846670343869 0.22395561913038 0.248029783278243 0.086711292173735 0.0862354313911663 0.260123719767218 0.0777633103743821 0.0876565343712698 0.0672225565787595 0.0666050085048739 0.820132005317585 0.513464825953078 0.320982809841368 0.262215190998086 0 0 0 0 0.29647532469769 0.360279341049797 0 0.303447219896424 0.32897897291552 0 0 0 0 0.28167419364016 0.303230636383836 0 0.292276740728053 0.29354978710878
(Node2.txt) (#NONE#) (listNode2EC.txt)
(Neighbor1Node2.txt) (Neighbor2Node2.txt)
(#NONE#)
(#NONE#) (Root.txt)
#NONE#
0.268669391761867 2.99586264743172E-05 1.0805941711886E-06 0.186186753545151 0.033618073795951 2.3816242675944E-06 0.0302450699682584 0.0124297724515357 0.00169649344378205 0.0734205510442057 0.163517081503578 0.000139504879220886 0.000181448869109622 0.0531795617340658 0.0870517665338141 0.00960152138757733 0.00531101408493739 0.00630151202773008 0.0144688936221976 0.00699837239632684 0.0309074030610695 0.00108179128430474 0.000294476512375837 0.00243445359589288 0.012231671652136 0.198600858789087 0.22674934644792 0.256260016840879 0.251363445417881 0.300143802914722 0.332766757468024 0.252396569997623 0.307167224400409 0.309104364893735 0.364927896497948 0.494699517982588 0.50782856662054 0.491203827848275 0.493967967205863 0 0 0 0 0.197827629887539 0.238418562824634 0 0.211513906726075 0.210409551341191 0.198600858789087 0.22674934644792 0.256260016840879 0.251363445417881 0.102316173027182 0.0943481946433901 0.252396569997623 0.095653317674333 0.098694813552545 0.0716353629048775 0.0735983135167057 0.85245497941769 0.527357393998226 0.338199497610706 0.272988197018102 0 0 0 0 0.315193588174844 0.370973645077113 0 0.314327641358262 0.336353367586799 0 0 0 0 0.291900580462821 0.318480112093689 0 0.298495319375859 0.296921933729473
