0
21
False False
#NONE#
0.117928776605323 0 0 0.141537393691934 0.00985256334180922 0 0.019024733593308 0.0130137088785399 0.00499971898765542 0.0531072510551702 0.267060014403494 3.79249246345133E-05 2.3522839296379E-06 0.0853597480141177 0.189653856439831 0.00213192460905221 0.00649065508614555 0.00196799807120618 0.0215553440661637 0.0051902198304549 0.042714502930677 0.000114125253033843 0.000500177866041847 0.00180559557015561 0.0159514144973233 0.369464799253035 0.400458475982986 0.355931735657226 0.445752712937027 0.588947359684615 0.379452370577861 0.432031626724764 0.533881746031746 0.458393215063803 0.610199784440525 0.49873594373233 0.441576857238978 0.492915273348517 0.560775635216422 0 0 0 0 0.571299553895632 0.314584023238925 0 0.505964213092644 0.398295082477436 0.369464799253035 0.400458475982986 0.355931735657226 0.445752712937027 0.0176478057889823 0.0648683473389356 0.432031626724764 0.0279175329391016 0.0600981325863679 0.0598627645502645 0.0796539290613364 0.8843528969887 0.538955026455026 0.342619178261154 0.284986772486773 0 0 0 0 0.648409492685963 0.432323892519971 0 0.539658807967631 0.566761536466439 0 0 0 0 0.561043775287893 0.363462573918456 0 0.512875957049486 0.429657765328353
(Node18.txt) (#NONE#) (listNode18EC.txt)
(Neighbor1Node18.txt) (Neighbor2Node18.txt)
(#NONE#)
(#NONE#) (Root.txt)
#NONE#
0.0776741561314234 2.56019821199207E-06 2.41748714138903E-05 0.140703338835245 0.0125611099527776 0 0.0218415180722866 0.025707232610604 0.0044335791087674 0.0595237693885885 0.260480730610302 0.000209144580563712 0.000685993334241872 0.091715891703753 0.170208485417593 0.00404411406152559 0.00970265870160388 0.0106529101980237 0.0225141772532678 0.00703895522770245 0.058938943490795 0.000710802432369816 0.000487909028370467 0.00276417512084584 0.0173736696697232 0.353281073663902 0.422728813471167 0.390729409946531 0.44715060395774 0.60291769422964 0.386088554940331 0.445149766347049 0.508501023820725 0.463390342397828 0.639228670870336 0.491197351870477 0.461970959480565 0.493828533384849 0.544010324175038 0 0 0 0 0.593201036462999 0.313560923891726 0 0.469381389116637 0.401794003222795 0.353281073663902 0.422728813471167 0.390729409946531 0.44715060395774 0.00971665776664106 0.0725276310486048 0.445149766347049 0.0391196347040881 0.0615963391750332 0.0648925549831029 0.0844342545348225 0.905404651413899 0.541840211519676 0.368976221980041 0.296180769607838 0 0 0 0 0.702957844885049 0.382668917844015 0 0.543150664756467 0.536094625087951 0 0 0 0 0.565357740268899 0.377581796245293 0 0.485782538319149 0.436816895004738
