0
21
False False
#NONE#
0.323118552788742 0.000365777716727473 9.06771483117714E-05 0.207617620640609 0.02414946722545 1.41976886162933E-05 0.014406710647862 0.0256876009776988 0.00260934471648956 0.0784493621929608 0.122278843609601 0.000102939474410102 0.00209674005783425 0.0419389233814588 0.0549714325007382 0.0248635920773804 0.0110179859907646 0.00327380731339855 0.00915909794551787 0.00528445204977722 0.0349441216251063 8.66720774538674E-05 0.00221778194784444 0.00107477717894876 0.0101795210262976 0.205448448140008 0.236567549971774 0.247388376642932 0.240875505064551 0.266678996422517 0.200021382427751 0.232614525589404 0.245411977910754 0.209918258024185 0.313862849418219 0.48735750557917 0.501214317131402 0.494577666529315 0.501175017840991 0 0 0 0 0.162742076037874 0.0824460006161982 0 0.132073098211053 0.0989142177824251 0.205448448140008 0.236567549971774 0.247388376642932 0.240875505064551 0.103936920384643 0.117575381811553 0.232614525589404 0.113338879699701 0.11100404024176 0.066635782155049 0.0696453521407341 0.836179231696172 0.524134759437861 0.330515872036177 0.273841972737649 0 0 0 0 0.295549870154853 0.221319659549639 0 0.271931907954228 0.22148933848025 0 0 0 0 0.255657585864537 0.191259167005997 0 0.234837378957636 0.200444346656723
(Node6.txt) (#NONE#) (listNode6EC.txt)
(Neighbor1Node6.txt) (Neighbor2Node6.txt)
(#NONE#)
(#NONE#) (Root.txt)
#NONE#
0.283314734190685 0.000457232955683679 0.000245757325031176 0.204180191634022 0.0264062764235202 1.75039996639232E-06 0.0217069367880092 0.0208175218532833 0.00182666246374269 0.0981139314321759 0.124806662217027 0.000282104831738111 0.00172324928520091 0.0522684115883541 0.0623256887598387 0.0218348912372447 0.00969627294986325 0.00612269143851642 0.00978838712429457 0.00703072341124327 0.0336263952748804 0.000565125968013496 0.00157552544760592 0.00132438593217776 0.00995848906788144 0.212660366173167 0.229749844313452 0.232448105039209 0.250309895788295 0.284408307254333 0.209309480287383 0.244559542007597 0.270635345094881 0.20600964412392 0.328821855704477 0.49463231598193 0.478603388455718 0.492334100253706 0.507823513614622 0 0 0 0 0.181152757469772 0.086241974064499 0 0.159504216144355 0.0820133046080077 0.212660366173167 0.229749844313452 0.232448105039209 0.250309895788295 0.103255549784561 0.123067506222884 0.244559542007597 0.111131128950526 0.123996339515912 0.0765817296109444 0.0742197355762093 0.857927260483807 0.535288466145029 0.343491755823041 0.281609739761878 0 0 0 0 0.306945473635613 0.218278870757738 0 0.287105626950714 0.202858513482015 0 0 0 0 0.274650309424234 0.205846312807244 0 0.261751561398529 0.202914264059419
