0
10
False False
#NONE#
0.145319475877117 0 0 0.226299437153482 0.00946017771325114 0 0.0236613139109961 0.0129796205609436 0.00572608007517011 0.0781697964868213 0.195051651520311 2.05786722640655E-06 0.00241332925413105 0.0544591182613962 0.117002240218724 0.00644378438482683 0.00512720762377468 0.00353214325833722 0.0244510542421967 0.00649204216537681 0.0538045109499037 0.000178300818660427 5.4910358839195E-06 0.000853794329437917 0.0285673722920323 0.426026920748097 0.392084229125994 0.345573537051184 0.496683112497524 0.33034902286167 0.195796599326599 0.446388335738336 0.206283197238491 0.270430254930255 0.445591059626245 0.491214640750703 0.44362726805112 0.492145059835197 0.533367082304418 0 0 0 0 0.220689320091673 0.0681792603910251 0 0.0645393531958238 0.149272218826925 0.426026920748097 0.392084229125994 0.345573537051184 0.496683112497524 0.109659702769997 0.127617338935574 0.446388335738336 0.141743844042668 0.12115803610333 0.0704822781385282 0.0826534458340014 0.908413072078813 0.545906836219336 0.375671856127412 0.302917343073593 0 0 0 0 0.358329303681068 0.179805290722349 0 0.156889789350083 0.314468404776052 0 0 0 0 0.319611497184732 0.197841957389016 0 0.208132197040432 0.257837365532071
(Node23.txt) (#NONE#) (listNode23EC.txt)
(Neighbor1Node23.txt) (Neighbor2Node23.txt)
(#NONE#)
(#NONE#) (Root.txt)
#NONE#
0.157749371295408 0.000256248121417593 0.000401700462931522 0.222875240717719 0.0201391836588293 2.59911045014528E-05 0.0294610670269228 0.0218294710936246 0.00398942675348266 0.088311527425813 0.175905200298275 0.000162467339599953 0.00122010535217697 0.0662062150924662 0.103400672731814 0.0110068559012994 0.00765888243499734 0.00644384506128902 0.0166304079870376 0.00625286711703591 0.0399683165067035 0.000846436898015641 0.000708367196892178 0.00153292874839542 0.0170172036733519 0.393407652642746 0.354017659429342 0.314444370346473 0.440635936083105 0.315819846128883 0.196839142303372 0.428090598162376 0.216784010846718 0.272515975920502 0.414058653338832 0.489228633645588 0.448264757261491 0.494811082437057 0.523703043055346 0 0 0 0 0.185260437710637 0.0692404404486508 0 0.0786169932246405 0.14899068159009 0.393407652642746 0.354017659429342 0.314444370346473 0.440635936083105 0.130559408418247 0.127598701854722 0.428090598162376 0.138167017622078 0.123525294330412 0.0751330328743204 0.0871343236023087 0.911096154463818 0.547361543162679 0.373721059044731 0.299968832694058 0 0 0 0 0.371506947362324 0.159651159612997 0 0.161949799126468 0.30851025431054 0 0 0 0 0.301788092033812 0.202788778481858 0 0.22224683563367 0.261015524713855
