0
10
False False
#NONE#
0.253543390904373 0 0 0.168359093430492 0.0345996045208897 0 0.0259148002248877 0.00560815669836732 0.000981802442270921 0.105219037634321 0.124847794607975 0 0.000821374133494646 0.0757617202129623 0.0714406983231562 0.0103792171261159 0.00763387469474419 0.0103040879527946 0.0113432229453508 0.00635247443898533 0.0688112990735306 0.00179608063541818 0.000595731272995143 0.00346949408637287 0.0122170446405009 0.168544775746556 0.227850334332564 0.252414383343981 0.214033227267515 0.26286866553639 0.348922342866971 0.225021013153799 0.484089292266614 0.340146817042606 0.375174734934043 0.513759156033346 0.529639437341924 0.479590894632125 0.470502400051429 0 0 0 0 0.160176905171425 0.274369304716039 0 0.444086707127295 0.265375814044916 0.168544775746556 0.227850334332564 0.252414383343981 0.214033227267515 0.102691760364965 0.0745530381509329 0.225021013153799 0.0400025851393188 0.0747710029976903 0.0801172201336675 0.0690891567911548 0.851193913023299 0.536598135964913 0.329447797219386 0.249431652046783 0 0 0 0 0.244947856651433 0.453091039117401 0 0.55947969605386 0.384387214359428 0 0 0 0 0.260711116516782 0.328635585614363 0 0.455608972103461 0.321685185430897
(Node15.txt) (#NONE#) (listNode15EC.txt)
(Neighbor1Node15.txt) (Neighbor2Node15.txt)
(#NONE#)
(#NONE#) (Root.txt)
#NONE#
0.185614914786262 0.000686989889629934 0.000223262191108738 0.228975040432805 0.0264634475165906 1.12806721475692E-06 0.0264365957028119 0.0290465296092053 0.00287036160714821 0.0778867146110328 0.163103168412503 0.000300609918338516 0.00204313387507548 0.0691225001049487 0.0835623375125894 0.007696252937525 0.00861247823316971 0.0071311073333915 0.0138741374801158 0.00736588202520926 0.0425027141466168 0.000549278545455107 0.000699941076138799 0.0024040782193591 0.0128273957657546 0.169139974752614 0.229419224469612 0.263056888087972 0.225277234350293 0.289244684931541 0.3702616099749 0.246379870455408 0.525350644438172 0.378386209082848 0.419343373512155 0.519007943884335 0.517057682941501 0.477315155671506 0.473431085947138 0 0 0 0 0.181501806795981 0.285132498956297 0 0.481858025048286 0.295381376138052 0.169139974752614 0.229419224469612 0.263056888087972 0.225277234350293 0.107742878135561 0.0851291110186033 0.246379870455408 0.0434926193898861 0.0830048329447961 0.0818154102701799 0.0797149531593598 0.893911344873056 0.544673384559699 0.363092591071549 0.291535633868484 0 0 0 0 0.254029051202007 0.424253112253861 0 0.662869850248892 0.40016554358989 0 0 0 0 0.289742306628492 0.353939292278775 0 0.484325676502236 0.363563912265799
