0
21
False False
#NONE#
0.183083428524035 0.000115333985483618 0 0.230111619022338 0.00993369052646265 0 0.0216103636840703 0.024769921121376 0.00291157030225997 0.0990105896970132 0.171990242129292 0.000105744663382629 0.00311007410186576 0.0501477873440981 0.0840977054946289 0.0237703310777888 0.013070063356098 0.00209102769674742 0.0112521367710635 0.00497763959351589 0.0435429102170722 7.91264778676307E-05 0.0036485298017811 0.000383816792962078 0.0161863476187968 0.322295235131089 0.353465675158953 0.292267672995124 0.363096069538927 0.289428352081573 0.204038603589584 0.347576188994116 0.302002472099951 0.229907849065552 0.410426985060142 0.493251913649648 0.457333117169837 0.495098956358207 0.529552252469018 0 0 0 0 0.17598545492271 0.0791153424332696 0 0.186657989121575 0.117460195930224 0.322295235131089 0.353465675158953 0.292267672995124 0.363096069538927 0.113442897158864 0.124923261156314 0.347576188994116 0.115344482978377 0.112447653135328 0.0801988851095994 0.0830879268030944 0.904553759226599 0.543853930461073 0.365709064695837 0.300236205593349 0 0 0 0 0.276608987298623 0.196550402383175 0 0.306227338342744 0.24679637336416 0 0 0 0 0.284430520356291 0.205756179508841 0 0.28942268907563 0.222119287715086
(Node12.txt) (#NONE#) (listNode12EC.txt)
(Neighbor1Node12.txt) (Neighbor2Node12.txt)
(#NONE#)
(#NONE#) (Root.txt)
#NONE#
0.156545185080049 0.000147406987223212 0.000371551491991548 0.241540078163741 0.0210734591584559 1.33003519836859E-05 0.0316795788596347 0.0271125970599655 0.00398434760813612 0.0938511637233137 0.175788130779912 0.00025055193484249 0.0024209429381387 0.0662903193934527 0.0804125081430367 0.0152278063097607 0.0086253328564923 0.00586380388463372 0.0117338987895168 0.00839104599306061 0.0337686449560545 0.00066902563016233 0.00137519574979396 0.00152574708589255 0.0113383770707552 0.304320246944125 0.318097068424267 0.272676087417595 0.365524403030093 0.291431930457234 0.21647733016751 0.359700954258306 0.302638790977619 0.246019855014159 0.406541936447993 0.499037189370986 0.454157109747699 0.48979364852042 0.522150532324624 0 0 0 0 0.170187698405885 0.0791021000663076 0 0.186746680651205 0.122670597981135 0.304320246944125 0.318097068424267 0.272676087417595 0.365524403030093 0.121244232051349 0.137375230101203 0.359700954258306 0.115892110326414 0.123349257033023 0.0776092857949192 0.0851268224697147 0.90896411101538 0.546604417139719 0.371703734383388 0.2962366998353 0 0 0 0 0.270527716995756 0.19436338048428 0 0.292031593591637 0.250071535512748 0 0 0 0 0.29044387381939 0.218492509267614 0 0.297111398426423 0.241482097392811
