0
13
False False
#NONE#
0.0988847418696094 0 0 0.148583255250886 0.00140205726714357 0 0.00440756489929923 0.0140986418956747 0.00223822642525682 0.0483605258415421 0.142947871591277 0 0.00207838309810769 0.0465745868274753 0.207166276613827 0.00163448598659084 0.00479951162347698 0.00172810854991671 0.0761155164501352 0.00068815811515018 0.0382799681370495 1.96450357123184E-05 0.000218420245512455 0.000370085535124852 0.159403968741232 0.629250450923301 0.616044090298842 0.463548731116378 0.704792677399691 0.578787863054492 0.293348590185581 0.701892770448087 0.499801666629834 0.233184395309735 0.606192434807463 0.494403060954278 0.414742541218873 0.490600402655873 0.587277053994317 0 0 0 0 0.516032409755486 0.155236216406352 0 0.438725745077781 0.0746743708528776 0.629250450923301 0.616044090298842 0.463548731116378 0.704792677399691 0.0627554532990053 0.138112373779229 0.701892770448087 0.0610759215520527 0.158510024456857 0.069510557551423 0.0863615126036778 0.818465117543109 0.511622478749883 0.305474654223586 0.272270577979713 0 0 0 0 0.632634694114332 0.363340594423174 0 0.547726780166373 0.257124859713774 0 0 0 0 0.551881373561916 0.275584103181049 0 0.483006478811117 0.229138205091373
(Node14.txt) (#NONE#) (listNode14EC.txt)
(Neighbor1Node14.txt) (Neighbor2Node14.txt)
(#NONE#)
(#NONE#) (Root.txt)
#NONE#
0.105930364282742 3.89407687223053E-05 0.000189195078898996 0.151552339514229 0.00666961180759853 5.72654510204017E-07 0.0128447531635361 0.0179861270742538 0.00500027682980808 0.0534190414418486 0.166108155583098 0.000291502767214458 0.000928642284491503 0.0563699627106659 0.212682858470035 0.0061328164520707 0.00531485904974191 0.00883208498233781 0.054966589309979 0.00393531608678722 0.0541653399928953 0.00094759015684687 0.000492770217174866 0.00232729104008988 0.0728729982804237 0.623295864623607 0.5909113454889 0.442444641164307 0.688025969452603 0.556115352650288 0.273042507947051 0.676430081728771 0.4928333069003 0.21778273864882 0.584517432895424 0.482425932287309 0.412975965746739 0.507319985052045 0.585228915458416 0 0 0 0 0.514687629575241 0.142481963055294 0 0.432612214804375 0.0927732499202041 0.623295864623607 0.5909113454889 0.442444641164307 0.688025969452603 0.0414277230750462 0.130560544891758 0.676430081728771 0.060221092095925 0.125009488728616 0.0712703068202948 0.0857610885218995 0.876750637447556 0.532944393603939 0.346944518372566 0.286169487943202 0 0 0 0 0.597450058341635 0.293577446843999 0 0.540632423186995 0.192115860601826 0 0 0 0 0.533943007775904 0.264395838159642 0 0.472856079245649 0.22017495436948
