0
21
False False
#NONE#
0.172766001766141 0 0 0.163506756411944 0.017558679789235 0 0.0285041106126799 0.029131018638995 0.00405079644725831 0.0665585950472641 0.194420989059916 3.69484555110057E-05 0.00163141708812526 0.088624994266912 0.118534838375012 0.00606172572187814 0.0211504519295458 0.00518509293010772 0.0192960023189857 0.00172247660230299 0.0466684667922324 9.49809720735505E-05 0.00133065454581557 0.000493835555495504 0.0126711666725696 0.214597414925566 0.278561446800943 0.354014124235553 0.266526815574715 0.280943429493009 0.56211008322521 0.269203709362533 0.269724627224627 0.505145115419906 0.515864513107899 0.487326422929591 0.556220566461866 0.495810909758127 0.450573933169841 0 0 0 0 0.198657926200783 0.522496140678494 0 0.173838477613268 0.453309824940077 0.214597414925566 0.278561446800943 0.354014124235553 0.266526815574715 0.0822855032922259 0.0396139425467156 0.269203709362533 0.0958861496113597 0.0518352904798283 0.0615639816532674 0.0768558500092891 0.866306875761902 0.528071853741497 0.33776199256358 0.280748170480313 0 0 0 0 0.279358465204264 0.673762500757879 0 0.230267291765191 0.613872827514844 0 0 0 0 0.275149654205116 0.526278253725733 0 0.270242551768182 0.473963741051976
(Node16.txt) (#NONE#) (listNode16EC.txt)
(Neighbor1Node16.txt) (Neighbor2Node16.txt)
(#NONE#)
(#NONE#) (Root.txt)
#NONE#
0.158706846462944 0.000148350815960823 0.000166109717490767 0.189558121532947 0.0270162282735414 6.38074546249238E-06 0.0298764036419494 0.0266655939837566 0.00508309924304234 0.0770794174700439 0.183008132787942 0.000352190076255696 0.00201098064369913 0.0761613412637357 0.104883088330343 0.00793104852363747 0.0102461362104383 0.00861335617898233 0.018570203695562 0.00896342197973333 0.0453815208456781 0.000553301951253559 0.00143427853044773 0.00238794269603468 0.0151965043991175 0.214875420280222 0.276927470073228 0.352274403989214 0.272733968702954 0.289860054592173 0.542058003767206 0.280214496176328 0.278405355367435 0.503712216740665 0.480783707765314 0.490535781720227 0.5424819395872 0.494583951188344 0.457865706533522 0 0 0 0 0.179131605548195 0.501654737056295 0 0.167892005859124 0.450008312430379 0.214875420280222 0.276927470073228 0.352274403989214 0.272733968702954 0.110728449043978 0.0404032667109107 0.280214496176328 0.110513349508311 0.0537039043102851 0.0714130961185339 0.0805004673834678 0.892186634129657 0.541240706147223 0.361756302749579 0.291913982737342 0 0 0 0 0.268534519682628 0.64859303923519 0 0.240733395189949 0.606890810323255 0 0 0 0 0.288255556797978 0.504194873175151 0 0.278291122011139 0.471863442121213
