0
11
False False
#NONE#
0.662750950224433 3.21961647928499E-06 4.3903861081159E-06 0.0561121299183194 0.0571349412671484 0 0.0143185330577586 0.00140038197231998 8.54427561418389E-05 0.0960508088458497 0.0366862409379959 3.96149470534521E-05 0.000605512601965334 0.0134338851560647 0.0209218493590037 0.00776974162688338 0.00519621020077872 0.0015288275322636 0.00541387719052161 0.00468251045850008 0.0107534104930515 0.000291779150414115 7.80196075421592E-05 0.00061312738122176 0.00412459531218212 0.034540877700236 0.0535348853167035 0.0770494862040316 0.0405153411452877 0.109752851802584 0.171597159604112 0.0598764041266715 0.171654548956688 0.170644334552356 0.106701685955895 0.516556378504431 0.54717037181568 0.48822352523687 0.481109039710657 0 0 0 0 0.0163695951107716 0.0761976121917299 0 0.0969706108706109 0.0767852474323063 0.034540877700236 0.0535348853167035 0.0770494862040316 0.0405153411452877 0.0933832566918127 0.0953995474123816 0.0598764041266715 0.0746839380860771 0.0938590871200497 0.0324815020837748 0.0302428534179376 0.600927234942387 0.402794932340387 0.204615340452041 0.176141629834812 0 0 0 0 0.113887852096408 0.207103456535542 0 0.197466065544675 0.222783544104935 0 0 0 0 0.102890487132198 0.153675209144193 0 0.161058783284452 0.154431610615568
(Node20.txt) (#NONE#) (listNode20EC.txt)
(Neighbor1Node20.txt) (Neighbor2Node20.txt)
(#NONE#)
(#NONE#) (Root.txt)
#NONE#
0.607742377306114 4.2194781498527E-05 0.000184465673622806 0.118692912271861 0.0249238305245534 0 0.0100416456906167 0.00646222282125384 0.00053717570090426 0.0824211945677285 0.0456153082843032 3.46337750236777E-05 0.00109006655216772 0.0282637132242094 0.0250959622868577 0.00752342101444925 0.00425179225084734 0.00371009655260015 0.00549625455509949 0.00447024526591426 0.0166433622833258 0.000492716220173825 9.95494368372913E-05 0.00123423982936151 0.00493061913067642 0.0457095863676731 0.0631507495945845 0.0969974509411879 0.0599387823535482 0.121823328935525 0.183157550372458 0.0692257341760342 0.176343845742625 0.175581165304535 0.146455978860385 0.500984863515243 0.534761259777048 0.491727905732362 0.481239957079803 0 0 0 0 0.0298342243820546 0.0856133922091349 0 0.0987499153849433 0.0829048248412718 0.0457095863676731 0.0631507495945845 0.0969974509411879 0.0599387823535482 0.0919891045534704 0.0975441581633229 0.0692257341760342 0.0775939303576813 0.0926763404632632 0.0490762783445647 0.0408435663247411 0.65942245680434 0.438461284975415 0.234277194407814 0.197504497691851 0 0 0 0 0.122211153360513 0.220392869468731 0 0.21792477847546 0.19270545642174 0 0 0 0 0.118592656213138 0.169746984587006 0 0.163888207473425 0.166033102455863
