0
21
False False
#NONE#
0.100305922337784 0 0 0.144885038217708 0.0131488208756006 0 0.0190520464917146 0.0111072197651911 0.00525179018545872 0.0569381651981347 0.23130605409158 5.0511729694199E-06 1.06928598962686E-06 0.0837652807352858 0.22870806114549 0.00179095861119642 0.00455166032268615 0.00207957857634326 0.0253937366523581 0.00465756220357149 0.0315578068904119 0.000103496355977787 0.000448366955816361 0.00148603463114247 0.0334562792975907 0.393756792921779 0.469925783232226 0.360877126001916 0.485369104992424 0.633372680123591 0.337776598339413 0.480692390533007 0.575034847495071 0.338836422647277 0.612865170095108 0.496806671229159 0.418463424792154 0.492688074370843 0.580928072247883 0 0 0 0 0.624653758708871 0.256069687755962 0 0.555663870500285 0.234080153814958 0.393756792921779 0.469925783232226 0.360877126001916 0.485369104992424 0.00871892141471976 0.0817069105834512 0.480692390533007 0.0193709769947865 0.104756268832319 0.0593222295231224 0.0752253831396248 0.88681339012578 0.540708217047503 0.327529624092675 0.265735954686848 0 0 0 0 0.714183048181718 0.38008725390182 0 0.583317368576542 0.396983504199401 0 0 0 0 0.602251501237636 0.3270484177043 0 0.554743463223155 0.321756332229862
(Node8.txt) (#NONE#) (listNode8EC.txt)
(Neighbor1Node8.txt) (Neighbor2Node8.txt)
(#NONE#)
(#NONE#) (Root.txt)
#NONE#
0.0858622802021334 4.22803485302908E-05 4.81535032480512E-05 0.143863421554597 0.012039882859777 0 0.0225453125192235 0.017320895318948 0.00583866196468836 0.0601000808230321 0.227375046890241 0.000239379212637454 0.00106703430820759 0.0724955411447296 0.193422580743204 0.00676890204831007 0.0104427197699311 0.0114832102690307 0.0311655442231602 0.00846675418260446 0.0521873745457509 0.000698789094548422 0.00055239460415089 0.00298424068611395 0.032989519183203 0.389013367270325 0.466643514825623 0.398242690766048 0.488594718678763 0.638922228943894 0.35679615527528 0.483037001563107 0.566039262752585 0.363699497478505 0.618027234875421 0.491945640593965 0.438084686559396 0.494615629509938 0.565734050066318 0 0 0 0 0.628695551541263 0.262235845438477 0 0.537424104897696 0.262315678447904 0.389013367270325 0.466643514825623 0.398242690766048 0.488594718678763 0.0102266774026301 0.0945603098368027 0.483037001563107 0.0286151578548884 0.101383819030602 0.0628939692178326 0.0819660842530752 0.897114280191262 0.539707108584703 0.354987737967901 0.290097798926062 0 0 0 0 0.741679138347516 0.37554448713763 0 0.613365636118435 0.404595270016878 0 0 0 0 0.600512589802798 0.345478418880749 0 0.54004013956135 0.349050140947754
