0
21
False False
#NONE#
0.100689557393991 1.46972369194592E-06 0 0.14646471682998 0.00365062146257859 0 0.00528359445863843 0.0110076177756893 0.00138703846313664 0.0413876127146299 0.137204196690893 0 5.34775086967795E-07 0.0389459360590242 0.214805970024347 0.000955381745094753 0.00162676583654946 0.0033129412076217 0.0811961915143691 0.000849303296126456 0.0415193898194925 0.000285281523831327 8.06624928233913E-06 0.000406395593934057 0.169011416842011 0.632380584841704 0.621093753095857 0.505771110174252 0.710178714129587 0.424518261221791 0.300184711092688 0.706263216354049 0.45618544247673 0.268549816285214 0.613658352135064 0.498879197398925 0.426668452828237 0.487168007015578 0.569346797983838 0 0 0 0 0.326936323413257 0.171667628508082 0 0.389957346882382 0.134086615174979 0.632380584841704 0.621093753095857 0.505771110174252 0.710178714129587 0.0975819378085344 0.128517082584607 0.706263216354049 0.0662280955943478 0.134463201110235 0.0744289502417129 0.0853221705317618 0.804906792117885 0.505198305866636 0.300263731590174 0.265868574945518 0 0 0 0 0.441777864603251 0.359476234310413 0 0.486319151344009 0.274599733529318 0 0 0 0 0.412330259277592 0.28618398318259 0 0.443116505899738 0.262384808812688
(Node7.txt) (#NONE#) (listNode7EC.txt)
(Neighbor1Node7.txt) (Neighbor2Node7.txt)
(#NONE#)
(#NONE#) (Root.txt)
#NONE#
0.101295985587323 2.64805907815432E-05 0.000117467892760458 0.157570524562253 0.00765663808691136 4.3915722566463E-07 0.0124034030424418 0.0157521577727172 0.00319131942707437 0.0547531910864507 0.160877832295824 0.000217191147742467 0.00010634351372574 0.0547074157725308 0.209705400935231 0.0097239938660011 0.0048877057700033 0.00837937208209971 0.0584498114849697 0.00361261811787233 0.0521517705734231 0.000880187022905699 0.000228465821949129 0.00157569748693849 0.0817285869028449 0.615556651562297 0.57705160754487 0.464193057158508 0.689967967246041 0.418301382039816 0.288517981867335 0.686532800876419 0.459736589223149 0.264119515364423 0.575607565540222 0.491918895733052 0.419732086902025 0.495539643952602 0.574167346324355 0 0 0 0 0.335008521699013 0.161820391249179 0 0.38365372583546 0.133197088508593 0.615556651562297 0.57705160754487 0.464193057158508 0.689967967246041 0.0832928603408032 0.126697590618156 0.686532800876419 0.0760828633876896 0.130922426855829 0.0730063168167564 0.0887204509748587 0.87186610175904 0.532696452247512 0.344492057237651 0.284406222591024 0 0 0 0 0.409976621461738 0.318568983263764 0 0.500332484857001 0.271100587083037 0 0 0 0 0.412773710102233 0.278197586063857 0 0.442529529070576 0.260172884265217
