0
21
False False
#NONE#
0.260967338439407 0 0 0.157653104055634 0.00860274441778074 0 0.0136161684203325 0.0305044173078745 0.000717506014718153 0.0572748993357082 0.134313289678746 5.91796371481061E-05 0.000529186603081217 0.0642028102225564 0.109687590288016 0.0102282108066043 0.0107389181856503 0.0119645631228453 0.0214780343084519 0.00936082974340301 0.0502052912906543 0.000766335923442609 0.00037271853760392 0.00449278745929968 0.0422640762010421 0.155617552802007 0.196538156288156 0.244514383709972 0.205907250437082 0.40869633450894 0.532853225423814 0.209999044303036 0.411871507499659 0.481860106140358 0.453979575588041 0.49092020184391 0.535961149538568 0.491596111557341 0.464246437852727 0 0 0 0 0.345056176021302 0.481503891245698 0 0.35195789781336 0.425093046690316 0.155617552802007 0.196538156288156 0.244514383709972 0.205907250437082 0.0636401584876375 0.0513493341781157 0.209999044303036 0.0599136096862987 0.0567670594500427 0.0761468442272014 0.072086858100747 0.804150467453377 0.510384518755055 0.316552656191545 0.261551692355264 0 0 0 0 0.422209595664218 0.637085601591064 0 0.398474600749391 0.555450517744005 0 0 0 0 0.39456575455357 0.501489029908778 0 0.397705236702295 0.461993816539825
(Node5.txt) (#NONE#) (listNode5EC.txt)
(Neighbor1Node5.txt) (Neighbor2Node5.txt)
(#NONE#)
(#NONE#) (Root.txt)
#NONE#
0.224414116270268 0.000610402510632036 0.000134392660849629 0.155356954264414 0.0280112148079124 3.27959390756399E-07 0.024602697700465 0.0124626633152762 0.00251957475110718 0.0737436525905206 0.162755311325347 0.000161165493108213 0.00170393934474233 0.0542506142595239 0.107151127639878 0.0110839770929156 0.012588190068417 0.00979955332086913 0.0210470131083006 0.0109852727312452 0.0532889543292371 0.000967080910656312 0.00084618989912028 0.00316442108088715 0.0283511925649151 0.168442516675297 0.21858839012005 0.257005981338946 0.216415404514296 0.401295382222027 0.523098856890525 0.222212312677795 0.420581413082785 0.500593397602326 0.450359588126249 0.494814181952359 0.521018390638052 0.490040758040348 0.47277090432788 0 0 0 0 0.328419152063393 0.476303754207984 0 0.348298639967896 0.44253313321818 0.168442516675297 0.21858839012005 0.257005981338946 0.216415404514296 0.0728762301586343 0.0467951026825411 0.222212312677795 0.0722827731148896 0.0580602643841462 0.0774032893399602 0.0740926829446907 0.844822918178166 0.531949448787846 0.337247957841427 0.286167937260028 0 0 0 0 0.409866449881867 0.59620259334673 0 0.452219516998315 0.577008640161102 0 0 0 0 0.389813960322398 0.4952133995204 0 0.404855946637629 0.473645358698561
