0
21
False False
#NONE#
0.0522686121796164 0 0 0.051905911209301 0.00638816836936756 0 0.00869817118416367 0.000708304167784067 0.000598970249483067 0.019986631497562 0.165686834912634 1.12652678277828E-05 2.00535708442435E-06 0.0173280372450121 0.258123397305678 0.00472025161341378 0.0034041823488313 0.00419546166546947 0.0925473864895307 0.00521556072480992 0.0503057725186602 0.00132140618919417 2.59327868905293E-05 0.00238389574946447 0.254173840968222 0.578611661154877 0.642602948976428 0.633498161235848 0.687884289580415 0.571353248391603 0.670821301015307 0.675451350584029 0.647320923253895 0.713547757457318 0.787388504801718 0.493433087626202 0.480360392055423 0.494461109395154 0.525407600933659 0 0 0 0 0.557576697021531 0.656343339410747 0 0.623118482304628 0.700585665670248 0.578611661154877 0.642602948976428 0.633498161235848 0.687884289580415 0.0137765513700723 0.0144779616045601 0.675451350584029 0.0242024409492673 0.0129620917870694 0.0557569401036512 0.0727649986649916 0.702911867163814 0.448670615230596 0.235786335482465 0.214977122092516 0 0 0 0 0.554039554885653 0.752313820054793 0 0.669029959671102 0.730482399581628 0 0 0 0 0.565459441971833 0.633379392855049 0 0.626674305506004 0.686592227306471
(Node3.txt) (#NONE#) (listNode3EC.txt)
(Neighbor1Node3.txt) (Neighbor2Node3.txt)
(#NONE#)
(#NONE#) (Root.txt)
#NONE#
0.0475743716518929 3.38226156731872E-05 0.000208638047168417 0.0665646506081097 0.00591399230724993 0 0.0109574608813377 0.00670290774974098 0.00795296892515444 0.0325144214388439 0.161870583568919 0.000319215426213026 0.000197016966295762 0.0414826565425571 0.28183620502837 0.00477467111190717 0.00692658750183119 0.0117419591464252 0.079835366697085 0.00568311929242766 0.0775990745704342 0.00188273156826633 0.000115093140253429 0.00393942026044634 0.143373064953397 0.563019148030884 0.623781449078901 0.610324657748759 0.635925339138161 0.580217219576874 0.649077536211932 0.638646905728189 0.621231867686382 0.657807837149691 0.766267267785033 0.492250233155448 0.481767492606023 0.497240038868611 0.523327360288009 0 0 0 0 0.548330110745945 0.632927247987766 0 0.596951477742028 0.641219681346734 0.563019148030884 0.623781449078901 0.610324657748759 0.635925339138161 0.0318871088309287 0.0161502882241658 0.638646905728189 0.024280389944354 0.0165881558029575 0.0486869300278043 0.0758166636290422 0.792275912781106 0.486228434432345 0.293751775754294 0.241813881199046 0 0 0 0 0.600474483890835 0.734183270142793 0 0.646491966967078 0.716626881153458 0 0 0 0 0.563568495073814 0.61452242530059 0 0.599440121848135 0.628863756847184
