0
10
False False
#NONE#
0.109417048695303 0 0 0.177670074387042 0.00531678775759272 0 0.0142870949867831 0.011480271603978 0.0107537548543089 0.0471991478355864 0.203594763758507 0 0 0.0548363744728943 0.230414092510653 7.28655572587773E-05 0.0013340036214294 0.00653908216127212 0.0317578909655586 0.000767002961005734 0.0496316089403289 0.000385552966923404 0 7.95986105888947E-05 0.0444629833529864 0.408669385549091 0.514128201896143 0.341411717302306 0.517825466135172 0.686998499964088 0.302481055806938 0.523550183150183 0.679016365007541 0.182476703655821 0.573200435264324 0.487662445340229 0.402035304143922 0.504190299632638 0.594591775418783 0 0 0 0 0.686998499964088 0.179773244272068 0 0.659594341018459 0.0285000527903469 0.408669385549091 0.514128201896143 0.341411717302306 0.517825466135172 0 0.12270781153487 0.523550183150183 0.0194220239890828 0.153976650865474 0.0660468177655677 0.0749726439198662 0.883018126215348 0.540057234432234 0.336419304255415 0.258482142857143 0 0 0 0 0.75975266573296 0.389271065144006 0 0.768586788407671 0.155057466781584 0 0 0 0 0.658239445521799 0.28249650398621 0 0.644223438914027 0.183785360554478
(Node17.txt) (#NONE#) (listNode17EC.txt)
(Neighbor1Node17.txt) (Neighbor2Node17.txt)
(#NONE#)
(#NONE#) (Root.txt)
#NONE#
0.102396441904528 6.35371267982087E-05 4.07106212306609E-05 0.152462237259316 0.00873011930885052 0 0.0177919029686458 0.015522249855751 0.00909841040808178 0.0557897428424361 0.19583715743159 0.000137661317494521 0.00122368125559283 0.0599281223553106 0.208281525593034 0.00652464193060385 0.00587722346271947 0.00830412925511059 0.0396655695513862 0.00577847930563957 0.0529770619739986 0.000386350047989865 0.000224182324280153 0.00268197011704787 0.0502768917825643 0.402896194930095 0.510667595044417 0.385477184829689 0.50979553335215 0.680802672408787 0.327747662537386 0.497220520977165 0.68101105546675 0.228165755883962 0.590890713298759 0.491025122756508 0.42076877418628 0.497617896446966 0.578694763935471 0 0 0 0 0.669599831553719 0.204480602637874 0 0.674307626210318 0.0929561686931731 0.402896194930095 0.510667595044417 0.385477184829689 0.50979553335215 0.0112028408550677 0.123267059899512 0.497220520977165 0.00670342925643222 0.135209587190788 0.0647696511588318 0.0792790921574535 0.887255192295054 0.536428169315512 0.34306762514324 0.277036566666293 0 0 0 0 0.779169616666722 0.385511620635639 0 0.792638595987232 0.188468144227388 0 0 0 0 0.643781708467015 0.31138007548035 0 0.640462780923513 0.234414357605467
