0
10
False False
#NONE#
0.26284686442408 0 0 0.208304370457402 0.0132709100451752 0 0.0160611342404523 0.0196156744030482 0.00746872094263113 0.0613037736528977 0.136653617491334 9.01951053783613E-05 0.000907561417505088 0.0509089114259899 0.0896649705492017 0.0049041252862526 0.0113517071150529 0.00142654379866872 0.0232615997476804 0.00132953265980211 0.0619027052883322 1.90824210875862E-05 0.000513719900585417 0.000968941552375686 0.027225338075067 0.145632170868347 0.178013520074697 0.353290518207283 0.16851545751634 0.259382623716153 0.660762777777778 0.16393231092437 0.209777805788982 0.406301073762839 0.395718547912992 0.474635531133867 0.608428771983782 0.49833023112777 0.418766025764149 0 0 0 0 0.125132418300654 0.643634729225023 0 0.0774452614379085 0.2926208356676 0.145632170868347 0.178013520074697 0.353290518207283 0.16851545751634 0.134250205415499 0.0171280485527544 0.16393231092437 0.132332544351074 0.113680238095238 0.0692708333333334 0.0717729423868313 0.853062713109935 0.524345238095238 0.340368768371546 0.274962797619048 0 0 0 0 0.285556928104575 0.8120897945845 0 0.206749407096172 0.493687931839402 0 0 0 0 0.249904813258637 0.614294285714286 0 0.205673571428572 0.380848851540616
(Node22.txt) (#NONE#) (listNode22EC.txt)
(Neighbor1Node22.txt) (Neighbor2Node22.txt)
(#NONE#)
(#NONE#) (Root.txt)
#NONE#
0.225204803839103 1.04115813586819E-05 4.35929661708728E-05 0.20651466869121 0.0268612812517764 0 0.0214747958180927 0.0251206638555372 0.00204818859588341 0.0830001327940746 0.137645383217601 0.0002709006039976 0.00176442632453529 0.0673824662280068 0.0867347356907337 0.00909607551627674 0.00835797012782768 0.00793625641411538 0.0182928036500441 0.00639810771413164 0.0439314910736007 0.000421356778197831 0.000421434422712803 0.00284862897408694 0.0182194238709258 0.164536224854673 0.219548932696644 0.31649304637818 0.203826798671109 0.267568624286014 0.627535068145858 0.199313852714236 0.214268593188002 0.415510680470862 0.39913189409827 0.479664083979411 0.57242780805488 0.502667480787058 0.445330319746323 0 0 0 0 0.153124854514456 0.604863535847801 0 0.0793221810834824 0.314516909069896 0.164536224854673 0.219548932696644 0.31649304637818 0.203826798671109 0.114443769771558 0.0226715322980574 0.199313852714236 0.13494641210452 0.100993771400966 0.0716291475882132 0.0748516073144536 0.878339927795748 0.53995772294721 0.353892098327991 0.290099650158137 0 0 0 0 0.255579093565417 0.818110176422223 0 0.18142724759317 0.493960940930241 0 0 0 0 0.265250461992662 0.571308659093533 0 0.2158892772572 0.392510141055953
