0
15
False True
#NONE#
0.199882557282989 4.98146417144744E-05 2.92692407207727E-07 0.146365876498784 0.014306751336621 1.96583380840984E-06 0.0140537447276723 0.0132416556145001 0.00272982881508402 0.0689611780456664 0.142468627523077 0.000135659005366852 0.00101673460508117 0.0554564023657271 0.133673267311165 0.0101376276811219 0.00982607492153397 0.00543950378322949 0.0393224015452824 0.00601288700788698 0.0510166146495274 0.000833818059161253 0.000945173409485763 0.00234170381688038 0.0817798388262277 0.34779769506512 0.381833645738984 0.36433063079107 0.404421617772924 0.408349331422838 0.390367940987271 0.401074117451594 0.441772456003266 0.382590924521351 0.505682782716851 0.495438105114231 0.485144908305734 0.492324787077527 0.514321930196811 0 0 0 0 0.339781919257797 0.314270235315974 0 0.375276550983811 0.300355644673981 0.34779769506512 0.381833645738984 0.36433063079107 0.404421617772924 0.0685674121650404 0.0760977056712973 0.401074117451594 0.0664959050194553 0.0822352798473699 0.0659288739382354 0.0730590272578041 0.814159609918603 0.509056593869054 0.308741982356846 0.255616077440187 0 0 0 0 0.427107598848352 0.448815094902458 0 0.46433377490919 0.410916879680721 0 0 0 0 0.396569051043738 0.370849087142714 0 0.4245770895539 0.367411606079175
(Root.txt) (#NONE#) (listRootEC.txt)
(#NONE#)
(#NONE#)
(#NONE#) (#NONE#)
#NONE#
0.176814720042525 0.000129227620786953 0.000192395637343686 0.163095857023401 0.0172605776151501 2.65201137588254E-06 0.0198090358506574 0.0188188615191048 0.00405281829186441 0.0691611625474159 0.160229611017838 0.000234499609293849 0.00139994451210003 0.0610505424931965 0.138864627013997 0.0083797413800395 0.00819458978443535 0.00811188745642398 0.032928143419308 0.00661775335808161 0.0519924173873602 0.00079842164252456 0.000616446283321026 0.00252418189677347 0.0487198845856813 0.339651290864305 0.376092212346751 0.361544163922079 0.397445231156153 0.419064011136253 0.383858276329596 0.396668000009709 0.434337452926167 0.382267883130092 0.502099104976482 0.493997098534424 0.481474154015094 0.493945828453629 0.514398962972038 0 0 0 0 0.347561827322128 0.301509927064431 0 0.364325420367641 0.298394096974938 0.339651290864305 0.376092212346751 0.361544163922079 0.397445231156153 0.0715021838141255 0.0823483492651651 0.396668000009709 0.070012032558526 0.0838737861551539 0.0684993089807682 0.0771828431244922 0.854800655822769 0.52482312041918 0.337955022903539 0.27646661765818 0 0 0 0 0.443139384016243 0.425591348773321 0 0.469015753062124 0.40901154602656 0 0 0 0 0.404662746183651 0.36660744099056 0 0.416420681790792 0.367934866359995
