56
0
True False
0.262822437422859 0 0 0.271129632771917 0 0 0.00130589529205823 0.029992897592481 0 0.143685119321237 0.0780321911729392 0 0.00171019900497513 0.0599384578685714 0.0109660361574361 0.0115612207736718 0.0423560950628216 3.08641975308643E-05 0.00141985247571079 0.0414981671276802 0.0382971258203154 0 0.000186067934109487 0.00126543209876543 0.00380230790491985 0.197833333333333 0.285509803921568 0.146039215686274 0.303725490196078 0.209137254901961 0.343745098039216 0.458196078431372 0.30978431372549 0.449343137254902 0.354351851851852 0.477868758705434 0.462777830681209 0.516431487479843 0.515754951678342 0 0 0 0 0.0734411764705882 0.0931176470588235 0 0.201235294117647 0.342205882352941 0.197833333333333 0.285509803921568 0.146039215686274 0.303725490196078 0.135696078431372 0.250627450980392 0.458196078431372 0.108549019607843 0.107137254901961 0.0625 0.104876543209876 0.911604938271605 0.5625 0.412993827160494 0.296875 0 0 0 0 0.129274509803922 0.893490196078432 0 0.395941176470588 0.699107843137255 0 0 0 0 0.227 0.265872549019608 0 0.29371568627451 0.396598039215686
#NONE#
(Leaf56.txt) (listLeaf56ED.txt) (#NONE#)
(Neighbor1Leaf56.txt) (Neighbor2Leaf56.txt) (Neighbor3Leaf56.txt) (Neighbor4Leaf56.txt)
(#NONE#)
(#NONE#) (Node34.txt)
0.166541097235294 0.00153086617252351 0 0.307472001277083 0.00858360744117785 0.000124424536518601 0.0230399932501226 0.0280602379063793 0.00161742638540888 0.0914059661486361 0.155890669633776 5.33570794367725E-05 0.00102646902566421 0.0727049229386066 0.0695459969395307 0.00391443625282867 0.00723639280373987 0.00467027853761233 0.00966333570732251 0.00678996723896102 0.031642178806048 0.000172017948266453 8.63468858755316E-05 0.00122738603476089 0.00700062381442695 0.203011204481793 0.255021708683473 0.26834593837535 0.277794817927171 0.201587535014006 0.36474299719888 0.345015406162465 0.310628851540616 0.470364845938375 0.373575837742504 0.524203718008526 0.496074270803396 0.467126969475442 0.50068311322744 0 0 0 0 0.0909313725490196 0.0430266106442577 0 0.225197478991597 0.378186974789916 0.203011204481793 0.255021708683473 0.26834593837535 0.277794817927171 0.110656162464986 0.321716386554622 0.345015406162465 0.0854313725490196 0.0921778711484594 0.0669642857142857 0.0867592592592593 0.93174823633157 0.558035714285714 0.388291446208113 0.309151785714286 0 0 0 0 0.123303921568627 0.853705182072829 0 0.259801820728291 0.711063025210084 0 0 0 0 0.211033613445378 0.279498599439776 0 0.310960784313726 0.414320728291317
#NONE#
