36
0
True False
0.170418343221196 0 0 0.0855941714914646 0.11102730188999 0 0.0505766728057837 0.00546337093205537 0.000134589502018843 0.137668146336497 0.119850950899771 0 0.0021307753197517 0.0344035326928323 0.102430710249909 0.000115839749073282 0.0191918631926415 0.012885062809315 0.0303002457106952 0.00672391979700712 0.0860323308851152 0.00156985871271586 0 0.00359046149340025 0.0198918523087679 0.184750700280112 0.157764705882353 0.208137254901961 0.14359943977591 0.623546218487395 0.527294117647059 0.130921568627451 0.694226890756302 0.676445378151261 0.419338624338624 0.494388686719386 0.500313766172907 0.494928267870255 0.48799941435026 0 0 0 0 0.623546218487395 0.527294117647059 0 0.694226890756302 0.676445378151261 0.184750700280112 0.157764705882353 0.208137254901961 0.14359943977591 0 0 0.130921568627451 0 0 0.0982142857142857 0.0564902998236331 0.935008818342152 0.558035714285714 0.397971781305115 0.334821428571429 0 0 0 0 0.757081232492997 0.494005602240896 0 0.749593837535014 0.733535014005602 0 0 0 0 0.584044817927171 0.518422969187675 0 0.673910364145658 0.645792717086835
#NONE#
(Leaf413.txt) (listLeaf413ED.txt) (#NONE#)
(Neighbor1Leaf413.txt) (Neighbor2Leaf413.txt) (Neighbor3Leaf413.txt) (Neighbor4Leaf413.txt)
(#NONE#)
(#NONE#) (Node8.txt)
0.147201366287323 0 0 0.0922475217089473 0.06712225515503 0 0.0454999173997813 0.00614239590928868 0.000177231082515675 0.126444797108243 0.14016471761259 0 0.00134989684931359 0.0689306238457252 0.114091000656941 0.00382315657373092 0.0169267127675227 0.0153930207111497 0.0210826730408918 0.00482432127274817 0.107953326404915 0.00350977190437468 0.000831499231635003 0.00191209899199792 0.014371695485335 0.18777559912854 0.239053376906318 0.216018518518519 0.163156862745098 0.615596949891068 0.532852941176471 0.160084967320261 0.662836601307189 0.657316993464052 0.489166666666667 0.498791707937322 0.522748787366532 0.48909065825865 0.45619582500643 0 0 0 0 0.615596949891068 0.511511982570806 0 0.662836601307189 0.640001089324619 0.18777559912854 0.239053376906318 0.216018518518519 0.163156862745098 0 0.0213409586056645 0.160084967320261 0 0.0173159041394336 0.0815972222222222 0.0665877914951989 0.930466392318244 0.557291666666667 0.383415637860082 0.302083333333333 0 0 0 0 0.761053376906318 0.475759259259259 0 0.836137254901961 0.734895424836601 0 0 0 0 0.575717864923747 0.522604575163399 0 0.622541394335512 0.617946623093682
#NONE#
