40
0
True False
0.0606358625844067 0 0 0.0614457531610118 0.0761787096655845 0 0.0736857087670245 2.47647350173354E-05 0 0.00822903278958641 0.387181581732843 0 0 0.000691699773591354 0.155658507194051 0 0.00667325753830944 0 0.0227624601854778 0 0.0980797983681489 0 0 0 0.0487528635049471 0.251858823529412 0.255082352941176 0.254745098039216 0.243592156862745 0.446274509803922 0.469286274509804 0.426572549019608 0.838423529411765 0.750980392156863 0.584049382716049 0.502983434277026 0.519163830820624 0.479338637425853 0.450648622242768 0 0 0 0 0.387372549019608 0.34121568627451 0 0.838423529411765 0.750980392156863 0.251858823529412 0.255082352941176 0.254745098039216 0.243592156862745 0.0589019607843138 0.128070588235294 0.426572549019608 0 0 0.0625 0.0687901234567901 0.899802469135802 0.5625 0.26683950617284 0.1875 0 0 0 0 0.490094117647059 0.478478431372549 0 0.913592156862745 0.704486274509804 0 0 0 0 0.427301960784314 0.454588235294118 0 0.792509803921569 0.724305882352941
#NONE#
(Leaf234.txt) (listLeaf234ED.txt) (#NONE#)
(Neighbor1Leaf234.txt) (Neighbor2Leaf234.txt) (Neighbor3Leaf234.txt) (Neighbor4Leaf234.txt)
(#NONE#)
(#NONE#) (Node21.txt)
0.099904292774429 0 0 0.198106397375158 0.027502030831579 0 0.0357981865486324 0.0185380823363848 0.00309495659872654 0.0489916825088382 0.226691126051703 0 0.000405306700462636 0.0586726549468664 0.128954627427725 0.00474303160584604 0.0114732235217938 0.0106206801267542 0.0296467938242005 0.000213333056164727 0.0708600045169087 0.000472922231892405 8.65158818440243E-05 0.00121651680723408 0.0240076343268568 0.228755882352941 0.285448039215686 0.242313725490196 0.314589215686274 0.349052941176471 0.496227450980392 0.342183333333333 0.726222549019608 0.708483333333333 0.526317901234568 0.520930132468658 0.487871936773172 0.463622685438314 0.502650335471577 0 0 0 0 0.248610784313725 0.433204901960784 0 0.726222549019608 0.708483333333333 0.228755882352941 0.285448039215686 0.242313725490196 0.314589215686274 0.100442156862745 0.0630225490196079 0.342183333333333 0 0 0.0765625 0.0781327160493827 0.926938271604938 0.55625 0.372614197530864 0.2828125 0 0 0 0 0.356999019607843 0.592092156862745 0 0.923 0.826933333333333 0 0 0 0 0.347777450980392 0.46645 0 0.658833333333333 0.659162745098039
#NONE#
