73
0
True False
0.0733503262038494 0 0 0.0218215538818611 0.00230839574868516 0 0.00240015278107195 1.0290607989864E-05 0 0.0116541701939028 0.0285579031339391 0 0 0.0200892866724003 0.145933058272898 0.000133789338345958 0.00206066997656994 7.54938524693337E-05 0.162730370890239 0.000792797733244993 0.0300794924857272 0 6.86379485489939E-06 0.000133990215838438 0.497861394216112 0.729471677559913 0.822943355119826 0.788107843137255 0.797613289760349 0.834257080610022 0.371168845315904 0.801564270152505 0.827273420479303 0.842331154684096 0.809012345679012 0.501181427930112 0.480074860040657 0.46884228686019 0.552634088343497 0 0 0 0 0.834257080610022 0.330007625272331 0 0.827273420479303 0.842331154684096 0.729471677559913 0.822943355119826 0.788107843137255 0.797613289760349 0 0.041161220043573 0.801564270152505 0 0 0.0625 0.078741426611797 0.567023319615912 0.373263888888889 0.168583676268861 0.159722222222222 0 0 0 0 0.849047930283225 0.361700435729848 0 0.811700435729848 0.856212418300654 0 0 0 0 0.806318082788671 0.364855119825708 0 0.809818082788671 0.815683006535948
#NONE#
(Leaf96.txt) (listLeaf96ED.txt) (#NONE#)
(Neighbor1Leaf96.txt) (Neighbor2Leaf96.txt) (Neighbor3Leaf96.txt) (Neighbor4Leaf96.txt)
(#NONE#)
(#NONE#) (Node26.txt)
0.0496788389048609 0 0 0.0230418773325354 0.00222799158617889 0 0.00283837191161417 0.00060060390672612 4.42220491136881E-05 0.0164209743951904 0.0287578849288254 0 2.04101765140099E-05 0.0268940860623602 0.144824851417156 0.0023948413999216 0.00257778850111425 0.0125865100565344 0.169774612823243 0.0130056249151376 0.121883450497769 0.000515819930196298 1.18408296629269E-05 0.0128548840224255 0.369044514352921 0.74492720923986 0.817996776792909 0.786744023636852 0.809764168681171 0.796417405318291 0.510127316680097 0.805113080848778 0.780761751275853 0.810521085146387 0.824814814814815 0.49873736011131 0.479201494245972 0.47906136375973 0.541146124233864 0 0 0 0 0.796417405318291 0.475872683319903 0 0.780761751275853 0.810521085146387 0.74492720923986 0.817996776792909 0.786744023636852 0.809764168681171 0 0.0342546333601934 0.805113080848778 0 0 0.0402397260273973 0.0680280737358363 0.650799932352444 0.411815068493151 0.201150008455945 0.181506849315068 0 0 0 0 0.83530915928015 0.518950846091861 0 0.767397797475154 0.837247381144238 0 0 0 0 0.768609723341391 0.501022831050228 0 0.763467096427612 0.786042438893366
#NONE#
