26
0
True False
0.029235386264362 0 0 0.414081837666132 0 0 0.000586617991509295 0.0569967709698261 0 0.0894097246548356 0.0392725940123791 0 0 0.214667013934828 0.0471402611320366 0 0.00324204450288354 0.0249700735068773 0.0102186642264817 6.17360167921965E-05 0.0639739580771838 0 0 0 0.00614331704387274 0.236264705882353 0.262107843137255 0.297470588235294 0.344137254901961 0.719098039215686 0.382911764705883 0.257647058823529 0.365029411764706 0.486725490196079 0.388333333333333 0.4611807323894 0.491335378541968 0.504350215918937 0.498787272352743 0 0 0 0 0.719098039215686 0.230735294117647 0 0 0.394745098039216 0.236264705882353 0.262107843137255 0.297470588235294 0.344137254901961 0 0.152176470588235 0.257647058823529 0.365029411764706 0.0919803921568628 0.09375 0.0787962962962962 0.928672839506173 0.546875 0.377283950617284 0.25 0 0 0 0 0.989343137254902 0.49 0 0.613431372549019 0.529078431372549 0 0 0 0 0.635078431372549 0.367411764705882 0 0.292107843137255 0.466950980392157
#NONE#
(Leaf30.txt) (listLeaf30ED.txt) (#NONE#)
(Neighbor1Leaf30.txt) (Neighbor2Leaf30.txt) (Neighbor3Leaf30.txt) (Neighbor4Leaf30.txt)
(#NONE#)
(#NONE#) (Node8.txt)
0.123284219775245 0 0 0.25682401459553 0.00572533502003541 0 0.0126328021656142 0.0510133002993316 0.00115941171852719 0.0762732276243321 0.116628955672355 0.000161925978161053 0.000911695022641034 0.110483394677489 0.069937782997186 0.0180893635671048 0.00892070696319769 0.0121084826315568 0.00969074138262249 0.0288349611315372 0.0840288468951884 7.14013709063215E-05 0.0018840226992476 0.00225909994406616 0.00907630786812598 0.163149321266968 0.177996983408748 0.219877828054299 0.268529411764706 0.67552790346908 0.399058823529412 0.302920060331825 0.409125188536953 0.540484162895928 0.470294396961064 0.511080699069927 0.482217494247171 0.472245429749176 0.506994146273202 0 0 0 0 0.67552790346908 0.249238310708899 0 0.266939668174962 0.497555052790347 0.163149321266968 0.177996983408748 0.219877828054299 0.268529411764706 0 0.149820512820513 0.302920060331825 0.142185520361991 0.0429291101055807 0.0673076923076923 0.0807502374169041 0.910797720797721 0.548076923076923 0.370593542260209 0.276442307692308 0 0 0 0 0.944202111613876 0.54606334841629 0 0.463307692307692 0.673716440422323 0 0 0 0 0.597874811463047 0.371426847662142 0 0.38259125188537 0.497574660633484
#NONE#
