5
0
True False
0.582327655467701 0 0 0.0354881788699137 0 0 0.00242007387593937 0 0 0.110660498907538 0.0221099223028914 0 0 0.0932712883219191 0.0119113929631698 0 0.0431035487884934 0 0.000127372309259967 0.000512820512820515 0.0980031451162519 0 0 0 6.4102564102564E-05 0.00649019607843137 0.0182549019607843 0.0126470588235294 0.00876470588235294 0.0156666666666667 0.0148627450980392 0.0376470588235294 0.494764705882353 0.537039215686274 0.28395061728395 0.603761080999608 0.527521185793466 0.434723989464211 0.475261987444386 0 0 0 0 0 0 0 0.494764705882353 0.537039215686274 0.00649019607843137 0.0182549019607843 0.0126470588235294 0.00876470588235294 0.0156666666666667 0.0148627450980392 0.0376470588235294 0 0 0.0625 0.0537654320987654 0.794567901234568 0.53125 0.282962962962963 0.28125 0 0 0 0 0.00392156862745098 0.0176078431372549 0 0.525509803921569 0.659627450980392 0 0 0 0 0.0172549019607843 0.0076470588235294 0 0.475588235294118 0.507980392156863
#NONE#
(Leaf272.txt) (listLeaf272ED.txt) (#NONE#)
(Neighbor1Leaf272.txt) (Neighbor2Leaf272.txt) (Neighbor3Leaf272.txt) (Neighbor4Leaf272.txt)
(#NONE#)
(#NONE#) (Node36.txt)
0.629438411368669 0 0 0.0990748034443465 0.00134328358208955 0 0.0197017184904112 0.00182339150820526 0 0.052799019730933 0.0621461717766481 0 0 0.0400277126004377 0.0239441390555639 0 0.017316046381069 0.00169314925761917 0.00561877415038976 0.000205128205128206 0.0411179280528488 0.00192758530867413 0 0 0.00182273708696699 0.0208392156862745 0.0275607843137255 0.0294196078431373 0.0221333333333333 0.0449882352941176 0.0753960784313727 0.0337490196078431 0.423639215686274 0.49081568627451 0.189111111111111 0.579266562797771 0.550908976747294 0.465638808863077 0.48196109480278 0 0 0 0 0 0 0 0.197905882352941 0.435388235294118 0.0208392156862745 0.0275607843137255 0.0294196078431373 0.0221333333333333 0.0449882352941176 0.0753960784313727 0.0337490196078431 0.225733333333333 0.0554274509803922 0.0375 0.0369382716049383 0.663382716049383 0.475 0.238839506172839 0.225 0 0 0 0 0.0257098039215686 0.0173803921568628 0 0.706258823529412 0.655835294117647 0 0 0 0 0.0510274509803922 0.0786274509803922 0 0.370886274509804 0.460141176470588
#NONE#
