78
0
True False
0.107898879957414 0 0 0.222894411647522 0.000525733772399827 0 0.00792688315142303 0.0384151679835978 0 0.154851665509396 0.116310757260152 2.05786722640655E-05 0.000102880658436214 0.157579802442899 0.0946457563864765 0.00281893004115227 0.00923931725460806 0.00675133256895436 0.0106022888236053 0.00106217629815721 0.0607450302528691 0.000164792155893379 0 2.05888408482603E-05 0.0074230263219317 0.173084967320261 0.254303921568627 0.417924836601307 0.28302614379085 0.339388888888889 0.608565359477124 0.259441176470588 0.267947712418301 0.229964052287582 0.450360082304527 0.479451856930575 0.548285502051035 0.513332257495631 0.443356621294126 0 0 0 0 0.174401960784314 0.608565359477124 0 0.167895424836601 0.068359477124183 0.173084967320261 0.254303921568627 0.417924836601307 0.28302614379085 0.164986928104575 0 0.259441176470588 0.100052287581699 0.161604575163399 0.0833333333333333 0.0878189300411522 0.938713991769547 0.5625 0.40988683127572 0.328125 0 0 0 0 0.334088235294118 0.705316993464052 0 0.196869281045752 0.120866013071895 0 0 0 0 0.335637254901961 0.573882352941177 0 0.273761437908497 0.236019607843137
#NONE#
(Leaf358.txt) (listLeaf358ED.txt) (#NONE#)
(Neighbor1Leaf358.txt) (Neighbor2Leaf358.txt) (Neighbor3Leaf358.txt) (Neighbor4Leaf358.txt)
(#NONE#)
(#NONE#) (Node34.txt)
0.106323443807285 0 3.17221645936232E-06 0.27416015978007 0.00645993226638352 0 0.0139459662095718 0.0355917219641322 0.00020453606117397 0.147065399716381 0.109462055302469 2.21904379655368E-05 0.010717987898429 0.0964116709104962 0.0794674996076618 0.0161364335477178 0.0229778692405206 0.00461429120749586 0.0111872065749111 0.00654348930792457 0.0459451258573894 0.000201617342915007 0.0019077709664751 0.00104596762398665 0.00960449215218523 0.172920060331825 0.266238813474108 0.332098541980895 0.258844142785319 0.300710407239819 0.594911513323278 0.282720462543992 0.26993313222725 0.246183006535948 0.389324153213042 0.470608739079492 0.539778398050855 0.506055242502277 0.465444269322632 0 0 0 0 0.119794871794872 0.589453996983409 0 0.131941679235797 0.10006334841629 0.172920060331825 0.266238813474108 0.332098541980895 0.258844142785319 0.180915535444947 0.00545751633986928 0.282720462543992 0.137991452991453 0.146119658119658 0.0801282051282051 0.087462804685027 0.928349161126939 0.55448717948718 0.377608420386198 0.320512820512821 0 0 0 0 0.384901960784314 0.763425339366516 0 0.198826546003017 0.150313222724987 0 0 0 0 0.281740070387129 0.544259929612871 0 0.272473102061337 0.254008044243338
#NONE#
