2
0
True False
0.703250525274997 0 0 0.109380793474231 0 0 0.000865158818440242 0 0 0.100358422939068 0.00976393523668273 0 0 0.0365838586083302 0.00432579409220121 0 0.00630329996292176 0.0032134470399209 0.000988752935360277 0 0.024966011617847 0 0 0 0 0.0397647058823529 0.0268627450980392 0.0147843137254902 0.0397647058823529 0.145137254901961 0.151764705882353 0.0354117647058824 0.047921568627451 0.0797647058823529 0.072716049382716 0.51668549905838 0.819190207156309 0.492854709967865 0.468288240259452 0 0 0 0 0 0 0 0 0 0.0397647058823529 0.0268627450980392 0.0147843137254902 0.0397647058823529 0.145137254901961 0.151764705882353 0.0354117647058824 0.047921568627451 0.0797647058823529 0 0.027037037037037 0.636172839506173 0.4375 0.206049382716049 0.0625 0 0 0 0 0.224196078431373 0 0 0.0809411764705882 0.0549019607843137 0 0 0 0 0.124352941176471 0.226705882352941 0 0.0274509803921569 0.0656862745098039
#NONE#
(Leaf280.txt) (listLeaf280ED.txt) (#NONE#)
(Neighbor1Leaf280.txt) (Neighbor2Leaf280.txt) (Neighbor3Leaf280.txt) (Neighbor4Leaf280.txt)
(#NONE#)
(#NONE#) (Node29.txt)
0.557421627198322 0 0 0.0919981379345224 0.155650184314224 0 0.0150506040691922 0.000381339773738401 0 0.052085910338226 0.0393932171416667 0 0 0.0192452787385111 0.0343861079269955 0.0008897928053896 0.00397788615789408 0.00160672351996045 0.00818472857140454 0.00152535909495361 0.0124830058089235 0 0 0 0.005720096606076 0.0349607843137255 0.0790588235294116 0.153941176470588 0.0425294117647059 0.136235294117647 0.137725490196078 0.036078431372549 0.0705294117647059 0.105647058823529 0.0917283950617285 0.578040844060246 0.832287506448731 0.48499427508148 0.460406094340345 0 0 0 0 0 0 0 0 0 0.0349607843137255 0.0790588235294116 0.153941176470588 0.0425294117647059 0.136235294117647 0.137725490196078 0.036078431372549 0.0705294117647059 0.105647058823529 0.03125 0.0306172839506173 0.667345679012346 0.34375 0.223456790123456 0.09375 0 0 0 0 0.230666666666667 0.0295490196078432 0 0.112764705882353 0.033921568627451 0 0 0 0 0.112921568627451 0.17578431372549 0 0.0510196078431373 0.104450980392157
#NONE#
