3
0
True False
0.0276195194451325 0 0 0.0764181322764429 0.0709685409957889 0 0.0559821649739906 0 0 0.0572207084468665 0.312608372553877 0 0 0.00619271736437949 0.293287094377013 0 0.00136239782016349 0 0.0203121129551647 0 0.055858310626703 0 0 0 0.0221699281644786 0.143137254901961 0.626117647058824 0.351647058823529 0.592196078431373 0.531098039215686 0.457803921568627 0.437529411764706 0.572156862745098 0.653490196078431 0.68037037037037 0.495984518626028 0.443662312530237 0.489686254116831 0.607700641358988 0 0 0 0 0.531098039215686 0.457803921568627 0 0.572156862745098 0.653490196078431 0.143137254901961 0.626117647058824 0.351647058823529 0.592196078431373 0 0 0.437529411764706 0 0 0.0625 0.051358024691358 0.951728395061728 0.5625 0.374814814814815 0.25 0 0 0 0 0.428745098039216 0.391529411764706 0 0.581921568627451 0.147960784313725 0 0 0 0 0.522078431372549 0.453019607843137 0 0.556039215686274 0.68278431372549
#NONE#
(Leaf204.txt) (listLeaf204ED.txt) (#NONE#)
(Neighbor1Leaf204.txt) (Neighbor2Leaf204.txt) (Neighbor3Leaf204.txt) (Neighbor4Leaf204.txt)
(#NONE#)
(#NONE#) (Node38.txt)
0.0512134653042442 0 0 0.0845014719575667 0.028804662559369 0 0.0343580032609294 0.0184227728517619 0.000205939289097574 0.0300754456178618 0.184529164076746 0 0 0.165230740569531 0.223753198230422 0 0.00218402263514079 0.082838801580249 0.0107006164908951 0.000123563573458544 0.0657830700712176 0 0 0.0078256929857078 0.00944936894580194 0.140980392156863 0.602967320261438 0.307751633986928 0.636457516339869 0.521620915032679 0.483228758169935 0.450954248366013 0.636183006535948 0.552431372549019 0.74 0.482886118769841 0.468628812910492 0.506503350846929 0.551588030872149 0 0 0 0 0.521620915032679 0.483228758169935 0 0.636183006535948 0.552431372549019 0.140980392156863 0.602967320261438 0.307751633986928 0.636457516339869 0 0 0.450954248366013 0 0 0.0208333333333333 0.0654732510288066 0.949794238683128 0.5625 0.403991769547325 0.25 0 0 0 0 0.307516339869281 0.441790849673203 0 0.681581699346405 0.366052287581699 0 0 0 0 0.527934640522876 0.474130718954248 0 0.614993464052287 0.55516339869281
#NONE#
