23
0
True False
0.0256110147354876 0 0 0.19209964655838 0 0 4.11827691293963E-05 0.0172966410113268 0 0.0470851879887842 0.27251272468053 0 0 0.0607089568666415 0.301588972183235 0 0 0.00226340499135162 0.0138311105653447 0 0.0644502290760906 0 0 0 0.00251092857369852 0.0933986928104576 0.240718954248366 0.547385620915033 0.331111111111111 0.304052287581699 0.642562091503268 0.394797385620915 0.521424836601307 0.624575163398693 0.695761316872428 0.514971901154721 0.558851036601468 0.435676487545283 0.353202197048832 0 0 0 0 0.166549019607843 0.642562091503268 0 0.521424836601307 0.624575163398693 0.0933986928104576 0.240718954248366 0.547385620915033 0.331111111111111 0.137503267973856 0 0.394797385620915 0 0 0.0416666666666667 0.0811934156378601 0.951728395061728 0.5625 0.430082304526749 0.3125 0 0 0 0 0.170287581699346 0.458470588235294 0 0.748692810457516 0.65437908496732 0 0 0 0 0.314875816993464 0.645516339869281 0 0.486614379084967 0.595738562091503
#NONE#
(Leaf202.txt) (listLeaf202ED.txt) (#NONE#)
(Neighbor1Leaf202.txt) (Neighbor2Leaf202.txt) (Neighbor3Leaf202.txt) (Neighbor4Leaf202.txt)
(#NONE#)
(#NONE#) (Node21.txt)
0.0628459887736154 0 0 0.144280208529799 0.0306687193800313 0 0.0244523703333123 0.0176514298913007 0 0.0660781073701136 0.312344967207314 0.000505311142648261 0.00137347012673816 0.0708041383266644 0.154860882715255 0.00114728610156494 0.0111166296201729 0.00401872592421475 0.0220572246265767 0.00014541303890834 0.0503884660681822 0 0 0.000582346692651318 0.0246783141309368 0.215381074168798 0.270976982097187 0.600710997442455 0.241014492753623 0.316184143222506 0.529137254901961 0.330168797953964 0.487662404092072 0.527652173913043 0.630397208803006 0.508349625773921 0.533883968038802 0.463200111475342 0.426493824511299 0 0 0 0 0.145815856777494 0.514020460358056 0 0.472702472293265 0.499817561807332 0.215381074168798 0.270976982097187 0.600710997442455 0.241014492753623 0.170368286445013 0.0151167945439045 0.330168797953964 0.0149599317988065 0.0278346121057119 0.0625 0.09296833064949 0.931213097155126 0.551630434782609 0.397831454643049 0.3125 0 0 0 0 0.243705029838022 0.428729752770673 0 0.638283034953112 0.625304347826087 0 0 0 0 0.312127877237852 0.52443989769821 0 0.457701619778346 0.497421994884911
#NONE#
