1
0
True False
0.6039273805113 0 0 0.257749783870569 0 0 0 0 0 0.0311226380140793 0.0813881684574534 0 0 0.0170433493886625 0.00864517722613314 0 0 0 0.000123502531801902 0 0 0 0 0 0 0.0470588235294118 0.0431372549019608 0.0435686274509804 0.0431372549019608 0.121137254901961 0.221490196078431 0.0431372549019608 0.210549019607843 0.172980392156863 0.170987654320988 0.510671462829736 0.467322142286171 0.490867988274457 0.499897318692966 0 0 0 0 0 0 0 0.210549019607843 0 0.0470588235294118 0.0431372549019608 0.0435686274509804 0.0431372549019608 0.121137254901961 0.221490196078431 0.0431372549019608 0 0.172980392156863 0 0.0354320987654321 0.57962962962963 0.5 0.226172839506173 0.3125 0 0 0 0 0 0.200901960784314 0 0 0.316862745098039 0 0 0 0 0.157176470588235 0.211333333333333 0 0.261529411764706 0.14321568627451
#NONE#
(Leaf198.txt) (listLeaf198ED.txt) (#NONE#)
(Neighbor1Leaf198.txt) (Neighbor2Leaf198.txt) (Neighbor3Leaf198.txt) (Neighbor4Leaf198.txt)
(#NONE#)
(#NONE#) (Node24.txt)
0.6039273805113 0 0 0.257749783870569 0 0 0 0 0 0.0311226380140793 0.0813881684574534 0 0 0.0170433493886625 0.00864517722613314 0 0 0 0.000123502531801902 0 0 0 0 0 0 0.0470588235294118 0.0431372549019608 0.0435686274509804 0.0431372549019608 0.121137254901961 0.221490196078431 0.0431372549019608 0.210549019607843 0.172980392156863 0.170987654320988 0.510671462829736 0.467322142286171 0.490867988274457 0.499897318692966 0 0 0 0 0 0 0 0.210549019607843 0 0.0470588235294118 0.0431372549019608 0.0435686274509804 0.0431372549019608 0.121137254901961 0.221490196078431 0.0431372549019608 0 0.172980392156863 0 0.0354320987654321 0.57962962962963 0.5 0.226172839506173 0.3125 0 0 0 0 0 0.200901960784314 0 0 0.316862745098039 0 0 0 0 0.157176470588235 0.211333333333333 0 0.261529411764706 0.14321568627451
#NONE#
