95
0
True False
0.0868999975127774 0 0 0.146916972400378 0.150434115476018 0 0.111467466024642 0.000903871384222767 0.000560995572590786 0.059309374238248 0.265541585084912 0 1.79198623754569E-05 0.0279997606258827 0.0861282120444447 0 0.0010337249296342 0.00791017348402887 0.0073934866522518 0 0.0420554735613196 0 0 8.87862913966086E-06 0.00541799251713301 0.157380952380952 0.303002801120448 0.452831932773109 0.210610644257703 0.257571428571429 0.400879551820728 0.219669467787115 0.294826330532213 0.573336134453782 0.436058201058201 0.481704566752845 0.582530274311393 0.496345296380332 0.442983069588025 0 0 0 0 0.0848655462184874 0.334756302521008 0 0.136565826330532 0.573336134453782 0.157380952380952 0.303002801120448 0.452831932773109 0.210610644257703 0.172705882352941 0.0661232492997199 0.219669467787115 0.158260504201681 0 0.0535714285714286 0.0675220458553792 0.832530864197531 0.517857142857143 0.315934744268078 0.294642857142857 0 0 0 0 0.18409243697479 0.366294117647059 0 0.253705882352941 0.87132212885154 0 0 0 0 0.263274509803921 0.400042016806723 0 0.299885154061625 0.507778711484594
#NONE#
(Leaf353.txt) (listLeaf353ED.txt) (#NONE#)
(Neighbor1Leaf353.txt) (Neighbor2Leaf353.txt) (Neighbor3Leaf353.txt) (Neighbor4Leaf353.txt)
(#NONE#)
(#NONE#) (Node34.txt)
0.133486649351002 1.13813388722516E-05 1.04066394359601E-05 0.27674328989563 0.0353392848594593 0 0.0355129032052059 0.0375400703342329 0.00266471296113259 0.0656047694244267 0.200902175303992 8.20867134945671E-05 5.42910915233535E-05 0.063332478815986 0.0806266253433984 0.000850430307018605 0.00187740173235696 0.00657720638299657 0.0125303037158976 0.00408169865697936 0.0268060539138858 0.000338666081495096 4.30192901898734E-05 0.00233025331173161 0.0126538413296555 0.173804747162023 0.307598348813209 0.415887306501548 0.224501135190918 0.222480495356037 0.41655314757482 0.219913312693499 0.253764705882353 0.605145098039216 0.415034437946719 0.495018425002585 0.577300008447801 0.49549705695502 0.438931850691763 0 0 0 0 0.0666782249742002 0.346252631578947 0 0.122228276573787 0.592406604747162 0.173804747162023 0.307598348813209 0.415887306501548 0.224501135190918 0.155802270381837 0.070300515995872 0.219913312693499 0.131536429308566 0.0127384932920537 0.0638157894736842 0.0792670565302145 0.904278102664068 0.546052631578947 0.365109811565952 0.306578947368421 0 0 0 0 0.199994220846233 0.426827244582043 0 0.17691310629515 0.8347826625387 0 0 0 0 0.223691228070175 0.407492672858617 0 0.258491640866873 0.547043137254902
#NONE#
