64
0
True False
0.0505845945467068 0 0 0.0447335808499516 0.00595336076817558 0 0.0545868156238343 0 0 0.186147718568252 0.331957783272877 0 0 0.278697326068419 0.0308641975308641 0 0.00688614540466392 0.000192043895747599 0.000603566529492456 0 0.00879286694101509 0 0 0 0 0.310544662309368 0.446989106753813 0.388893246187364 0.384366013071895 0.430100217864924 0.42039651416122 0.368313725490196 0.46921568627451 0.313437908496732 0.763786008230453 0.495145671680689 0.465744671033098 0.493207573353572 0.553815887251743 0 0 0 0 0.392649237472767 0.42039651416122 0 0.46921568627451 0.256331154684096 0.310544662309368 0.446989106753813 0.388893246187364 0.384366013071895 0.0374509803921569 0 0.368313725490196 0 0.0571067538126362 0.0486111111111111 0.0722908093278464 0.833868312757202 0.520833333333333 0.28477366255144 0.277777777777778 0 0 0 0 0.461633986928105 0.374522875816993 0 0.542549019607843 0.146366013071895 0 0 0 0 0.411159041394336 0.408605664488017 0 0.444174291938998 0.316797385620915
#NONE#
(Leaf242.txt) (listLeaf242ED.txt) (#NONE#)
(Neighbor1Leaf242.txt) (Neighbor2Leaf242.txt) (Neighbor3Leaf242.txt) (Neighbor4Leaf242.txt)
(#NONE#)
(#NONE#) (Node38.txt)
0.0410221228384996 0.000562592798812175 0 0.101436955810518 0.0110067364879413 0 0.0336347895646254 0.0388173999992415 0.00353540635812198 0.0875224199873935 0.288797417109976 6.36609809760359E-05 0.0119121950315366 0.156284958179249 0.0859785158414901 0.0186810502272627 0.0354586482728967 0.00153932711938943 0.00494156252383815 0.0297720177715303 0.0381575859800906 0 0.00437001550018679 0.00240853980756837 0.00409608180885592 0.282185049019608 0.391073529411765 0.385860294117647 0.413616421568628 0.433604779411765 0.442243259803922 0.355624387254902 0.45559987745098 0.316053308823529 0.743792438271605 0.4833655167961 0.491525922732739 0.516886822838149 0.503245914029276 0 0 0 0 0.420558823529412 0.432859681372549 0 0.439657475490196 0.268686887254902 0.282185049019608 0.391073529411765 0.385860294117647 0.413616421568628 0.013045955882353 0.00938357843137255 0.355624387254902 0.0159424019607843 0.0473664215686275 0.0576171875 0.0789506172839506 0.900731095679012 0.533203125 0.352519290123457 0.2705078125 0 0 0 0 0.393370710784314 0.336219975490196 0 0.5451875 0.165851102941177 0 0 0 0 0.425644607843137 0.445882965686275 0 0.427541053921569 0.329382965686275
#NONE#
