72
0
True False
0.145053453353533 0 0 0.261255387272818 0.0143778002865586 0 0.0370028086959042 0.01697879653683 0.00613025322310605 0.0370409211272724 0.209263191126756 0 0 0.0626887850323978 0.12802669511935 1.95317586395479E-05 0.000598578069925957 0.000905411629793343 0.029641117363779 1.30252017531465E-05 0.0180977306035606 0 0 0.000110748464179386 0.0327957651338439 0.289865841073271 0.421960784313726 0.195649122807018 0.438251805985552 0.240592363261094 0.248346749226006 0.463704850361197 0.589506707946337 0.200379772961816 0.460448343079922 0.513399952752473 0.364955525861573 0.481260142906116 0.60450630097642 0 0 0 0 0.119694530443756 0.0761816305469556 0 0.508478844169247 0.0954158926728586 0.289865841073271 0.421960784313726 0.195649122807018 0.438251805985552 0.120897832817337 0.172165118679051 0.463704850361197 0.0810278637770897 0.104963880288958 0.0625 0.0796881091617934 0.917972709551657 0.552631578947368 0.362391163092917 0.279605263157895 0 0 0 0 0.178503611971104 0.263900928792569 0 0.698631578947368 0.0625696594427245 0 0 0 0 0.274625386996904 0.244410732714138 0 0.549981424148607 0.221711042311661
#NONE#
(Leaf211.txt) (listLeaf211ED.txt) (#NONE#)
(Neighbor1Leaf211.txt) (Neighbor2Leaf211.txt) (Neighbor3Leaf211.txt) (Neighbor4Leaf211.txt)
(#NONE#)
(#NONE#) (Node31.txt)
0.166678603836978 0 6.55543134738265E-05 0.217305817518142 0.013745489964927 0 0.0229320831840609 0.0139349496571413 0.00526827171223805 0.0841438195765755 0.171647307791069 7.74562973898949E-05 0.000444560476168168 0.0699199368986348 0.122559221996078 0.0029897614165385 0.00798755892879157 0.0047509868771555 0.0241600718369124 0.00462028019797226 0.0426751608355878 0.000172007549975825 0.000267516306334062 0.00185730492484839 0.0217962779030074 0.349691721132898 0.399699891067538 0.180359477124183 0.472571350762527 0.264957516339869 0.221571895424837 0.519157407407407 0.621385076252723 0.171107843137255 0.432745198902606 0.526703771661132 0.366829563649474 0.472215201677969 0.584707020124949 0 0 0 0 0.0977483660130719 0.0722325708061002 0 0.600002723311547 0.0606966230936819 0.349691721132898 0.399699891067538 0.180359477124183 0.472571350762527 0.167209150326797 0.149339324618736 0.519157407407407 0.0213823529411765 0.110411220043573 0.0633680555555556 0.0769307270233197 0.913395061728395 0.545138888888889 0.36937585733882 0.292534722222222 0 0 0 0 0.275641612200436 0.269728213507625 0 0.74712962962963 0.0787549019607843 0 0 0 0 0.268282135076253 0.213157952069717 0 0.57825 0.188210239651416
#NONE#
