86
0
True False
0.313414615263381 0 0 0.312273039498143 0 0 0.00776393251605748 0.0270684441218816 0 0.0709036987404994 0.0471015291276318 9.22236978013871E-06 0.0011082939018285 0.0397444308120929 0.0240599350980409 0.0198525304140017 0.0422486991228466 0.00638574979852705 0.00478641265305869 0.0113464051401867 0.063061057866733 7.78383779042826E-05 0.00353835775383779 0.00285478235060645 0.00240102507296168 0.185851851851852 0.14000290486565 0.14319825708061 0.16921859114016 0.323716775599128 0.288896151053014 0.20522730573711 0.59639070442992 0.230352941176471 0.277014174668496 0.511908914416473 0.446942451974667 0.484421229806187 0.513508341751155 0 0 0 0 0.268736383442266 0.137395787944808 0 0.59639070442992 0.0767392883079157 0.185851851851852 0.14000290486565 0.14319825708061 0.16921859114016 0.0549803921568627 0.151500363108206 0.20522730573711 0 0.153613652868555 0.0717592592592593 0.0561545496113397 0.851248285322359 0.543981481481482 0.320073159579333 0.287037037037037 0 0 0 0 0.244342774146696 0.335344952795933 0 0.815722585330429 0.185241830065359 0 0 0 0 0.327262164124909 0.272665214233842 0 0.548556281771968 0.231862018881627
#NONE#
(Leaf381.txt) (listLeaf381ED.txt) (#NONE#)
(Neighbor1Leaf381.txt) (Neighbor2Leaf381.txt) (Neighbor3Leaf381.txt) (Neighbor4Leaf381.txt)
(#NONE#)
(#NONE#) (Node13.txt)
0.238396356388588 0 0 0.282146018924433 0.0162996648830209 0 0.0170552981870527 0.0234398459443628 0.00141705468279435 0.098042926472553 0.108642063295718 0.000117104045830262 0.00127579981776742 0.0541181965199311 0.0470422604051655 0.0181634039056242 0.0172682106195262 0.0073394937011134 0.0050500557888831 0.0148006784140001 0.0401059162346199 0.000845939295437733 0.00141418226747521 0.00273545425403721 0.00428407595206681 0.143198814409485 0.157659370725034 0.160268125854993 0.171891472868217 0.273846785225718 0.320559051527588 0.192300501595987 0.58066301869585 0.264864113087095 0.323207005455068 0.520159966170538 0.494581067239906 0.4837724326308 0.487285265648097 0 0 0 0 0.191773825809394 0.213974464204286 0 0.58066301869585 0.121938440492476 0.143198814409485 0.157659370725034 0.160268125854993 0.171891472868217 0.0820729594163247 0.106584587323301 0.192300501595987 0 0.142925672594619 0.0726744186046512 0.0637927074361183 0.886521676715475 0.549418604651163 0.343673557278208 0.291424418604651 0 0 0 0 0.201007751937985 0.310652074783402 0 0.801855449156407 0.239128590971272 0 0 0 0 0.279472868217054 0.31215959872321 0 0.528355677154583 0.261237118103055
#NONE#
