59
0
True False
0.058188493776611 0 0 0.143154192849656 0.049484619368921 0 0.0242774898793629 0.00303458127591672 0.0122050490535881 0.0289031941090649 0.378876982840542 0 0 0.0471609374129708 0.186448754265434 0 0.00332841093276914 0 0.0189944232939245 0 0.0332358122312233 0 0 0 0.0127070587100161 0.354134453781513 0.444190476190476 0.525484593837535 0.35721568627451 0.594201680672269 0.36544537815126 0.338862745098039 0.505002801120448 0.317899159663866 0.649770723104057 0.476206884369682 0.47665130240154 0.51778674461548 0.531228568346083 0 0 0 0 0.594201680672269 0.293014005602241 0 0.422689075630252 0.222778711484594 0.354134453781513 0.444190476190476 0.525484593837535 0.35721568627451 0 0.0724313725490197 0.338862745098039 0.082313725490196 0.0951204481792717 0.0982142857142857 0.100388007054674 0.919171075837742 0.5625 0.378518518518519 0.330357142857143 0 0 0 0 0.552487394957983 0.0509411764705883 0 0.745170868347339 0.0201232492997199 0 0 0 0 0.5796918767507 0.42350700280112 0 0.448918767507003 0.341434173669468
#NONE#
(Leaf411.txt) (listLeaf411ED.txt) (#NONE#)
(Neighbor1Leaf411.txt) (Neighbor2Leaf411.txt) (Neighbor3Leaf411.txt) (Neighbor4Leaf411.txt)
(#NONE#)
(#NONE#) (Node17.txt)
0.0635425567977383 2.92984486471441E-05 0 0.134717456494836 0.0306346478066225 0 0.0461358076874529 0.0146987400220506 0.0053788956142034 0.0627803274714646 0.299836065788158 6.29098395606692E-06 0.0002162509651788 0.083443988981892 0.155984096721484 0.00275855906284754 0.00730720084162539 0.00926356606751486 0.0160488554767593 0.00214086904083706 0.0423545653123652 2.09637013511105E-06 0.000738410558605236 0.000251824887557993 0.0217296285980684 0.296741774675972 0.435904287138584 0.593137919574609 0.351978065802592 0.553762711864407 0.318047856430708 0.355597873047524 0.463394483217016 0.340807577268195 0.643866917765223 0.480824361702712 0.494108095289987 0.508843912147521 0.499389312774508 0 0 0 0 0.547094715852443 0.248384845463609 0 0.424775672981057 0.270334330342306 0.296741774675972 0.435904287138584 0.593137919574609 0.351978065802592 0.0066679960119641 0.0696630109670987 0.355597873047524 0.0386188102359588 0.070473246925889 0.0815677966101695 0.089504080351538 0.903971542163632 0.546610169491525 0.361284787612471 0.308262711864407 0 0 0 0 0.682481222997674 0.152626121635095 0 0.521052841475573 0.194616816218013 0 0 0 0 0.51650913924892 0.34698703888335 0 0.443298105682951 0.346065802592223
#NONE#
