11
0
True False
0.331326056956467 0 0 0.195583991970894 0.0745201354911554 0 0.0386400702546732 0.00388909798017815 0.0250909547108267 0.0447873541588257 0.146907539831891 0 0 0.0201982185422155 0.0444109898381633 0.0155563919207126 0.013172751223184 0.00213273115042027 0.00790365073391043 0.0195709446744449 0.0109145652992096 0.000752728641324802 0.00276000501819094 0 0.00188182160331201 0.801529411764706 0.610627450980392 0.253294117647059 0.305450980392157 0.833058823529412 0.16121568627451 0.0114117647058824 0.339294117647059 0.127529411764706 0.237283950617284 0.479246155624928 0.576523297491039 0.49613654308746 0.461995262491048 0 0 0 0 0 0 0 0.339294117647059 0 0.801529411764706 0.610627450980392 0.253294117647059 0.305450980392157 0.833058823529412 0.16121568627451 0.0114117647058824 0 0.127529411764706 0 0.0737037037037037 0.946296296296296 0.5625 0.368641975308642 0.25 0 0 0 0 1 0.344196078431373 0 0 0.00258823529411765 0 0 0 0 0.494352941176471 0.130588235294118 0 0.418156862745098 0.133098039215686
#NONE#
(Leaf20.txt) (listLeaf20ED.txt) (#NONE#)
(Neighbor1Leaf20.txt) (Neighbor2Leaf20.txt) (Neighbor3Leaf20.txt) (Neighbor4Leaf20.txt)
(#NONE#)
(#NONE#) (Node32.txt)
0.139513059902401 0 0.000393395582399019 0.276130449530351 0.081637878018128 0 0.0323220111486533 0.0661933224542761 0.014177358528593 0.0772453929431982 0.125345767480664 2.39140052371672E-05 8.08032163861305E-05 0.0314747167627216 0.0804989751690089 0.0169592007488331 0.00555397527016468 0.00141352255633327 0.0077606393327845 0.00403188534371436 0.027262584313271 6.84298764840729E-05 0.000307026269891657 0.000195305589170046 0.011410385957336 0.413254901960785 0.503764705882353 0.206737967914438 0.351055258467023 0.440802139037433 0.191276292335116 0.226873440285205 0.276570409982175 0.151326203208556 0.290291806958474 0.488691108762744 0.480524319244599 0.499245474572035 0.49918488143219 0 0 0 0 0 0.0655115864527629 0 0.197732620320856 0 0.413254901960785 0.503764705882353 0.206737967914438 0.351055258467023 0.440802139037433 0.125764705882353 0.226873440285205 0.078837789661319 0.151326203208556 0.0625 0.0847586980920314 0.946801346801347 0.5625 0.410673400673401 0.3125 0 0 0 0 0.912292335115865 0.178573975044563 0 0.0755472370766488 0.145540106951872 0 0 0 0 0.344224598930481 0.192135472370766 0 0.309187165775401 0.140064171122995
#NONE#
