80
0
True False
0.24153931394681 0 0 0.272739837507119 0.0305703211469486 0 0.032732116749493 0.00566675013743017 0 0.0593375237936937 0.134540672804228 0 0 0.050795465989591 0.103375044438032 0.000140029873039582 0.000108151467374769 0.00168890423131526 0.013052834095433 1.55588747821758E-05 0.03504463662963 0 0 0 0.0186528383150801 0.115987745098039 0.320634803921569 0.34515931372549 0.287661764705882 0.303029411764706 0.253664215686275 0.180161764705882 0.176901960784314 0.145781862745098 0.296844135802469 0.472448090249753 0.568662819236475 0.5069770639421 0.459418898270965 0 0 0 0 0.0821764705882352 0.0672303921568628 0 0.017296568627451 0.0366176470588236 0.115987745098039 0.320634803921569 0.34515931372549 0.287661764705882 0.220852941176471 0.186433823529412 0.180161764705882 0.159605392156863 0.109164215686275 0.09375 0.0833641975308642 0.913356481481482 0.54296875 0.372376543209877 0.2734375 0 0 0 0 0.327796568627451 0.371828431372549 0 0.246607843137255 0.104058823529412 0 0 0 0 0.293811274509804 0.23721568627451 0 0.162953431372549 0.168134803921569
#NONE#
(Leaf340.txt) (listLeaf340ED.txt) (#NONE#)
(Neighbor1Leaf340.txt) (Neighbor2Leaf340.txt) (Neighbor3Leaf340.txt) (Neighbor4Leaf340.txt)
(#NONE#)
(#NONE#) (Node15.txt)
0.207897622892377 0 0 0.309928528213433 0.0190039671943614 0 0.0251012353397422 0.0347575482595849 0.000420569314896657 0.0868998101720048 0.118256596059241 4.50502068158745E-05 2.46944067168786E-05 0.0617698688977321 0.0587381289230118 0.00788311596635238 0.003823938123922 0.00226871369249707 0.00933104853355857 0.00372334669630953 0.0385447634274621 0.00015536397839828 0.000394078821930888 0.00096038859424496 0.0100716222854066 0.138457352941176 0.285626960784314 0.291560294117647 0.300345098039216 0.339452941176471 0.272500980392157 0.164102450980392 0.183971078431372 0.190449509803922 0.298462962962963 0.473128148825668 0.525355475155137 0.501195986899688 0.470121462537648 0 0 0 0 0.111670588235294 0.0959166666666667 0 0.0357303921568627 0.0557514705882353 0.138457352941176 0.285626960784314 0.291560294117647 0.300345098039216 0.227782352941176 0.17658431372549 0.164102450980392 0.14824068627451 0.134698039215686 0.0828125 0.0796080246913581 0.925725308641975 0.54921875 0.38604475308642 0.315625 0 0 0 0 0.531032843137255 0.298819607843137 0 0.156426470588235 0.107059803921569 0 0 0 0 0.299995098039216 0.260961764705882 0 0.187155882352941 0.201278921568627
#NONE#
