36
0
True False
0.0810497296062889 0 0 0.115179445829383 0 0 9.87725464668185E-05 0.000790308842392727 0 0.00333526381718236 0.162013892533974 0 0 0.00509488678945287 0.363970239022919 0 0 8.2651458798248E-06 0.0958736193512731 0 0.00768801380994958 0 0 0 0.164897562704839 0.423356862745098 0.680684967320261 0.855751633986928 0.490316339869281 0.137688888888889 0.143291503267974 0.476101960784314 0.709508496732026 0.117050980392157 0.705127572016461 0.506018700892435 0.47139113704765 0.467808876688857 0.547626061993583 0 0 0 0 0 0 0 0.709508496732026 0.0096627450980392 0.423356862745098 0.680684967320261 0.855751633986928 0.490316339869281 0.137688888888889 0.143291503267974 0.476101960784314 0 0.107388235294118 0.0791666666666667 0.0827242798353909 0.758329218106996 0.495833333333333 0.180148148148148 0.220833333333333 0 0 0 0 0.187759477124183 0.152839215686275 0 0.703887581699346 0.0740575163398692 0 0 0 0 0.131623529411765 0.132737254901961 0 0.69442614379085 0.130990849673203
#NONE#
(Leaf378.txt) (listLeaf378ED.txt) (#NONE#)
(Neighbor1Leaf378.txt) (Neighbor2Leaf378.txt) (Neighbor3Leaf378.txt) (Neighbor4Leaf378.txt)
(#NONE#)
(#NONE#) (Node32.txt)
0.103796660070709 6.8910388930235E-06 0 0.115494284475961 0.001171490887819 0 0.0122414402091475 0.00352790860409005 0.0119640261303829 0.0414179957122211 0.141855990929599 0 0 0.0320652519997277 0.295403905682685 0.00635385659439998 0.00305423757699929 0.00550756258304635 0.088169520232682 0.00035397019193679 0.0384494183959791 1.37513751375137E-05 3.4914250600525E-06 3.43189742744969E-06 0.0991449139860959 0.508859477124183 0.671777777777778 0.765472766884532 0.534434640522876 0.17991394335512 0.168222222222222 0.524164488017429 0.699400871459695 0.126506535947712 0.630799039780521 0.499495566311956 0.461314504355003 0.480131184307651 0.555121021165014 0 0 0 0 0.0492113289760349 0.0241928104575164 0 0.699400871459695 0.00402614379084967 0.508859477124183 0.671777777777778 0.765472766884532 0.534434640522876 0.130702614379085 0.144029411764706 0.524164488017429 0 0.122480392156863 0.0763888888888889 0.0865020576131687 0.831632373113855 0.515625 0.267338820301783 0.269097222222222 0 0 0 0 0.145181917211329 0.182637254901961 0 0.726037037037037 0.0846307189542484 0 0 0 0 0.185288671023965 0.161633986928104 0 0.67090522875817 0.136388888888889
#NONE#
