59
0
True False
0.117931752167371 0 0 0.176890749909824 0.010914080790927 0 0.0112498131118167 0.00263220681964119 0.00102672413518481 0.064012601369087 0.319532824125056 0 0 0.0290576708373373 0.179829789638482 0 0.00325100844669975 9.49667616334282E-05 0.0149159724695029 0.000151946818613485 0.0465618974353883 0 0 0.000123456790123457 0.0218225383733115 0.384199095022625 0.544920060331825 0.219607843137255 0.521598793363499 0.659704374057315 0.189921568627451 0.474078431372549 0.624968325791855 0.424877828054299 0.561880341880342 0.500442517676155 0.384606212981582 0.488816399179976 0.62884219992842 0 0 0 0 0.659704374057315 0.00847058823529415 0 0.624968325791855 0.281378582202112 0.384199095022625 0.544920060331825 0.219607843137255 0.521598793363499 0 0.181450980392157 0.474078431372549 0 0.143499245852187 0.100961538461538 0.088974358974359 0.928205128205128 0.543269230769231 0.368955365622032 0.317307692307692 0 0 0 0 0.878147812971342 0.229384615384615 0 0.721140271493213 0.543043740573152 0 0 0 0 0.608585218702866 0.191327300150829 0 0.570259426847662 0.371161387631976
#NONE#
(Leaf301.txt) (listLeaf301ED.txt) (#NONE#)
(Neighbor1Leaf301.txt) (Neighbor2Leaf301.txt) (Neighbor3Leaf301.txt) (Neighbor4Leaf301.txt)
(#NONE#)
(#NONE#) (Node8.txt)
0.0830591051878567 0 0 0.168819761674916 0.0053862091089542 0 0.0162825862693612 0.0335424984442194 0.0156996777612206 0.0626083180820646 0.266442872187496 1.25600969988098E-05 0 0.0646531283286755 0.182904343994537 0.00227079710260196 0.00308837079447165 0.00804576679207629 0.019365028935357 0.00995306066837344 0.0361447073011661 0.000578009856756819 6.28088946622912E-05 0.00312182847082422 0.0179585600474105 0.38974011299435 0.48829112662014 0.297627783316717 0.486713193752077 0.694839481555334 0.238858092389498 0.456810900631439 0.623538052509139 0.426734463276836 0.594297970286671 0.503394731112584 0.417497249914843 0.483453996502657 0.585054778025714 0 0 0 0 0.694839481555334 0.0504293785310734 0 0.623538052509139 0.296525091392489 0.38974011299435 0.48829112662014 0.297627783316717 0.486713193752077 0 0.188428713858425 0.456810900631439 0 0.130209371884347 0.0614406779661017 0.0830508474576272 0.909324126386273 0.541313559322034 0.354065704122201 0.295550847457627 0 0 0 0 0.866181455633101 0.29042605516783 0 0.728848786972416 0.637761382519109 0 0 0 0 0.648587570621469 0.225831837819874 0 0.573439680957128 0.381779993353274
#NONE#
