21
0
True False
0.0162962962962963 0 0 0.0111522633744856 0.0151440329218107 0 0.141316872427983 0 0 0.0580246913580247 0.251440329218107 0 0 0.34 0.0460082304526749 0 0.0145267489711934 0.000411522633744857 0.00037037037037037 0.000905349794238683 0.10440329218107 0 0 0 0 0.257019607843137 0.399869281045752 0.524771241830065 0.273895424836602 0.454313725490196 0.552901960784314 0.27924183006536 0.33275816993464 0.435830065359477 0.806666666666667 0.495929395639654 0.526829022330175 0.483145959132527 0.375997984065532 0 0 0 0 0.454313725490196 0.552901960784314 0 0.33275816993464 0.435830065359477 0.257019607843137 0.399869281045752 0.524771241830065 0.273895424836602 0 0 0.27924183006536 0 0 0 0.0616460905349794 0.854814814814815 0.541666666666667 0.30082304526749 0.25 0 0 0 0 0.483633986928104 0.363241830065359 0 0.115542483660131 0.251254901960784 0 0 0 0 0.438235294117647 0.556300653594771 0 0.361137254901961 0.444444444444445
#NONE#
(Leaf264.txt) (listLeaf264ED.txt) (#NONE#)
(Neighbor1Leaf264.txt) (Neighbor2Leaf264.txt) (Neighbor3Leaf264.txt) (Neighbor4Leaf264.txt)
(#NONE#)
(#NONE#) (Node37.txt)
0.0477042740701075 0 0 0.0914628370053922 0.0156887230085114 0 0.0480514736436495 0.0117636055312622 0.00655088334830883 0.0479927275541676 0.241968940322023 0.000300008823788935 0.000770569494543921 0.128480947603097 0.135792133823447 0.000177160430461029 0.0114239922109581 0.00562790963997654 0.0217781866107683 0.00921372714213069 0.131075573303062 0 0 0.0321231072822118 0.0120532191521331 0.259064425770308 0.481579831932773 0.655344537815126 0.286 0.50506629318394 0.627282913165266 0.266084033613446 0.329421101774043 0.451934640522876 0.712727807172252 0.486221020863752 0.523799501381151 0.509325525187554 0.431329789058994 0 0 0 0 0.491083099906629 0.627282913165266 0 0.259342670401494 0.431740429505135 0.259064425770308 0.481579831932773 0.655344537815126 0.286 0.0139831932773109 0 0.266084033613446 0.070078431372549 0.0201942110177404 0.0654761904761905 0.079212228101117 0.891475602586714 0.541666666666667 0.374902998236332 0.300595238095238 0 0 0 0 0.442679738562091 0.594410830999066 0 0.243258636788049 0.15259943977591 0 0 0 0 0.494786181139122 0.609998132586368 0 0.330235294117647 0.479161531279178
#NONE#
