2
0
True False
0.661898734177215 0 0 0.0792405063291139 0 0 0 0.00341772151898734 0 0.00569620253164557 0.1 0 0 0.0251898734177215 0.0981012658227848 0 0 0.00164556962025316 0.01 0 0.0127848101265823 0 0 0 0.0020253164556962 0.00784313725490196 0.00784313725490196 0.00784313725490196 0.0154117647058824 0.267607843137255 0.221019607843137 0.00784313725490196 0.459921568627451 0.174470588235294 0.243333333333333 0.481620253164557 0.389586497890295 0.501336632735317 0.532197289241325 0 0 0 0 0.267607843137255 0.221019607843137 0 0.459921568627451 0 0.00784313725490196 0.00784313725490196 0.00784313725490196 0.0154117647058824 0 0 0.00784313725490196 0 0.174470588235294 0.0625 0.0372839506172839 0.502962962962963 0.5 0.205925925925926 0.3125 0 0 0 0 0 0 0 0.491607843137255 0.368901960784314 0 0 0 0 0.28921568627451 0.283450980392157 0 0.43843137254902 0.147450980392157
#NONE#
(Leaf368.txt) (listLeaf368ED.txt) (#NONE#)
(Neighbor1Leaf368.txt) (Neighbor2Leaf368.txt) (Neighbor3Leaf368.txt) (Neighbor4Leaf368.txt)
(#NONE#)
(#NONE#) (Node36.txt)
0.723697845790433 0 0 0.0505862775053278 0 0 0 0.00170886075949367 0 0.0270620972090276 0.0525354969574037 0 0 0.0332592369117005 0.0575445477186947 0 0.000126774847870183 0.00113972192980204 0.005 0 0.0463264821423987 0 0 0 0.0010126582278481 0.00827450980392157 0.00784313725490196 0.00827450980392157 0.0120588235294118 0.255274509803922 0.112098039215686 0.0116078431372549 0.554803921568627 0.318490196078431 0.194074074074074 0.521824701634332 0.401773184587775 0.491110709326431 0.521420099190182 0 0 0 0 0.133803921568627 0.110509803921569 0 0.554803921568627 0 0.00827450980392157 0.00784313725490196 0.00827450980392157 0.0120588235294118 0.121470588235294 0.00158823529411765 0.0116078431372549 0 0.318490196078431 0.0625 0.0316049382716049 0.461049382716049 0.4375 0.172962962962963 0.21875 0 0 0 0 0.028235294117647 0 0 0.496529411764706 0.684450980392157 0 0 0 0 0.269764705882353 0.141725490196078 0 0.541745098039216 0.24186274509804
#NONE#
