89
0
True False
0.167620389270366 0 0 0.233418136663646 9.4337036077592E-05 0 0.00542749868602623 0.0175038073583644 0 0.0317038674787115 0.143596725959227 2.96992946417522E-05 0 0.0283574843631749 0.211143420334557 0.000192739049657198 0.000934600414502234 0.00129042992933409 0.0763892555981693 0.0001387168689621 0.0137332674363954 0.000317184983273448 0 3.96677920759473E-05 0.0680687714828384 0.682793725490196 0.61136 0.210898823529412 0.747610980392157 0.658981960784314 0.119465098039216 0.703598431372549 0.646677647058824 0.104809411764706 0.471298765432099 0.493439252969714 0.318367033198407 0.494204986629483 0.644957771024348 0 0 0 0 0.610131764705882 0.0136423529411765 0 0.592859607843137 0 0.682793725490196 0.61136 0.210898823529412 0.747610980392157 0.0488501960784314 0.105822745098039 0.703598431372549 0.0538180392156862 0.104809411764706 0.0375 0.0663308641975309 0.88880987654321 0.5225 0.337293827160494 0.27 0 0 0 0 0.831134117647059 0.130296470588235 0 0.722310588235294 0.095918431372549 0 0 0 0 0.610142745098039 0.116873725490196 0 0.612682352941177 0.100090980392157
#NONE#
(Leaf213.txt) (listLeaf213ED.txt) (#NONE#)
(Neighbor1Leaf213.txt) (Neighbor2Leaf213.txt) (Neighbor3Leaf213.txt) (Neighbor4Leaf213.txt)
(#NONE#)
(#NONE#) (Node31.txt)
0.148319461068505 0 0 0.174596600551693 0.00731198581668673 0 0.0172381572014491 0.0119651936536365 0.00133950710393814 0.0535106403558671 0.145320714265261 8.34249849487423E-06 2.2721850467502E-05 0.0439694740489861 0.213848285639902 0.00817719295262247 0.00328604515538253 0.00821948889519559 0.056415450080517 0.00285956954174781 0.0448835293021029 0.00050824166413451 3.63076323251844E-05 0.00198885008079516 0.0561742406402897 0.628906807666887 0.585790702797973 0.264377616215025 0.734775060586032 0.641414849085702 0.139351398986561 0.712109275170742 0.569565102445472 0.132838510685173 0.502083506727702 0.489122181276125 0.351428768348029 0.498891468076335 0.623095044434701 0 0 0 0 0.602711610486891 0.0144291694205772 0 0.48616787838731 0.0107975324961445 0.628906807666887 0.585790702797973 0.264377616215025 0.734775060586032 0.0387032385988103 0.124922229565984 0.712109275170742 0.0833972240581626 0.122040978189028 0.0526685393258427 0.0754251629907061 0.892574559578305 0.534410112359551 0.346410043001803 0.278792134831461 0 0 0 0 0.819362414628773 0.117142983035911 0 0.663620621282221 0.114297422339722 0 0 0 0 0.590007931262392 0.146734082397004 0 0.536184181537784 0.132653447896012
#NONE#
