65
0
True False
0.16303011392047 0 0 0.212643380394988 0.0792304723685067 0 0.018098832022889 0.00610438459268524 0.000869121943102326 0.0174199260690142 0.248715722474628 0 0 0.0224018639198203 0.156479257240251 0 9.54499031183485E-06 0.00100822825726059 0.0279047271135412 0 0.0188388432809383 0 0 0 0.0272455814115937 0.25561689291101 0.33827149321267 0.448582202111614 0.253429864253394 0.296054298642534 0.696862745098039 0.239453996983409 0.319541478129713 0.270711915535445 0.446685660018993 0.493198316095393 0.55771625400212 0.488574086377931 0.434620469075788 0 0 0 0 0.212829562594268 0.696862745098039 0 0.183559577677225 0.102826546003017 0.25561689291101 0.33827149321267 0.448582202111614 0.253429864253394 0.0832247360482655 0 0.239453996983409 0.135981900452489 0.167885369532428 0.100961538461538 0.0945109211775878 0.903475783475784 0.543269230769231 0.363817663817664 0.288461538461538 0 0 0 0 0.254054298642534 0.884705882352941 0 0.335067873303167 0.163113122171946 0 0 0 0 0.311508295625943 0.641236802413273 0 0.329502262443439 0.295137254901961
#NONE#
(Leaf383.txt) (listLeaf383ED.txt) (#NONE#)
(Neighbor1Leaf383.txt) (Neighbor2Leaf383.txt) (Neighbor3Leaf383.txt) (Neighbor4Leaf383.txt)
(#NONE#)
(#NONE#) (Node34.txt)
0.118824405505058 0 8.17270317140749E-05 0.217323437811348 0.0505772294010631 0 0.0373257099471607 0.0195099045006268 0.00363223026499732 0.0633093992326831 0.215272698382804 0.000129490801810609 0.000238709718268832 0.0523959863490328 0.121569996781786 0.00169880567725252 0.00396711167118536 0.00297114253570512 0.0240681769192917 0.00785148380340957 0.0363114792125893 0.000113431006684103 1.16908793942537E-05 0.0013882436578127 0.0214275089083227 0.186165309200603 0.320322171945702 0.45283257918552 0.227702564102564 0.285109502262443 0.70676802413273 0.242139366515837 0.330566515837104 0.301408748114631 0.450110161443495 0.474321211429735 0.566408399632735 0.50239514777307 0.425388928689288 0 0 0 0 0.183015384615385 0.70676802413273 0 0.188228657616893 0.150806033182504 0.186165309200603 0.320322171945702 0.45283257918552 0.227702564102564 0.102094117647059 0 0.242139366515837 0.142337858220211 0.150602714932127 0.0817307692307692 0.0859012345679012 0.908404558404558 0.544230769230769 0.372964862298196 0.304807692307692 0 0 0 0 0.170066365007541 0.880102564102564 0 0.356918250377074 0.258861538461538 0 0 0 0 0.300391553544495 0.647621116138763 0 0.319150527903469 0.306898944193062
#NONE#
