63
0
True False
0.601676859824157 0 0 0.0571503552294969 0.055227249979743 0 0.0239707643504338 0.000131687242798354 0.00585121743711408 0.00296239015410489 0.0967638488105551 0 0 0.00672145321821476 0.103119902621178 0.000358024691358023 0.000193584725323145 0.00126578521282571 0.0300669517620816 0.000987654320987653 0.00286414642520683 0 4.11522633744857E-06 0.00030460366908965 0.0103794050989947 0.0327934640522876 0.0397372549019608 0.144955555555556 0.0350444444444444 0.0941947712418301 0.551321568627451 0.0476575163398693 0.180698039215686 0.553780392156863 0.241534979423868 0.466024406026681 0.692441593255305 0.501795041537777 0.425475485272714 0 0 0 0 0.0151686274509804 0.519290196078431 0 0.11582091503268 0.473930718954248 0.0327934640522876 0.0397372549019608 0.144955555555556 0.0350444444444444 0.0790261437908497 0.0320313725490196 0.0476575163398693 0.0648771241830065 0.0798496732026144 0.0645833333333333 0.0499835390946502 0.621189300411523 0.433333333333333 0.215971193415638 0.2 0 0 0 0 0.0740627450980392 0.551803921568627 0 0.14857908496732 0.72581568627451 0 0 0 0 0.0907816993464052 0.53521568627451 0 0.18057908496732 0.508534640522876
#NONE#
(Leaf191.txt) (listLeaf191ED.txt) (#NONE#)
(Neighbor1Leaf191.txt) (Neighbor2Leaf191.txt) (Neighbor3Leaf191.txt) (Neighbor4Leaf191.txt)
(#NONE#)
(#NONE#) (Node33.txt)
0.53907842465685 0 0 0.084098104964463 0.0457281548128433 0 0.0169165152631295 0.00849936852306251 0.00285100754907056 0.0210437270853031 0.0979972701066511 0.000178613902884844 1.97983499571392E-05 0.0236856662996555 0.0826121105892764 0.00631452374522102 0.0015870171968746 0.00530143245218302 0.0217670013500435 0.00508285491022996 0.0183752186269205 0.000216758111494954 0.000243496468516195 0.00202823753806354 0.016374697497306 0.0371061313414255 0.0451061313414255 0.113190787426082 0.0429393090569561 0.11234360410831 0.524362900715842 0.0524089635854342 0.231048863990041 0.570588235294117 0.280250832843425 0.503189774631186 0.644598216738123 0.486661467732108 0.437229702945199 0 0 0 0 0.0325191409897292 0.488415810768752 0 0.164851540616246 0.532564581388111 0.0371061313414255 0.0451061313414255 0.113190787426082 0.0429393090569561 0.0798244631185808 0.03594708994709 0.0524089635854342 0.066197323373794 0.0380236539060068 0.0744047619047619 0.0523495982755242 0.698632177150696 0.474206349206349 0.251228689006467 0.219246031746032 0 0 0 0 0.0866971677559913 0.528124494242141 0 0.177948957360722 0.708789915966387 0 0 0 0 0.115159663865546 0.506705882352941 0 0.23354186118892 0.53278431372549
#NONE#
