72
0
True False
0.163240897547668 0 0 0.259136201319363 2.18287128151904E-05 0 0.00283386065633263 0.0264029120236967 0 0.0699933878142755 0.137955150373334 0 0 0.126496788558501 0.0811120885738777 0.00908938458330633 0.00234653785853953 0.00962180725472403 0.0209018186123451 0.00134572777217994 0.0729714818107949 0 0.000160200944875345 4.35837461682623E-05 0.016326341837204 0.11719723183391 0.257148788927336 0.324865051903114 0.228867358708189 0.726786620530565 0.163017301038062 0.201266435986159 0.651854671280277 0.283236447520185 0.433449527959332 0.501100541003946 0.475548951633009 0.479401826793898 0.507526789022717 0 0 0 0 0.726786620530565 0.024 0 0.628179930795848 0.0872918108419838 0.11719723183391 0.257148788927336 0.324865051903114 0.228867358708189 0 0.139017301038062 0.201266435986159 0.0236747404844291 0.195944636678201 0.0992647058823529 0.0804575163398692 0.927254901960784 0.555147058823529 0.389724037763253 0.297794117647059 0 0 0 0 0.858805074971165 0.203151095732411 0 0.864553633217993 0.326542099192618 0 0 0 0 0.684006920415225 0.153617070357555 0 0.589116493656286 0.262313725490196
#NONE#
(Leaf329.txt) (listLeaf329ED.txt) (#NONE#)
(Neighbor1Leaf329.txt) (Neighbor2Leaf329.txt) (Neighbor3Leaf329.txt) (Neighbor4Leaf329.txt)
(#NONE#)
(#NONE#) (Node8.txt)
0.151120598391822 1.71594871372485E-06 0.00038643003805567 0.238716501448589 0.0410261009966264 0 0.0263634888220922 0.0203495236942704 0.00444039362012788 0.0679773957445832 0.150841161619953 0.000146205236848795 0.00084109551675923 0.0708010509101091 0.100684959797349 0.0119862245739256 0.00354233410883644 0.0115562924281112 0.0212305612803423 0.00890587425750025 0.0473058148803005 0.00150265856832436 4.12630668799459E-05 0.00271654149737128 0.0175158135525086 0.12159477124183 0.251595315904139 0.303923202614379 0.244248366013072 0.735791938997821 0.211092047930283 0.22617265795207 0.648177015250545 0.273910130718954 0.419411865569273 0.504955893979397 0.452194828714096 0.483182039104279 0.515374224128273 0 0 0 0 0.735791938997821 0.0534553376906318 0 0.624480392156863 0.115978758169935 0.12159477124183 0.251595315904139 0.303923202614379 0.244248366013072 0 0.157636710239651 0.22617265795207 0.0236966230936819 0.15793137254902 0.0902777777777778 0.075281207133059 0.916100823045267 0.552083333333333 0.370094307270233 0.294270833333333 0 0 0 0 0.911504357298475 0.169995098039216 0 0.841307189542484 0.203269063180828 0 0 0 0 0.67881045751634 0.213797385620915 0 0.592730936819172 0.279271786492375
#NONE#
