88
0
True False
0.123469984873329 0 0 0.208493332376198 0.000511311784921592 0 0.00425404015035113 0.0137834845861336 0.00520652364416272 0.0464588748226357 0.201830763992648 0 0 0.0420430656709222 0.282385392040676 0.000107261361177198 0.000700494087790367 0.000305206341216739 0.0214140233356476 0.000482577005845512 0.00763656141374996 4.1243916522313E-06 0 0.000185850576136786 0.0407271275448059 0.436972549019608 0.57355816993464 0.359639215686274 0.522320261437908 0.668755555555556 0.152860130718954 0.553474509803921 0.710802614379085 0.117843137254902 0.532288065843621 0.493634521766592 0.340131664094383 0.492309369028847 0.657363552562313 0 0 0 0 0.668755555555556 0.0224392156862745 0 0.710802614379085 0.0074627450980392 0.436972549019608 0.57355816993464 0.359639215686274 0.522320261437908 0 0.13042091503268 0.553474509803921 0 0.110380392156863 0.0458333333333333 0.0692921810699589 0.881798353909465 0.51875 0.333127572016461 0.291666666666667 0 0 0 0 0.725339869281046 0.146760784313725 0 0.790686274509804 0.116326797385621 0 0 0 0 0.64596862745098 0.165155555555556 0 0.673577777777778 0.122007843137255
#NONE#
(Leaf291.txt) (listLeaf291ED.txt) (#NONE#)
(Neighbor1Leaf291.txt) (Neighbor2Leaf291.txt) (Neighbor3Leaf291.txt) (Neighbor4Leaf291.txt)
(#NONE#)
(#NONE#) (Node31.txt)
0.160198488378802 0 0 0.186091467799436 0.0044747944871026 0 0.0187810391017414 0.0140272137334776 0.00293923513517216 0.0382611657549646 0.209198834395645 0 0 0.045387492304525 0.225559997061398 5.05983257050394E-05 0.00112621263672116 0.00275360492678392 0.0237251216189329 0.00237691858995203 0.0234699263588557 0.00033962089819032 2.80652910931992E-06 0.00389332448092205 0.0373421374825637 0.40499064171123 0.536523618538324 0.275926024955437 0.513550356506239 0.657946078431373 0.156319518716577 0.522989750445633 0.700599821746881 0.140245989304813 0.517480359147026 0.490846680995752 0.345018893770188 0.493046585799188 0.642705552699455 0 0 0 0 0.657946078431373 0.0132442067736185 0 0.700599821746881 0.00930614973262031 0.40499064171123 0.536523618538324 0.275926024955437 0.513550356506239 0 0.143075311942959 0.522989750445633 0 0.130939839572193 0.0475852272727273 0.067449494949495 0.885606060606061 0.53125 0.323930976430976 0.276988636363636 0 0 0 0 0.702337789661319 0.144128787878788 0 0.788170677361854 0.120270499108734 0 0 0 0 0.633672014260249 0.159241087344029 0 0.665479946524064 0.140511140819964
#NONE#
