87
0
True False
0.149212702696937 0 0 0.273375109310662 0.0187603936311367 0 0.0169611659128947 0.000282195660478365 0.000511463844797179 0.0213444344557778 0.343097822476767 0 0 0.00609564993729808 0.144047519674581 0 0 0 0.010026370640513 0 0.00323431973185878 0 0 0 0.0130508520262988 0.467344537815126 0.263557422969188 0.0883193277310924 0.453204481792717 0.36933893557423 0.219478991596639 0.498560224089636 0.363557422969188 0.486924369747899 0.444708994708995 0.512434456192346 0.35068048604982 0.482611655235352 0.609082642020964 0 0 0 0 0.33987675070028 0.140481792717087 0 0.21956862745098 0.319680672268908 0.467344537815126 0.263557422969188 0.0883193277310924 0.453204481792717 0.0294621848739496 0.0789971988795517 0.498560224089636 0.143988795518207 0.167243697478992 0.0625 0.0676190476190476 0.911869488536155 0.5625 0.33689594356261 0.321428571428571 0 0 0 0 0.132801120448179 0.0659103641456583 0 0.326644257703081 0.89812324929972 0 0 0 0 0.382621848739496 0.224778711484594 0 0.356621848739496 0.421204481792717
#NONE#
(Leaf154.txt) (listLeaf154ED.txt) (#NONE#)
(Neighbor1Leaf154.txt) (Neighbor2Leaf154.txt) (Neighbor3Leaf154.txt) (Neighbor4Leaf154.txt)
(#NONE#)
(#NONE#) (Node11.txt)
0.0952842238495137 4.4324149655487E-05 0.000254561833902086 0.210136942654731 0.00790193181987439 0 0.0152476354549378 0.0532648533248896 0.0114094017989783 0.0813198359465974 0.235856992016878 0.000113700026695773 0.00324628481096401 0.112215621985246 0.0839406529469792 0.012097003568991 0.0101086027761127 0.00404929165447554 0.00721957602522342 0.00630624182853325 0.0327529716308312 0.000929972949439386 0.00569931039235755 0.00285800435858853 0.0077420621956043 0.347993689429795 0.354662609871535 0.28052062204192 0.393632183908046 0.26560829389227 0.22742709037638 0.450707685373 0.412927203065134 0.465522650439486 0.562043422733078 0.516498909312754 0.458616435151943 0.470698728404825 0.528455561643192 0 0 0 0 0.18754338517016 0.119694838855082 0 0.347833671399594 0.37070678386297 0.347993689429795 0.354662609871535 0.28052062204192 0.393632183908046 0.0780649087221095 0.107732251521298 0.450707685373 0.0650935316655398 0.0948158665765157 0.0747126436781609 0.0941790832978573 0.925233432666383 0.553879310344828 0.393147438626366 0.308189655172414 0 0 0 0 0.140704980842912 0.160465179175118 0 0.469267973856209 0.726385395537525 0 0 0 0 0.278022988505747 0.234216362407032 0 0.396497633536173 0.41363353617309
#NONE#
