18
0
True False
0.0412292859484247 0 0 0.0244636477111826 0.00444966952523919 0 0.00241430502171005 0.00269316493313523 0.0368878264370743 0.0510519759334272 0.311858500141401 0 0 0.166803328913672 0.255210616695566 0 0.000803582034430363 0.013829296107038 0.0140127695412076 0 0.0716936373870999 0 0 0 0.00259839366939156 0.488529411764706 0.575401960784314 0.517235294117647 0.533137254901961 0.508990196078431 0.470450980392157 0.546088235294118 0.661931372549019 0.495303921568627 0.802962962962963 0.480448504377426 0.484658937955611 0.507031685572092 0.522804934362126 0 0 0 0 0.508990196078431 0.470450980392157 0 0.661931372549019 0.495303921568627 0.488529411764706 0.575401960784314 0.517235294117647 0.533137254901961 0 0 0.546088235294118 0 0 0.046875 0.0705555555555555 0.910771604938272 0.5625 0.357623456790124 0.296875 0 0 0 0 0.350411764705882 0.313049019607843 0 0.688843137254902 0.359450980392157 0 0 0 0 0.509470588235294 0.468156862745098 0 0.642303921568627 0.495882352941177
#NONE#
(Leaf156.txt) (listLeaf156ED.txt) (#NONE#)
(Neighbor1Leaf156.txt) (Neighbor2Leaf156.txt) (Neighbor3Leaf156.txt) (Neighbor4Leaf156.txt)
(#NONE#)
(#NONE#) (Node38.txt)
0.0312434278504454 0 1.37174211248286E-05 0.0517792886258459 0.00499528907024451 0 0.00430032780178588 0.00186099535973261 0.0250296449222365 0.0651146526863849 0.240171757438211 2.74348422496571E-05 2.82402112367801E-05 0.144077287907238 0.226580277635046 0.00711548991275342 0.00564173477005162 0.0567485425598311 0.0208675112982206 0.00996883785575763 0.0895437323650925 0.00178988289202774 7.54458161865567E-05 0.00312372036542834 0.00990276039286955 0.555679738562092 0.643498910675381 0.610516339869281 0.45237037037037 0.500936819172113 0.498222222222222 0.423908496732026 0.607760348583878 0.492697167755991 0.787887517146776 0.481973363052015 0.493253796817903 0.51814741998958 0.491335343290551 0 0 0 0 0.500936819172113 0.498222222222222 0 0.566010893246187 0.492697167755991 0.555679738562092 0.643498910675381 0.610516339869281 0.45237037037037 0 0 0.423908496732026 0.0417494553376907 0 0.0555555555555556 0.0769135802469136 0.929074074074074 0.555555555555556 0.392270233196159 0.274305555555556 0 0 0 0 0.235727668845316 0.361814814814815 0 0.796095860566449 0.360675381263617 0 0 0 0 0.522087145969499 0.499653594771242 0 0.561392156862745 0.497546840958606
#NONE#
