18
0
True False
0.655625041295314 0 0 0.0728208787615826 0.000274713663835003 0 0.00558649736605476 6.18352708384863E-05 0 0.10082017950847 0.0498045306148175 0 0 0.0241992998300224 0.0464286432053059 0.000863207799218678 0.00689646625645774 0 0.00290823901984751 0.000666194963029674 0.0308363120492604 0 0 0 0.00220796039594524 0.0111111111111111 0.0133790849673203 0.018764705882353 0.0129019607843137 0.359431372549019 0.327143790849673 0.0139150326797386 0.243607843137255 0.0929215686274511 0.16858024691358 0.398953917638856 0.416300884400267 0.512634487797794 0.509941227547044 0 0 0 0 0.359431372549019 0.28216339869281 0 0.157228758169935 0 0.0111111111111111 0.0133790849673203 0.018764705882353 0.0129019607843137 0 0.0449803921568628 0.0139150326797386 0.0863790849673202 0.0929215686274511 0.0520833333333333 0.0446296296296297 0.594485596707819 0.520833333333333 0.235185185185185 0.302083333333333 0 0 0 0 0.124555555555556 0.360758169934641 0 0.126751633986928 0.134653594771242 0 0 0 0 0.417326797385621 0.314522875816994 0 0.298019607843137 0.0834640522875818
#NONE#
(Leaf178.txt) (listLeaf178ED.txt) (#NONE#)
(Neighbor1Leaf178.txt) (Neighbor2Leaf178.txt) (Neighbor3Leaf178.txt) (Neighbor4Leaf178.txt)
(#NONE#)
(#NONE#) (Node24.txt)
0.605684498380748 0 0 0.0989272988948048 0.000105634138771198 0 0.00338044245994054 0.00507617574201212 0 0.080943412268495 0.0435624232077358 3.50995423019684E-05 0 0.0566157382950011 0.0363665772284683 0.000638221606076913 0.0052108905754344 0.0109470514684781 0.00605432419746079 0.00383067175523292 0.0372575108903326 4.85989613707684E-05 0 0.00316047593398787 0.00215495445334683 0.0336492374727669 0.0444052287581699 0.036797385620915 0.027037037037037 0.424135076252723 0.422978213507625 0.0379237472766885 0.154464052287582 0.115633986928105 0.209595336076818 0.431773976263387 0.483313658438511 0.510044382455842 0.489565059060918 0 0 0 0 0.384755991285403 0.3949825708061 0 0.0524095860566448 0.0195664488017429 0.0336492374727669 0.0444052287581699 0.036797385620915 0.027037037037037 0.0393790849673203 0.0279956427015251 0.0379237472766885 0.102054466230937 0.0960675381263617 0.0555555555555556 0.045679012345679 0.644444444444444 0.513888888888889 0.251666666666667 0.28125 0 0 0 0 0.385712418300654 0.484477124183006 0 0.105429193899782 0.107605664488017 0 0 0 0 0.428540305010893 0.404877995642702 0 0.176949891067538 0.114010893246187
#NONE#
