5
0
True False
0.0495181003292953 0 0 0.0601321429906425 0.00119385617973292 0 0.00744711485627783 0.00679263619890623 0 0.113823058972034 0.068459836939907 4.94010127207608E-05 0 0.199345378747527 0.162070824329452 0 0.0154571407554368 0.0269698691957415 0.0587570429371848 0.00296363375957672 0.159560880254746 9.87898246480612E-05 0 0.0131637471973574 0.0541965455188126 0.628407843137255 0.779372549019608 0.612972549019608 0.277819607843137 0.612501960784314 0.520698039215686 0.21163137254902 0.195803921568628 0.52323137254902 0.681975308641975 0.481848310451312 0.543470156556014 0.508907904882374 0.401648232609587 0 0 0 0 0.612501960784314 0.520698039215686 0 0 0.52323137254902 0.628407843137255 0.779372549019608 0.612972549019608 0.277819607843137 0 0 0.21163137254902 0.195803921568628 0 0.0625 0.0837283950617284 0.928913580246914 0.5375 0.371086419753086 0.325 0 0 0 0 0.708988235294117 0.618282352941177 0 0.348172549019608 0.433701960784314 0 0 0 0 0.586250980392157 0.48883137254902 0 0.169866666666666 0.515066666666667
#NONE#
(Leaf424.txt) (listLeaf424ED.txt) (#NONE#)
(Neighbor1Leaf424.txt) (Neighbor2Leaf424.txt) (Neighbor3Leaf424.txt) (Neighbor4Leaf424.txt)
(#NONE#)
(#NONE#) (Node37.txt)
0.0495181003292953 0 0 0.0601321429906425 0.00119385617973292 0 0.00744711485627783 0.00679263619890623 0 0.113823058972034 0.068459836939907 4.94010127207608E-05 0 0.199345378747527 0.162070824329452 0 0.0154571407554368 0.0269698691957415 0.0587570429371848 0.00296363375957672 0.159560880254746 9.87898246480612E-05 0 0.0131637471973574 0.0541965455188126 0.628407843137255 0.779372549019608 0.612972549019608 0.277819607843137 0.612501960784314 0.520698039215686 0.21163137254902 0.195803921568628 0.52323137254902 0.681975308641975 0.481848310451312 0.543470156556014 0.508907904882374 0.401648232609587 0 0 0 0 0.612501960784314 0.520698039215686 0 0 0.52323137254902 0.628407843137255 0.779372549019608 0.612972549019608 0.277819607843137 0 0 0.21163137254902 0.195803921568628 0 0.0625 0.0837283950617284 0.928913580246914 0.5375 0.371086419753086 0.325 0 0 0 0 0.708988235294117 0.618282352941177 0 0.348172549019608 0.433701960784314 0 0 0 0 0.586250980392157 0.48883137254902 0 0.169866666666666 0.515066666666667
#NONE#
