69
0
True False
0.0409797751792977 0 0 0.173253104352289 0.000391447588023211 0 0.00294519754242535 0.024069857063953 8.23757156390297E-05 0.0731899447801973 0.412334652059933 0 0 0.096600646813751 0.118570346690793 0 0.00205787249532015 0.000185185185185185 0.00456969101451156 0 0.0460978123172965 0 0 0 0.00467209120138525 0.401143790849673 0.390660130718954 0.434954248366013 0.523261437908497 0.361869281045752 0.626254901960784 0.516313725490196 0.348941176470588 0.377078431372549 0.652818930041152 0.468680709705171 0.481578136280717 0.532719822988984 0.521372524374494 0 0 0 0 0.253777777777778 0.626254901960784 0 0.209183006535948 0.193790849673203 0.401143790849673 0.390660130718954 0.434954248366013 0.523261437908497 0.108091503267974 0 0.516313725490196 0.139758169934641 0.183287581699346 0.0729166666666667 0.10477366255144 0.907160493827161 0.53125 0.396604938271605 0.270833333333333 0 0 0 0 0.254732026143791 0.826686274509804 0 0.218771241830065 0.618058823529412 0 0 0 0 0.385385620915033 0.547692810457516 0 0.374575163398693 0.341039215686274
#NONE#
(Leaf216.txt) (listLeaf216ED.txt) (#NONE#)
(Neighbor1Leaf216.txt) (Neighbor2Leaf216.txt) (Neighbor3Leaf216.txt) (Neighbor4Leaf216.txt)
(#NONE#)
(#NONE#) (Node27.txt)
0.0602146118013447 2.33929759964592E-05 0.00162710196365971 0.163102686042623 0.00221238299669453 0 0.010441536136526 0.0522220684204131 0.0149921526414222 0.0636005438392213 0.285902328485058 0.00023104366772558 0.000605644165352823 0.126702192794204 0.126475415204146 0.00259111194174097 0.00513792753847621 0.0112910863779804 0.0154847093091761 0.00282061476464266 0.0435666100329386 0.00102044165578822 1.25805152979066E-05 0.00063408640120386 0.00908773032836744 0.40312020460358 0.405270247229326 0.417714691673771 0.493385620915032 0.283470304063655 0.534559818130151 0.487522023302075 0.377177607274794 0.489029269678886 0.657944176060118 0.486300327014183 0.48235513065423 0.509694104035097 0.519073430708492 0 0 0 0 0.19843989769821 0.506293833475419 0 0.292259732878659 0.419521454958795 0.40312020460358 0.405270247229326 0.417714691673771 0.493385620915032 0.0850304063654447 0.0282659846547315 0.487522023302075 0.0849178743961353 0.0695078147200909 0.0625 0.0941760601180891 0.920449096439435 0.553442028985507 0.383515834675255 0.304347826086957 0 0 0 0 0.190159704461495 0.737478829212844 0 0.352086956521739 0.722573458368855 0 0 0 0 0.296588803637397 0.483300937766411 0 0.369381642512077 0.439721511793123
#NONE#
