100
0
True False
0.711958034487394 1.38121546961326E-05 1.88347564038172E-05 0.0877788472664538 0.0251612064320175 0 0.0160463194784312 0.00149308557626256 0.00182856452972903 0.031097648218855 0.0611608975000305 2.97712307043438E-05 3.60418594780871E-05 0.00707272065818209 0.0345459416215179 0.001237695171203 0.0016254581731625 0.000485731354313307 0.00657600299182038 0.00198342675662479 0.00348357798376289 3.39552000950505E-05 0.000122300774110509 0.00034313382015793 0.0058669920045939 0.0343764705882353 0.0420756862745098 0.0595466666666666 0.0422121568627451 0.103926274509804 0.146886666666667 0.0459388235294117 0.153465882352941 0.174321568627451 0.119471604938272 0.504049264494879 0.59338025509173 0.493291552237442 0.47367878801866 0 0 0 0 0.0243458823529412 0.0550443137254902 0 0.0765956862745098 0.06926 0.0343764705882353 0.0420756862745098 0.0595466666666666 0.0422121568627451 0.0795803921568627 0.0918423529411765 0.0459388235294117 0.0768701960784313 0.105061568627451 0.039375 0.0310987654320988 0.638012345679012 0.4375 0.206804938271605 0.163125 0 0 0 0 0.095538431372549 0.128483137254902 0 0.19098 0.210615294117647 0 0 0 0 0.0963309803921569 0.137141568627451 0 0.139563921568627 0.158882352941176
#NONE#
(Leaf419.txt) (listLeaf419ED.txt) (#NONE#)
(Neighbor1Leaf419.txt) (Neighbor2Leaf419.txt) (Neighbor3Leaf419.txt) (Neighbor4Leaf419.txt)
(#NONE#)
(#NONE#) (Node35.txt)
0.711958034487394 1.38121546961326E-05 1.88347564038172E-05 0.0877788472664538 0.0251612064320175 0 0.0160463194784312 0.00149308557626256 0.00182856452972903 0.031097648218855 0.0611608975000305 2.97712307043438E-05 3.60418594780871E-05 0.00707272065818209 0.0345459416215179 0.001237695171203 0.0016254581731625 0.000485731354313307 0.00657600299182038 0.00198342675662479 0.00348357798376289 3.39552000950505E-05 0.000122300774110509 0.00034313382015793 0.0058669920045939 0.0343764705882353 0.0420756862745098 0.0595466666666666 0.0422121568627451 0.103926274509804 0.146886666666667 0.0459388235294117 0.153465882352941 0.174321568627451 0.119471604938272 0.504049264494879 0.59338025509173 0.493291552237442 0.47367878801866 0 0 0 0 0.0243458823529412 0.0550443137254902 0 0.0765956862745098 0.06926 0.0343764705882353 0.0420756862745098 0.0595466666666666 0.0422121568627451 0.0795803921568627 0.0918423529411765 0.0459388235294117 0.0768701960784313 0.105061568627451 0.039375 0.0310987654320988 0.638012345679012 0.4375 0.206804938271605 0.163125 0 0 0 0 0.095538431372549 0.128483137254902 0 0.19098 0.210615294117647 0 0 0 0 0.0963309803921569 0.137141568627451 0 0.139563921568627 0.158882352941176
#NONE#
