7
0
True False
0.557709646420516 0 0 0.234352888351389 0 0 4.26639361747513E-05 0.00430429691747127 0 0.0287166754327131 0.0427699325506567 0 0 0.0211608140119089 0.061814908439821 0 0 0.000125801987671405 0.0168872227972982 0.000125801987671405 0.00889460806203558 0 0 4.19339958904683E-05 0.0230528051087826 0.0370457516339869 0.0067843137254902 0.0215424836601307 0.13518954248366 0.117372549019608 0.0940392156862744 0.152771241830065 0.0210196078431373 0.0486274509803922 0.17917695473251 0.471597739801363 0.50491275682494 0.513181441837278 0.483558452035584 0 0 0 0 0 0 0 0 0 0.0370457516339869 0.0067843137254902 0.0215424836601307 0.13518954248366 0.117372549019608 0.0940392156862744 0.152771241830065 0.0210196078431373 0.0486274509803922 0.104166666666667 0.0510699588477366 0.778930041152264 0.520833333333333 0.245102880658436 0.208333333333333 0 0 0 0 0.0500261437908497 0.0836078431372549 0 0.0218039215686275 0 0 0 0 0 0.157882352941177 0.0828104575163397 0 0.0158431372549019 0.0474117647058825
#NONE#
(Leaf300.txt) (listLeaf300ED.txt) (#NONE#)
(Neighbor1Leaf300.txt) (Neighbor2Leaf300.txt) (Neighbor3Leaf300.txt) (Neighbor4Leaf300.txt)
(#NONE#)
(#NONE#) (Node35.txt)
0.543257822854444 0 0 0.135180852138432 0.000533735782383039 0 0.00147083640945178 0.00202732747586454 0 0.145833194517479 0.0378936366942126 0 0 0.0356255306247341 0.0361749318373891 0.000865020061103544 0.00208494309049711 0.000109129184026877 0.00959906633381435 0.000716516950764359 0.0339244652713168 0 0 0.000183613851884739 0.0145193769222022 0.0444705882352941 0.033719887955182 0.0422801120448179 0.113736694677871 0.11950700280112 0.061798319327731 0.117282913165266 0.05896918767507 0.0433781512605042 0.16358024691358 0.484782235749841 0.465977487142163 0.497000009378294 0.478125179130159 0 0 0 0 0 0 0 0 0 0.0444705882352941 0.033719887955182 0.0422801120448179 0.113736694677871 0.11950700280112 0.061798319327731 0.117282913165266 0.05896918767507 0.0433781512605042 0.0892857142857143 0.046984126984127 0.797407407407407 0.5 0.269911816578483 0.241071428571429 0 0 0 0 0.0554733893557423 0.0391540616246499 0 0.0377422969187674 0.0397198879551821 0 0 0 0 0.134336134453782 0.0739047619047618 0 0.0509579831932772 0.0414285714285715
#NONE#
