1
0
True False
0.504938271604938 0 0 0.380987654320988 0 0 0 0 0 0.107530864197531 0 0 0 0.00222222222222222 0 0 0 0.000740740740740741 0 0 0.00185185185185185 0.00160493827160494 0 0.000123456790123457 0 0.0638823529411765 0.0560392156862745 0.0549019607843137 0.137529411764706 0.156313725490196 0.117960784313725 0.157882352941176 0.189137254901961 0.136705882352941 0.00679012345679012 0.539484126984127 0.27797619047619 0.494008064738863 0.495828154776701 0 0 0 0 0 0 0 0 0 0.0638823529411765 0.0560392156862745 0.0549019607843137 0.137529411764706 0.156313725490196 0.117960784313725 0.157882352941176 0.189137254901961 0.136705882352941 0 0.00395061728395062 0.486913580246914 0.3125 0.0574074074074074 0.0625 0 0 0 0 0.165882352941176 0.109529411764706 0 0.174078431372549 0.123098039215686 0 0 0 0 0.143098039215686 0.0995294117647059 0 0.17156862745098 0.123647058823529
#NONE#
(Leaf310.txt) (listLeaf310ED.txt) (#NONE#)
(Neighbor1Leaf310.txt) (Neighbor2Leaf310.txt) (Neighbor3Leaf310.txt) (Neighbor4Leaf310.txt)
(#NONE#)
(#NONE#) (Node35.txt)
0.504938271604938 0 0 0.380987654320988 0 0 0 0 0 0.107530864197531 0 0 0 0.00222222222222222 0 0 0 0.000740740740740741 0 0 0.00185185185185185 0.00160493827160494 0 0.000123456790123457 0 0.0638823529411765 0.0560392156862745 0.0549019607843137 0.137529411764706 0.156313725490196 0.117960784313725 0.157882352941176 0.189137254901961 0.136705882352941 0.00679012345679012 0.539484126984127 0.27797619047619 0.494008064738863 0.495828154776701 0 0 0 0 0 0 0 0 0 0.0638823529411765 0.0560392156862745 0.0549019607843137 0.137529411764706 0.156313725490196 0.117960784313725 0.157882352941176 0.189137254901961 0.136705882352941 0 0.00395061728395062 0.486913580246914 0.3125 0.0574074074074074 0.0625 0 0 0 0 0.165882352941176 0.109529411764706 0 0.174078431372549 0.123098039215686 0 0 0 0 0.143098039215686 0.0995294117647059 0 0.17156862745098 0.123647058823529
#NONE#
