94
0
True False
0.137027801598706 0 0 0.107657321303673 0.019164447428227 0 0.0118853080405344 3.23469911706943E-05 0 0.0954727933069703 0.124049128963346 0 0.000144193136406707 0.0420604455973316 0.130129863758795 0.00688074796367049 0.00255351516464096 0.00252594556608951 0.0444165448771688 0.000323406751280854 0.177972053932805 0 0 0.000646919163692451 0.0970572164554907 0.582996265172736 0.799901960784314 0.749460317460317 0.595048552754435 0.177925303454715 0.171649859943978 0.539347338935574 0.196812324929972 0.1595639589169 0.529952968841858 0.497919401563909 0.48091740873612 0.485864459328973 0.514973939267056 0 0 0 0 0.00852754435107376 0.0248870214752568 0 0.0160196078431372 0.00799626517273575 0.582996265172736 0.799901960784314 0.749460317460317 0.595048552754435 0.169397759103641 0.146762838468721 0.539347338935574 0.180792717086835 0.151567693744164 0.0848214285714286 0.085217519106408 0.931546149323927 0.55952380952381 0.418256907701352 0.322916666666667 0 0 0 0 0.239071895424837 0.220553688141923 0 0.315032679738562 0.177992530345472 0 0 0 0 0.1661279178338 0.160972922502334 0 0.174321195144725 0.155526610644258
#NONE#
(Leaf167.txt) (listLeaf167ED.txt) (#NONE#)
(Neighbor1Leaf167.txt) (Neighbor2Leaf167.txt) (Neighbor3Leaf167.txt) (Neighbor4Leaf167.txt)
(#NONE#)
(#NONE#) (Node32.txt)
0.147558890086375 0 0 0.132945439824239 0.017377719261029 0 0.016746270668646 0.00972055335346563 0.00341682271609395 0.0819028302071489 0.120527205453822 0.00027095284475682 0.00172550192772538 0.0491961514789053 0.134391396308903 0.00992546487484984 0.0052685628285321 0.00662663531029897 0.053167037405007 0.00263481538222558 0.12433331718656 0.000556831778443111 1.32006454822889E-05 0.000943866698193226 0.0807505337592975 0.597786816854401 0.7516741760534 0.738992907801418 0.608844806007509 0.169866499791406 0.177076762619942 0.548659157279933 0.204507300792657 0.154586149353358 0.509669030732861 0.484561140531008 0.466213096482383 0.500810250175452 0.519433469917999 0 0 0 0 0.0193304130162704 0.0566195244055069 0 0.0335323320817689 0.0231451814768461 0.597786816854401 0.7516741760534 0.738992907801418 0.608844806007509 0.150536086775136 0.120457238214435 0.548659157279933 0.170974968710889 0.131440967876512 0.0791223404255319 0.0931547149986866 0.904796427633307 0.551196808510638 0.384933018124507 0.298537234042553 0 0 0 0 0.176405924071756 0.15405173133083 0 0.274485607008761 0.166211931581143 0 0 0 0 0.16956403838131 0.179589486858573 0 0.187760534000834 0.149753858990405
#NONE#
