60
0
True False
0.0458653176701952 0 0 0.151733639942425 0.000370370370370371 0 0.0109940506845934 0.00065472995562084 0.000432098765432099 0.0561777559350276 0.204234529332646 0 0 0.0775597394065144 0.265892579708966 0 0.00112345679012346 0.00323456790123457 0.0370210823621271 0 0.123716677816944 0 0 0 0.02098940335778 0.5518 0.333266666666667 0.548705882352941 0.611898039215686 0.331023529411765 0.646223529411765 0.70156862745098 0.224576470588235 0.599674509803922 0.66462962962963 0.487165188633749 0.518779988061118 0.508067349195207 0.465605863856167 0 0 0 0 0.161423529411765 0.646223529411765 0 0.0837843137254901 0.599674509803922 0.5518 0.333266666666667 0.548705882352941 0.611898039215686 0.1696 0 0.70156862745098 0.140792156862745 0 0.0875 0.099 0.94658024691358 0.5625 0.426753086419753 0.33125 0 0 0 0 0.324686274509804 0.675737254901961 0 0.112125490196079 0.624207843137255 0 0 0 0 0.333082352941177 0.597466666666667 0 0.256749019607843 0.586533333333333
#NONE#
(Leaf379.txt) (listLeaf379ED.txt) (#NONE#)
(Neighbor1Leaf379.txt) (Neighbor2Leaf379.txt) (Neighbor3Leaf379.txt) (Neighbor4Leaf379.txt)
(#NONE#)
(#NONE#) (Node27.txt)
0.0521774537319649 4.35215120616762E-05 1.88371216878062E-05 0.132384461313962 0.00401978781080942 0 0.0164494443417442 0.0268357952882512 0.005379453738828 0.0709512722720601 0.184836262744119 0.00123070664639514 0.00095555609241832 0.0926677504454022 0.217004503600556 0.00449496679668659 0.0105755608361796 0.0134099027306304 0.037413506593451 0.00385868868086167 0.0841086192433714 8.13226539992447E-05 0 0.00340962268312829 0.0376930031214315 0.459974509803921 0.383830718954248 0.534993464052288 0.586692810457516 0.350533333333333 0.651039869281046 0.647501960784314 0.266766013071895 0.592433986928105 0.657047325102881 0.487579167992383 0.512479461239848 0.504753178532055 0.465532944510885 0 0 0 0 0.200925490196078 0.651039869281046 0 0.124362091503268 0.556978431372549 0.459974509803921 0.383830718954248 0.534993464052288 0.586692810457516 0.149607843137255 0 0.647501960784314 0.142403921568627 0.0354555555555555 0.084375 0.0930864197530864 0.924057613168724 0.551041666666667 0.396890946502058 0.326041666666667 0 0 0 0 0.46302614379085 0.784450980392157 0 0.165342483660131 0.75757385620915 0 0 0 0 0.326796078431373 0.600102614379085 0 0.279087581699346 0.546783660130719
#NONE#
