68
0
True False
0.206428921670387 0 0 0.248790468544584 0.000428699069561192 0 0.00653535852790489 0.00881010706996889 0 0.0632646503361652 0.235238337265868 0 0 0.0373087604827701 0.136871187799104 0.0008042314338258 0.00318919089615833 0.00099015062064809 0.0185060926276429 0.00101480126027857 0.0116039982039295 3.3003300330033E-05 0 5.76772545626828E-05 0.0201243636363104 0.432117647058824 0.400065359477124 0.285341176470588 0.528588235294118 0.584520261437908 0.149116339869281 0.468993464052288 0.187312418300654 0.0987921568627451 0.386378600823045 0.459513819716996 0.350879412838795 0.512477826103492 0.581126225663135 0 0 0 0 0.495639215686275 0.0285647058823529 0 0.0757490196078431 0 0.432117647058824 0.400065359477124 0.285341176470588 0.528588235294118 0.0888810457516339 0.120551633986928 0.468993464052288 0.11156339869281 0.0987921568627451 0.0458333333333333 0.0848724279835391 0.918477366255144 0.554166666666667 0.371004115226337 0.2875 0 0 0 0 0.894870588235294 0.19517385620915 0 0.134023529411765 0.0717437908496732 0 0 0 0 0.525822222222222 0.160264052287582 0 0.197892810457516 0.098721568627451
#NONE#
(Leaf262.txt) (listLeaf262ED.txt) (#NONE#)
(Neighbor1Leaf262.txt) (Neighbor2Leaf262.txt) (Neighbor3Leaf262.txt) (Neighbor4Leaf262.txt)
(#NONE#)
(#NONE#) (Node31.txt)
0.205004175019598 0 0 0.230406206745103 0.013251015561687 0 0.0216315015655197 0.00757868744554805 0.00238425914499637 0.0807347280947728 0.217364044540545 3.81960317772568E-05 0.000212806993292379 0.0416204630758418 0.0961009086920737 0.0103871538979715 0.00728448767857165 0.00250627098927009 0.0145529906794465 0.0029025612869841 0.028969559039881 0.000280375495609761 2.41126744589396E-05 0.000933532603945825 0.0158319627431055 0.444214532871972 0.39229815455594 0.23983967704729 0.50673875432526 0.5310184544406 0.183836793540946 0.433610726643599 0.20093598615917 0.110494809688581 0.366501452432825 0.477704781048189 0.372438872651179 0.500614617195119 0.565931348515058 0 0 0 0 0.460138985005767 0.0424152249134948 0 0.0722681660899654 0.00854440599769319 0.444214532871972 0.39229815455594 0.23983967704729 0.50673875432526 0.0708794694348328 0.141421568627451 0.433610726643599 0.128667820069204 0.101950403690888 0.0643382352941176 0.0815286855482934 0.903770878721859 0.542279411764706 0.361105664488018 0.291360294117647 0 0 0 0 0.828850057670127 0.229204728950404 0 0.124053633217993 0.0838189158016147 0 0 0 0 0.474636101499423 0.178725490196078 0 0.210877162629758 0.110818339100346
#NONE#
