22
0
True False
0.444618984258024 0 0 0.0353985713887237 0 0 0 0 0 0.362059516897812 0 0 0 0.0170464711222526 0 0.0501457081794515 8.4228258580754E-05 0.00570997888493638 0.00952482195180584 0.0401627819908267 0.00575762277790168 0.00799892775036705 0 0.0195639079412379 0.00192847859807991 0.0453986928104575 0.0635294117647059 0.0801699346405229 0.178339869281046 0.142274509803922 0.0908496732026144 0.147477124183006 0.453699346405229 0.101320261437908 0.105802469135803 0.627977879562513 0.327895867801575 0.482452447926764 0.515971280926174 0 0 0 0 0 0 0 0.453699346405229 0 0.0453986928104575 0.0635294117647059 0.0801699346405229 0.178339869281046 0.142274509803922 0.0908496732026144 0.147477124183006 0 0.101320261437908 0.0416666666666667 0.0221399176954733 0.784732510288066 0.5 0.225555555555556 0.0833333333333333 0 0 0 0 0.0744444444444445 0.188274509803922 0 0.115725490196079 0.11716339869281 0 0 0 0 0.138287581699346 0.0676209150326796 0 0.49235294117647 0.086718954248366
#NONE#
(Leaf102.txt) (listLeaf102ED.txt) (#NONE#)
(Neighbor1Leaf102.txt) (Neighbor2Leaf102.txt) (Neighbor3Leaf102.txt) (Neighbor4Leaf102.txt)
(#NONE#)
(#NONE#) (Node19.txt)
0.361654433436424 0.000133128046027575 0 0.192987790308285 9.59445244812651E-05 0 0.00465955199041885 0.0103953159196752 0.000260467916140907 0.151967772364018 0.0690766930480768 0 0 0.0568324741715363 0.0448453914216142 0.031681897476359 0.0062272324555322 0.00657809252627234 0.00803007860800747 0.0147666296633714 0.0242406777534424 0.00174936591398666 0.00254288520702726 0.00376331998727219 0.00751085726203089 0.063108734402852 0.099903743315508 0.139163992869875 0.139586452762923 0.13355614973262 0.211146167557932 0.136541889483066 0.446832442067736 0.168388591800357 0.266436588103255 0.547020856438232 0.498994590234234 0.476219005857575 0.482821094045895 0 0 0 0 0.00249019607843137 0.107080213903743 0 0.446832442067736 0.0563939393939394 0.063108734402852 0.099903743315508 0.139163992869875 0.139586452762923 0.131065953654189 0.104065953654189 0.136541889483066 0 0.111994652406417 0.0823863636363636 0.0633052749719416 0.830886644219978 0.536931818181818 0.319708193041526 0.252840909090909 0 0 0 0 0.0630106951871658 0.20955614973262 0 0.226402852049911 0.16024064171123 0 0 0 0 0.14955614973262 0.209700534759358 0 0.466860962566845 0.173089126559715
#NONE#
