99
0
True False
0.329275062847926 0 0 0.226278388565107 0.000186011904761905 0 0.00437774792529758 0.0698834837166277 0 0.0785698920198577 0.113012828228612 1.61791353870049E-05 4.65260545905707E-05 0.044113804289178 0.0403045163726505 0.0311061604250779 0.011502669906273 9.49727744713183E-05 0.00520676068286072 0.00262014304204171 0.0356909933120656 0 0.00021891418563923 0 0.0074949446115733 0.119794117647059 0.205598039215686 0.398602941176471 0.112524509803922 0.11821568627451 0.212598039215686 0.14221568627451 0.0456078431372549 0.139975490196078 0.290324074074074 0.493866230016089 0.691026740830198 0.491612003397096 0.416185152375177 0 0 0 0 0 0.115549019607843 0 0 0 0.119794117647059 0.205598039215686 0.398602941176471 0.112524509803922 0.11821568627451 0.0970490196078431 0.14221568627451 0.0456078431372549 0.139975490196078 0.046875 0.0778395061728395 0.90766975308642 0.53125 0.36341049382716 0.21875 0 0 0 0 0.146019607843137 0.229651960784314 0 0.00542647058823529 0.0819411764705882 0 0 0 0 0.10431862745098 0.204882352941176 0 0.0607107843137255 0.145308823529412
#NONE#
(Leaf92.txt) (listLeaf92ED.txt) (#NONE#)
(Neighbor1Leaf92.txt) (Neighbor2Leaf92.txt) (Neighbor3Leaf92.txt) (Neighbor4Leaf92.txt)
(#NONE#)
(#NONE#) (Node19.txt)
0.248229647693581 2.97184678008814E-05 0.000138786244575816 0.188415745842014 0.107271142411878 0 0.0371675368173484 0.0245896834003197 0.00208571030917628 0.103175356027382 0.0961068754851897 9.6214449080971E-05 0.00521867970827468 0.054307406683797 0.050113426896338 0.010638423791894 0.00693317170019341 0.00894671784601186 0.0124222992789271 0.00304602899516213 0.0272203902605844 0.00101584939336859 5.78086172698726E-05 0.00103061149272226 0.01174276818711 0.146646464646465 0.205332144979204 0.413694196870667 0.129669637551991 0.132500297088532 0.238204793028323 0.162285601109131 0.145363438304615 0.166923351158645 0.302225963337074 0.463217321031789 0.582916465559662 0.504309212142144 0.456454875361272 0 0 0 0 0.0299857397504456 0.137769459298871 0 0.0451471578530402 0.0475773420479303 0.146646464646465 0.205332144979204 0.413694196870667 0.129669637551991 0.102514557338087 0.100435333729451 0.162285601109131 0.100216280451575 0.119346009110715 0.0681818181818182 0.0727472253398179 0.871000124703828 0.521464646464647 0.346815064222472 0.264520202020202 0 0 0 0 0.0880855614973262 0.154523271935037 0 0.0792465834818776 0.104310556545851 0 0 0 0 0.140228560110913 0.248009506833036 0 0.155815012873836 0.17732541097247
#NONE#
