5
0
True False
0.524023461874454 0 0 0.0278297766130039 0 0 0 0 0 0.0990889804068389 0.0837389242480968 0 0 0.0340696368401348 0.128665917883439 0.0309497067265693 0.00960938474978161 0 0.00149756645451142 0.0128541120678897 0.0471733433171097 0 0 0 0.000499188818170473 0.00784313725490196 0.00470588235294118 0.0355686274509804 0.00784313725490196 0.0106274509803922 0.186509803921569 0.00784313725490196 0.0160392156862745 0.166235294117647 0.293703703703704 0.490932848009706 0.749666340006533 0.497808937798288 0.389807912278626 0 0 0 0 0 0 0 0 0 0.00784313725490196 0.00470588235294118 0.0355686274509804 0.00784313725490196 0.0106274509803922 0.186509803921569 0.00784313725490196 0.0160392156862745 0.166235294117647 0.0625 0.0560493827160494 0.738641975308642 0.4375 0.293333333333333 0.1875 0 0 0 0 0.034156862745098 0.163647058823529 0 0.0184705882352941 0.26356862745098 0 0 0 0 0.00117647058823529 0.178666666666667 0 0.00235294117647059 0.139529411764706
#NONE#
(Leaf144.txt) (listLeaf144ED.txt) (#NONE#)
(Neighbor1Leaf144.txt) (Neighbor2Leaf144.txt) (Neighbor3Leaf144.txt) (Neighbor4Leaf144.txt)
(#NONE#)
(#NONE#) (Node24.txt)
0.546795067681962 0 0 0.130702564764565 0 0 0.000207927225471086 0.0192705825426407 0 0.0614698460826616 0.0632299652423842 0.000493827160493828 0 0.0211603129647387 0.0822244246037978 0.0099066405006095 0.00311745849641506 0.00345679012345678 0.00831776650076715 0.0196728367085747 0.0250644396966839 0 0 0.00301494476933074 0.00189460493544687 0.0175450980392157 0.0202588235294118 0.0328941176470588 0.0183294117647059 0.159717647058823 0.313192156862745 0.0211058823529412 0.0594588235294117 0.159027450980392 0.244592592592592 0.47339006851854 0.630496425527348 0.495005647233691 0.437576887934213 0 0 0 0 0 0.275890196078431 0 0 0 0.0175450980392157 0.0202588235294118 0.0328941176470588 0.0183294117647059 0.159717647058823 0.0373019607843138 0.0211058823529412 0.0594588235294117 0.159027450980392 0.0375 0.0477530864197531 0.662444444444445 0.45 0.261654320987654 0.225 0 0 0 0 0.112776470588235 0.0689882352941176 0 0.037843137254902 0.135505882352941 0 0 0 0 0.157858823529412 0.336894117647059 0 0.054721568627451 0.164580392156863
#NONE#
