10
0
True False
0.900727701682419 0 0 0.0272035121629313 0 0 0 0 0 0.0384869487545096 0.0139606398002534 0 0 0.00443861032744695 0.00374117111958381 0.000784611490761832 0.00241837000921924 2.50657977190124E-05 2.49283310482364E-05 0.00139156414415987 0.00619782012356425 0 0 0 0.000599056256383461 0.0119372549019608 0.0111529411764706 0.0111529411764706 0.00958431372549019 0.015756862745098 0.0191921568627451 0.0103686274509804 0.0331686274509803 0.295803921568627 0.0295802469135802 0.589488828408935 0.553652298931355 0.489830902233514 0.489546637578855 0 0 0 0 0 0 0 0 0 0.0119372549019608 0.0111529411764706 0.0111529411764706 0.00958431372549019 0.015756862745098 0.0191921568627451 0.0103686274509804 0.0331686274509803 0.295803921568627 0.0375 0.012641975308642 0.307234567901234 0.25 0.102987654320988 0.1375 0 0 0 0 0.0109803921568627 0.0601960784313725 0 0.125152941176471 0.954705882352941 0 0 0 0 0.0104156862745098 0.0131137254901961 0 0.0158352941176471 0.188988235294118
#NONE#
(Leaf282.txt) (listLeaf282ED.txt) (#NONE#)
(Neighbor1Leaf282.txt) (Neighbor2Leaf282.txt) (Neighbor3Leaf282.txt) (Neighbor4Leaf282.txt)
(#NONE#)
(#NONE#) (Node36.txt)
0.823615781267571 0 0 0.069834277051004 0 0 0 0.000792423402345866 0 0.0445768486691525 0.0203740596594333 0 0 0.0268000495602755 0.00705109279194789 0.000392305745380916 0.00120918500460962 2.50501100248586E-05 0.000768652107946911 0.000695782072079933 0.00335099453433655 0 0 0 0.00051349802389081 0.0111803921568627 0.0117450980392157 0.0108274509803921 0.00916078431372549 0.012043137254902 0.049521568627451 0.00961176470588235 0.0208509803921568 0.325172549019608 0.0781604938271605 0.548744819644772 0.602514649058062 0.492711798110316 0.475343479000758 0 0 0 0 0 0.0358823529411765 0 0 0 0.0111803921568627 0.0117450980392157 0.0108274509803921 0.00916078431372549 0.012043137254902 0.0136392156862745 0.00961176470588235 0.0208509803921568 0.325172549019608 0.0625 0.0281975308641975 0.349950617283951 0.2625 0.127160493827161 0.1375 0 0 0 0 0.00904705882352941 0.061521568627451 0 0.0645411764705882 0.908737254901961 0 0 0 0 0.0110313725490196 0.0435098039215687 0 0.00848235294117647 0.22163137254902
#NONE#
