33
0
True False
0.594641418030449 0 0 0.0905657307771838 0 0 0.000466431273755451 0.00101521449836057 0 0.111308400618148 0.0860719615139308 0 0 0.0559654250189567 0.0419938890978537 0 0.00101536200208603 0.000342977871067759 0.00198917341655585 0 0.0130601299440672 0 0 0 0.00156388593758548 0.0532941176470588 0.0505838779956427 0.0493681917211329 0.0517821350762527 0.224832244008715 0.19959477124183 0.0533986928104575 0.307947712418301 0.455420479302832 0.283168724279836 0.541855684076789 0.527961765577695 0.477937490362086 0.478438014456063 0 0 0 0 0.182300653594771 0.0726666666666667 0 0.231294117647059 0.422318082788671 0.0532941176470588 0.0505838779956427 0.0493681917211329 0.0517821350762527 0.0425315904139434 0.126928104575163 0.0533986928104575 0.0766535947712419 0.0331023965141612 0.0694444444444444 0.049437585733882 0.60278463648834 0.493055555555556 0.235679012345679 0.243055555555556 0 0 0 0 0.147677559912854 0.120549019607843 0 0.278588235294118 0.697485838779957 0 0 0 0 0.239507625272331 0.196570806100218 0 0.300474945533769 0.418631808278867
#NONE#
(Leaf176.txt) (listLeaf176ED.txt) (#NONE#)
(Neighbor1Leaf176.txt) (Neighbor2Leaf176.txt) (Neighbor3Leaf176.txt) (Neighbor4Leaf176.txt)
(#NONE#)
(#NONE#) (Node15.txt)
0.568795579017146 0 0 0.105643838877976 0.000309159636042572 0 0.00477703671607082 0.00822776382437063 0 0.0907847712224591 0.0538356118098177 0.000118402546892507 0.00158312831828029 0.0494953442612096 0.0218540285692594 0.0110279790420179 0.00438802942538443 0.0100021899041928 0.00339197790603902 0.0135815178786552 0.0396781932530549 0.000806934974627234 0.00159112573727603 0.00548225455291733 0.00462513252631017 0.0349411764705882 0.0400439691027926 0.0551420083184789 0.035845513963161 0.27053238265003 0.181339275103981 0.0383683897801545 0.35491027926322 0.48022816399287 0.24662177328844 0.513135678578871 0.509788767115091 0.486302146943376 0.484805759513996 0 0 0 0 0.204098633392751 0.0501556743909685 0 0.23592513368984 0.407412953060012 0.0349411764705882 0.0400439691027926 0.0551420083184789 0.035845513963161 0.0664337492572787 0.131183600713012 0.0383683897801545 0.118985145573381 0.072815210932858 0.0549242424242424 0.0478226711560045 0.680123456790123 0.503787878787879 0.251829405162739 0.246212121212121 0 0 0 0 0.185408199643494 0.157826500297089 0 0.416390968508616 0.822449197860963 0 0 0 0 0.282764111705288 0.175715983363042 0 0.331815805109923 0.420206773618538
#NONE#
