62
0
True False
0.0922259893005036 0 0 0.256429664846803 0.00185811336932092 0 0.0277103130786829 0.00331405835462329 0 0.00138315211026092 0.319783947885073 0 0 0.000246950166812288 0.219693567519928 0 0 0 0.0360031113843929 0 0.015444261200551 0 0 0 0.0259068707830486 0.525592156862745 0.545874509803921 0.518 0.615364705882353 0.533890196078431 0.627419607843137 0.61081568627451 0.243341176470588 0.371270588235294 0.521851851851852 0.401745374925268 0.432721498363424 0.589493336143193 0.55265559532847 0 0 0 0 0.488313725490196 0.627419607843137 0 0 0.281827450980392 0.525592156862745 0.545874509803921 0.518 0.615364705882353 0.0455764705882352 0 0.61081568627451 0.243341176470588 0.089443137254902 0.0375 0.0699753086419753 0.927135802469136 0.55 0.348567901234568 0.25 0 0 0 0 0.663011764705882 0.814258823529412 0 0.174329411764706 0.147992156862745 0 0 0 0 0.508737254901961 0.578611764705882 0 0.232454901960784 0.379011764705882
#NONE#
(Leaf222.txt) (listLeaf222ED.txt) (#NONE#)
(Neighbor1Leaf222.txt) (Neighbor2Leaf222.txt) (Neighbor3Leaf222.txt) (Neighbor4Leaf222.txt)
(#NONE#)
(#NONE#) (Node38.txt)
0.0641156685520872 0 0.00013597314845339 0.157927516884971 0.00479938216383476 0 0.0148607399285762 0.0302337950254626 0.00932618814745967 0.0582293961603536 0.26633179521816 0.000451010204593319 0.000157743899330244 0.0878283832249161 0.191815900494663 0.00265662080476804 0.0101870349980249 0.0106561501687965 0.0234678753196263 0.000338798275410572 0.0433993137496353 3.58913137071819E-05 8.56972726572694E-05 0.000128409038830812 0.0228307160056813 0.470258064516129 0.456401644528779 0.454390259329538 0.553136622390892 0.554594560404807 0.657290322580645 0.574242251739406 0.302904490828589 0.326534471853257 0.643849064117881 0.466375560714133 0.459884925834139 0.527773017589246 0.541314198796079 0 0 0 0 0.550919038583175 0.657290322580645 0 0.224181530676787 0.253945604048071 0.470258064516129 0.456401644528779 0.454390259329538 0.553136622390892 0.00367552182163187 0 0.574242251739406 0.0787229601518027 0.0725888678051866 0.0826612903225806 0.0933651931501394 0.928815213062525 0.553427419354839 0.395778574273198 0.301411290322581 0 0 0 0 0.623710942441493 0.841275142314991 0 0.130530044275775 0.131419987349779 0 0 0 0 0.526037318153068 0.594635673624288 0 0.329554712207464 0.350628083491461
#NONE#
