69
0
True False
0.016262726560357 0 0 0.0264636609772823 0.000603747043604444 0 0.00190157033983911 0.00115326992645131 0 0.0191825707369967 0.123638078195883 0 6.86125176677233E-06 0.022584086645874 0.710044679586984 0.00654833253386749 0.00447577326607909 0.00164710587947376 0.0114862556577065 0.00665832625314817 0.0313079120940001 3.43138899841072E-05 4.80558945073773E-05 0.00142062421404001 0.0145320490521537 0.491492374727669 0.584605664488017 0.602718954248366 0.57222440087146 0.715520697167756 0.380250544662309 0.576540305010893 0.666455337690632 0.660666666666667 0.862489711934156 0.492280072089871 0.487920413981868 0.50835091909381 0.534103557013769 0 0 0 0 0.715520697167756 0.297416122004357 0 0.666455337690632 0.660666666666667 0.491492374727669 0.584605664488017 0.602718954248366 0.57222440087146 0 0.0828344226579521 0.576540305010893 0 0 0.0173611111111111 0.0672496570644719 0.608545953360768 0.402777777777778 0.192469135802469 0.131944444444444 0 0 0 0 0.912087145969499 0.29841394335512 0 0.701492374727669 0.656864923747277 0 0 0 0 0.628525054466231 0.385448801742919 0 0.646485838779956 0.644651416122004
#NONE#
(Leaf244.txt) (listLeaf244ED.txt) (#NONE#)
(Neighbor1Leaf244.txt) (Neighbor2Leaf244.txt) (Neighbor3Leaf244.txt) (Neighbor4Leaf244.txt)
(#NONE#)
(#NONE#) (Node26.txt)
0.0455505135264324 0 0.000237178494031326 0.0587645744599333 0.00309755265637274 0 0.00945210436228433 0.00392737656804172 0.00436341693194733 0.033429083425353 0.142210533563918 0 1.78989176524496E-06 0.0369507775627287 0.445652966992946 0.00312556795039146 0.00695770320911253 0.0124116095865284 0.051655296763946 0.00758861061700468 0.0751687073299712 0.00014672207042348 1.61303075655875E-05 0.00244049443451526 0.0568512892947878 0.589110542767832 0.640136970730321 0.578115373685706 0.650453537936914 0.724489911906792 0.308597328786587 0.646487070190395 0.693696504688832 0.664841148053424 0.774952585435677 0.50177774600208 0.46256165827167 0.476223187230239 0.575214356676982 0 0 0 0 0.724489911906792 0.212824097755044 0 0.685041204887752 0.664841148053424 0.589110542767832 0.640136970730321 0.578115373685706 0.650453537936914 0 0.095773231031543 0.646487070190395 0.00865529980107984 0 0.0389492753623188 0.0730524244050814 0.79297548756486 0.480978260869565 0.293333333333333 0.231884057971014 0 0 0 0 0.865662972435351 0.191342995169082 0 0.77097357203751 0.77235350951975 0 0 0 0 0.667074737141233 0.324469451548736 0 0.660841716396704 0.623909633418585
#NONE#
