84
0
True False
0.233087947211672 0 0 0.209440512845118 0.0712880973304148 0 0.0841396038764279 0.000482892201437711 0 0.0139240537812967 0.222559369565725 0 0 0.00131538535615246 0.113548842202387 0 0 0 0.0120536909896611 0 0.0048971702121676 0 0 0 0.0332624344275393 0.213736185383244 0.273846702317291 0.154356506238859 0.316385026737968 0.251044563279857 0.219258467023173 0.345729055258467 0.717151515151515 0.180563279857398 0.329371492704826 0.511681912102679 0.429977069014878 0.484585174059441 0.523364268277882 0 0 0 0 0.161201426024955 0.0865775401069519 0 0.717151515151515 0.067632798573975 0.213736185383244 0.273846702317291 0.154356506238859 0.316385026737968 0.089843137254902 0.132680926916221 0.345729055258467 0 0.112930481283422 0.0852272727272727 0.0658922558922559 0.871481481481481 0.528409090909091 0.299259259259259 0.255681818181818 0 0 0 0 0.0943529411764705 0.2270623885918 0 0.879597147950089 0.100235294117647 0 0 0 0 0.272795008912656 0.208552584670232 0 0.619636363636364 0.201957219251337
#NONE#
(Leaf403.txt) (listLeaf403ED.txt) (#NONE#)
(Neighbor1Leaf403.txt) (Neighbor2Leaf403.txt) (Neighbor3Leaf403.txt) (Neighbor4Leaf403.txt)
(#NONE#)
(#NONE#) (Node13.txt)
0.169752457112499 0 0.00150557687092854 0.258527478338886 0.0229557694055775 0 0.036942656127013 0.0299528901318678 0.00236848953912755 0.0578627292037782 0.185192691469323 0.000155224374867888 0.00291583813896333 0.0593896498722933 0.0853205974321101 0.00132795818772688 0.00330262911691454 0.010372177202614 0.0130147659596236 0.00580644670850936 0.0376803672376128 0.000165980067585492 1.7636684303351E-05 0.000421839292774342 0.0150481515251006 0.237609243697479 0.275573762838469 0.250273576097105 0.307377217553688 0.233819327731092 0.194351540616247 0.318769841269841 0.651906629318394 0.210793183940243 0.395017636684303 0.54063874890675 0.459582295786774 0.465903995374729 0.508736172918499 0 0 0 0 0.097280578898226 0.0739318394024276 0 0.643922969187675 0.0871134453781513 0.237609243697479 0.275573762838469 0.250273576097105 0.307377217553688 0.136538748832867 0.120419701213819 0.318769841269841 0.00798366013071895 0.123679738562092 0.078125 0.0798941798941799 0.915567313345091 0.546130952380952 0.373536155202822 0.286458333333333 0 0 0 0 0.196936507936508 0.148431839402428 0 0.867830532212885 0.0648048552754435 0 0 0 0 0.237879551820728 0.201416900093371 0 0.582922969187675 0.229034547152194
#NONE#
