70
0
True False
0.0200927790298811 0 0 0.0174879295400486 6.92885452177047E-06 0 0.00041989115442698 0.000577198297401273 1.02880658436214E-05 0.0126559328578535 0.112456710559267 0 0 0.0139727999737744 0.675995821330165 0.00124234159540221 0.00175479949669395 0.00176428558709936 0.0922033155501556 0.000834279040509729 0.0144369397695487 0 6.86040490790894E-06 1.71586666241121E-05 0.0340637402258749 0.426601307189542 0.594420479302832 0.657668845315904 0.535270152505447 0.693214596949891 0.722285403050109 0.540735294117647 0.704088235294118 0.755589324618736 0.872218792866941 0.495013857558957 0.491850745706852 0.490016533319379 0.507503310640107 0 0 0 0 0.693214596949891 0.722285403050109 0 0.704088235294118 0.755589324618736 0.426601307189542 0.594420479302832 0.657668845315904 0.535270152505447 0 0 0.540735294117647 0 0 0.0260416666666667 0.0616598079561042 0.62269890260631 0.361111111111111 0.144506172839506 0.140625 0 0 0 0 0.712777777777778 0.76076688453159 0 0.709423747276688 0.784796296296296 0 0 0 0 0.669664488017429 0.696837690631808 0 0.68731045751634 0.729075163398693
#NONE#
(Leaf207.txt) (listLeaf207ED.txt) (#NONE#)
(Neighbor1Leaf207.txt) (Neighbor2Leaf207.txt) (Neighbor3Leaf207.txt) (Neighbor4Leaf207.txt)
(#NONE#)
(#NONE#) (Node26.txt)
0.0233575434016757 0 0 0.0276406934491131 0.00404552126110541 0 0.00439652688839258 0.00393613721916175 0.00976750781886656 0.0149116113725741 0.128370538979481 0.000194010064284342 1.76388619406276E-06 0.0166464272156996 0.558010244300149 0.00566112804015308 0.00395451790680354 0.0037433789208164 0.0883068067959166 0.00139244508947365 0.0597220453533506 0.00138977072310406 3.52820823835317E-06 0.00193651776078854 0.0426113353446588 0.435684593837535 0.611776470588235 0.673720448179272 0.549884033613446 0.702759663865546 0.734529411764706 0.558721568627451 0.706915966386554 0.773226330532213 0.849557319223986 0.497871593663277 0.489271708040375 0.484029904108833 0.515516918901999 0 0 0 0 0.702759663865546 0.734529411764706 0 0.706915966386554 0.773226330532213 0.435684593837535 0.611776470588235 0.673720448179272 0.549884033613446 0 0 0.558721568627451 0 0 0.0366071428571429 0.0648042328042328 0.746058201058201 0.440178571428571 0.22563315696649 0.196428571428571 0 0 0 0 0.728365266106443 0.771326050420168 0 0.737225770308123 0.842057142857143 0 0 0 0 0.677831372549019 0.706601120448179 0 0.684235854341737 0.737965266106442
#NONE#
