100
0
True False
0.0473307322899194 0 0 0.290384674116067 0 0 0.00197586418616619 0.0724437175895985 0.00319871557366926 0.0938282377554091 0.163893505892639 0.000333869172746383 0 0.0938854611992274 0.124597540768257 0 0.0106367721675325 0.000259402760129197 0.0135932920416529 0.000160553291342473 0.073247038546044 0 0 1.23502531801902E-05 0.0102182723964191 0.209086274509804 0.263737254901961 0.296301960784314 0.309145098039216 0.373427450980392 0.638894117647059 0.287709803921569 0.440596078431373 0.671462745098039 0.52641975308642 0.498767043294827 0.557293282446619 0.47880890179818 0.437307112963828 0 0 0 0 0.310035294117647 0.638894117647059 0 0.320403921568628 0.671462745098039 0.209086274509804 0.263737254901961 0.296301960784314 0.309145098039216 0.0633921568627451 0 0.287709803921569 0.120192156862745 0 0.06875 0.0759629629629629 0.936172839506173 0.5625 0.375345679012346 0.31875 0 0 0 0 0.23475294117647 0.809117647058824 0 0.477976470588235 0.748211764705882 0 0 0 0 0.374701960784314 0.593101960784314 0 0.417203921568628 0.647945098039216
#NONE#
(Leaf409.txt) (listLeaf409ED.txt) (#NONE#)
(Neighbor1Leaf409.txt) (Neighbor2Leaf409.txt) (Neighbor3Leaf409.txt) (Neighbor4Leaf409.txt)
(#NONE#)
(#NONE#) (Node33.txt)
0.09554141040891 0 0.00039627212158593 0.207149677136329 0.0330560265705266 0 0.0372394053170651 0.0178399123498945 0.00565393951072819 0.0769269869325785 0.185319285571829 0.00065444590703605 0.0049440528189286 0.0621214578100111 0.123478036501735 0.00565168657109229 0.0109091889846303 0.00467260779127005 0.0299721314560818 0.00455553324401772 0.0597474210028655 0.000259576075820467 0.00157021841908119 0.000650262283318239 0.031690465214665 0.182618823529412 0.237720784313726 0.319077254901961 0.283213725490196 0.287374117647059 0.712361568627451 0.287272156862745 0.354157647058824 0.717218823529411 0.482783950617284 0.499499876622408 0.571768015004994 0.484391824291161 0.422349051602109 0 0 0 0 0.145661176470588 0.712361568627451 0 0.19248 0.717218823529411 0.182618823529412 0.237720784313726 0.319077254901961 0.283213725490196 0.141712941176471 0 0.287272156862745 0.161677647058824 0 0.07875 0.0824555555555556 0.927386419753086 0.550625 0.376504938271605 0.294375 0 0 0 0 0.211617254901961 0.868802745098039 0 0.408334901960784 0.879472156862745 0 0 0 0 0.294119215686275 0.652432549019608 0 0.33312 0.66898862745098
#NONE#
