97
0
True False
0.0894666113972064 0 0 0.172268502805897 0 0 0.00172041523049269 0.0271700831450148 0.00839607215209143 0.0404460855899992 0.10399936852452 0 0 0.048464013477009 0.179978712423607 0.000149951038263368 0.000758868258302614 0.0141097401997531 0.10678356093899 0.00277918875897964 0.017637304791202 0.00507072323479539 0 0.000185397906090069 0.180615400127787 0.724495798319328 0.745705882352941 0.396983193277311 0.765915966386555 0.836977591036415 0.136288515406162 0.744865546218487 0.77263025210084 0.37153781512605 0.596499118165785 0.484939439592403 0.386371349994332 0.512924222517764 0.635814693813665 0 0 0 0 0.836977591036415 0 0 0.745112044817927 0.0748711484593838 0.724495798319328 0.745705882352941 0.396983193277311 0.765915966386555 0 0.136288515406162 0.744865546218487 0.0275182072829131 0.296666666666667 0.0535714285714286 0.0774250440917107 0.806031746031746 0.473214285714286 0.311181657848324 0.28125 0 0 0 0 0.860394957983193 0.158050420168067 0 0.849868347338936 0.56856862745098 0 0 0 0 0.817344537815126 0.154170868347339 0 0.746288515406163 0.322540616246499
#NONE#
(Leaf303.txt) (listLeaf303ED.txt) (#NONE#)
(Neighbor1Leaf303.txt) (Neighbor2Leaf303.txt) (Neighbor3Leaf303.txt) (Neighbor4Leaf303.txt)
(#NONE#)
(#NONE#) (Node25.txt)
0.0822869472816495 0 0 0.114737834249721 0.00513404519326049 0 0.0101297917830478 0.00820798421623414 0.00159947901147569 0.0446442532107219 0.11982985189745 0 5.09981615162773E-06 0.0425480110788844 0.227543749817297 0.0139607974933919 0.00280034515292799 0.00423534291485399 0.0977206208410722 0.00170910367410818 0.0524983231461618 0.00077640669246811 3.81825124093165E-06 0.000793078868454383 0.168835115409428 0.679413381847584 0.715735193046291 0.527725085910653 0.763626440266828 0.830303618354558 0.185922781483728 0.748733778047301 0.770242166969881 0.29295815645846 0.642525136820669 0.488466725785532 0.411743609684765 0.503675621302097 0.614157277384598 0 0 0 0 0.830303618354558 0.0535969274307661 0 0.760678390944006 0.127735597331716 0.679413381847584 0.715735193046291 0.527725085910653 0.763626440266828 0 0.132325854052961 0.748733778047301 0.00956377602587427 0.165222559126743 0.0554123711340206 0.077098129056892 0.808256331933308 0.478737113402062 0.295056637393407 0.249355670103093 0 0 0 0 0.86874833232262 0.141690317364059 0 0.829047907822923 0.362239741257328 0 0 0 0 0.802120881342228 0.192725288053366 0 0.739670911663634 0.27659793814433
#NONE#
