73
0
True False
0.0904145760362604 0 0 0.151609456664037 0.00345655810994561 0 0.00941265043016335 0.0419293313172275 0.0476568852848907 0.0134249037745083 0.250451782075612 0 0 0.0784212406571012 0.232690387077631 0 0.000304293401508839 0.000528351826878043 0.0370029969843493 0 0.0310635366553596 0 0 0 0.0116330497045261 0.437005347593583 0.556777183600713 0.439247771836007 0.531782531194296 0.619600713012478 0.502780748663102 0.53579679144385 0.337155080213904 0.57321568627451 0.680864197530864 0.478823077852686 0.430965572765935 0.505615626984022 0.604731901870394 0 0 0 0 0.548923351158645 0.367483065953654 0 0.277554367201426 0.57321568627451 0.437005347593583 0.556777183600713 0.439247771836007 0.531782531194296 0.0706773618538325 0.135297682709447 0.53579679144385 0.0596007130124776 0 0.0511363636363636 0.0801459034792368 0.89016835016835 0.534090909090909 0.343591470258137 0.267045454545455 0 0 0 0 0.675878787878788 0.761436720142602 0 0.366730837789661 0.851390374331551 0 0 0 0 0.591946524064171 0.451928698752228 0 0.357725490196078 0.518434937611408
#NONE#
(Leaf314.txt) (listLeaf314ED.txt) (#NONE#)
(Neighbor1Leaf314.txt) (Neighbor2Leaf314.txt) (Neighbor3Leaf314.txt) (Neighbor4Leaf314.txt)
(#NONE#)
(#NONE#) (Node26.txt)
0.071569967894493 0 0 0.103381280288538 0.0072072355595682 0 0.0131756231083065 0.0179741283594563 0.014367779914559 0.0290810956074881 0.196625670860425 0.000558238427244487 0.000125338249100307 0.0594670574633499 0.255390233223733 0.00494234073540691 0.00375045606127067 0.0152784584146168 0.0547597236790381 0.00887583728779172 0.0666177772711411 0.00235717283280629 8.47585415263826E-06 0.00945921082734267 0.0650268980801711 0.628192318023099 0.608735965619124 0.510627450980392 0.641260811173785 0.670366371206017 0.526571044856299 0.656076819769003 0.358941176470588 0.601737308622079 0.705905631659057 0.479397173594597 0.455042489142624 0.521726952863961 0.569191066184758 0 0 0 0 0.653266720386785 0.483339242546334 0 0.303768466290626 0.562811173784582 0.628192318023099 0.608735965619124 0.510627450980392 0.641260811173785 0.0170996508192318 0.0432318023099651 0.656076819769003 0.0551727101799624 0.0389261348374966 0.0582191780821918 0.0827346524606799 0.864943345171656 0.531678082191781 0.342986639607644 0.275684931506849 0 0 0 0 0.747910287402632 0.661007252215955 0 0.213044856298684 0.808334139135106 0 0 0 0 0.638404512489927 0.487427343540155 0 0.372220789685737 0.546679559495031
#NONE#
