46
0
True False
0.132653827067572 0 0 0.213942232961818 0.000644580347703737 0 0.00300732338723444 0.0284097791578948 0 0.046926222921948 0.151385267466598 0 0 0.0851997615616895 0.247365031233392 0.000964445512053831 0.00160868991290201 0.00178155031840521 0.0364120810469971 0.00736370422866194 0.0135016100484978 9.90712074303406E-05 1.23762376237624E-05 7.43034055727554E-05 0.0286481419760052 0.580698039215686 0.429109803921569 0.262823529411765 0.72383137254902 0.631329411764706 0.17316862745098 0.598011764705882 0.604156862745098 0.352752941176471 0.526024691358025 0.494857693030262 0.365222484430303 0.486817792525587 0.630196706885191 0 0 0 0 0.597254901960784 0 0 0.53321568627451 0.0676117647058823 0.580698039215686 0.429109803921569 0.262823529411765 0.72383137254902 0.0340745098039216 0.17316862745098 0.598011764705882 0.0709411764705882 0.285141176470588 0.0375 0.0846543209876544 0.937901234567901 0.5625 0.398604938271605 0.3125 0 0 0 0 0.797109803921568 0.163698039215686 0 0.762717647058824 0.723019607843137 0 0 0 0 0.599007843137255 0.17798431372549 0 0.542219607843137 0.282462745098039
#NONE#
(Leaf166.txt) (listLeaf166ED.txt) (#NONE#)
(Neighbor1Leaf166.txt) (Neighbor2Leaf166.txt) (Neighbor3Leaf166.txt) (Neighbor4Leaf166.txt)
(#NONE#)
(#NONE#) (Node11.txt)
0.0984546430325662 2.72522633004672E-06 6.09622893743112E-05 0.17526881908095 0.0164440946388124 0 0.0121132792879304 0.0230894514366696 0.00936443493832405 0.0621509878164668 0.178163957302755 0.000360066602640246 8.06746552503065E-06 0.0926343743107688 0.203676034757971 0.00021504037818781 0.00376014142291967 0.00490834881847752 0.0372038096062224 0.00240723031663209 0.0417320835834431 2.15372190065958E-05 2.69048643994835E-06 0.000520823655076011 0.0374363963265111 0.608588235294118 0.448317135549872 0.282217391304348 0.705971014492754 0.555185848252344 0.217458653026428 0.643265132139813 0.60037084398977 0.415952259164535 0.571825013419216 0.491484432044965 0.387391723183339 0.49091475313701 0.608508866280184 0 0 0 0 0.534810741687979 0.0676513213981245 0 0.576040068201193 0.239072463768116 0.608588235294118 0.448317135549872 0.282217391304348 0.705971014492754 0.0203751065643649 0.149807331628303 0.643265132139813 0.0243307757885763 0.176879795396419 0.0502717391304348 0.0796537842190016 0.927034353193773 0.557065217391304 0.376226516371444 0.293478260869565 0 0 0 0 0.662820971867008 0.162197783461211 0 0.762797953964194 0.74005200341006 0 0 0 0 0.529711849957374 0.225137254901961 0 0.555485080988917 0.358952259164535
#NONE#
