6
0
True False
0.676074448748029 0 0 0.0312056449445079 0.0098642875094245 0 0.0322170884564165 0 0 0.114782134306247 0.0434419345323117 0 0 0.0420011654627778 0.00156928361317118 0.000563274502440855 0.00728192455880921 0.000250831825149377 0.00175240956314933 0.0025662720898184 0.0297905457526089 0 0 0.000187758167480286 0.0064509959676586 0.00784313725490196 0.00784313725490196 0.0113725490196078 0.00784313725490196 0.0162156862745098 0.0515882352941177 0.00986274509803923 0.130607843137255 0.227333333333333 0.119753086419753 0.627379044024859 0.647470475759512 0.475170234563281 0.471303541769613 0 0 0 0 0 0 0 0 0 0.00784313725490196 0.00784313725490196 0.0113725490196078 0.00784313725490196 0.0162156862745098 0.0515882352941177 0.00986274509803923 0.130607843137255 0.227333333333333 0.09375 0.0294444444444445 0.639197530864198 0.5 0.140123456790124 0.1875 0 0 0 0 0.0412745098039215 0.0468823529411765 0 0.145686274509804 0.219196078431373 0 0 0 0 0.0052549019607843 0.0372549019607843 0 0.121372549019608 0.214333333333333
#NONE#
(Leaf284.txt) (listLeaf284ED.txt) (#NONE#)
(Neighbor1Leaf284.txt) (Neighbor2Leaf284.txt) (Neighbor3Leaf284.txt) (Neighbor4Leaf284.txt)
(#NONE#)
(#NONE#) (Node35.txt)
0.681672188418158 0 0 0.0391233617230635 0.00328809583647483 0 0.0107390294854722 0.00185300853633147 0 0.179590201725614 0.0207246882915368 0 0.000519599285031383 0.0228236579725251 0.00327752868626248 0.0055705091292143 0.00677640035749071 0.000947059349011547 0.00197076325551965 0.00263793015522198 0.0150225213923376 0.000206475057813017 0 0.000588666970756408 0.00266831437216504 0.0183660130718954 0.0233464052287582 0.0179738562091503 0.0337516339869282 0.0427908496732026 0.0479084967320262 0.0158692810457516 0.103287581699347 0.164686274509804 0.0650205761316873 0.578484813201312 0.67482972748016 0.486492557157194 0.480386147775095 0 0 0 0 0 0 0 0 0 0.0183660130718954 0.0233464052287582 0.0179738562091503 0.0337516339869282 0.0427908496732026 0.0479084967320262 0.0158692810457516 0.103287581699347 0.164686274509804 0.0625 0.0223868312757202 0.635144032921811 0.46875 0.165102880658436 0.197916666666667 0 0 0 0 0.0390196078431372 0.0234836601307189 0 0.130143790849673 0.129130718954248 0 0 0 0 0.0355751633986928 0.0381045751633987 0 0.0941568627450982 0.15643137254902
#NONE#
