64
0
True False
0.472342920719439 0 0 0.0672756890918585 0 0 0.00309724710410904 0 0 0.188717545498453 0.0653162145878468 0 4.9468216670789E-05 0.0241064635370633 0.024921390851116 0.0430604453486148 0.0104057705764657 0 0.00133598207369577 0.000173138758347762 0.0846621308836 0 0 0 0.0145355927527195 0.0860156862745099 0.0832470588235295 0.0697803921568627 0.0853725490196079 0.614196078431373 0.690478431372549 0.0772470588235294 0.561819607843137 0.174345098039216 0.214716049382716 0.426809117863078 0.470730186850593 0.509962743544119 0.502533679999756 0 0 0 0 0.542219607843137 0.690478431372549 0 0.561819607843137 0 0.0860156862745099 0.0832470588235295 0.0697803921568627 0.0853725490196079 0.0719764705882352 0 0.0772470588235294 0 0.174345098039216 0.075 0.0574320987654321 0.640246913580247 0.525 0.246469135802469 0.25 0 0 0 0 0.787145098039216 0.962321568627451 0 0.836611764705882 0.257898039215686 0 0 0 0 0.583921568627451 0.620988235294117 0 0.49558431372549 0.170760784313725
#NONE#
(Leaf54.txt) (listLeaf54ED.txt) (#NONE#)
(Neighbor1Leaf54.txt) (Neighbor2Leaf54.txt) (Neighbor3Leaf54.txt) (Neighbor4Leaf54.txt)
(#NONE#)
(#NONE#) (Node8.txt)
0.204859049387203 9.66801477564163E-06 0 0.180376392886623 0.0118732288877505 0 0.0161742279482861 0.0122414974703116 0.00123130425764607 0.0933154871679314 0.153239604644226 7.33117719033902E-05 0.00457397462570778 0.0597388165615286 0.108056666781448 0.00987037310939483 0.0149891453173526 0.00991872550030025 0.0213902719652307 0.00491591573853526 0.0728945917894231 0.000281153589794681 0.000145133336975319 0.00227196252449221 0.01755949672316 0.16616237745098 0.180342524509804 0.212186274509804 0.196189950980392 0.614372549019607 0.659729166666667 0.199408700980392 0.642360294117647 0.260751838235294 0.459481095679012 0.480383442126011 0.491661245736515 0.502117977351738 0.486144159885621 0 0 0 0 0.591251838235294 0.659729166666667 0 0.637092524509804 0.0940839460784314 0.16616237745098 0.180342524509804 0.212186274509804 0.196189950980392 0.0231207107843137 0 0.199408700980392 0.00526776960784314 0.166667892156863 0.083984375 0.0816782407407408 0.894355709876543 0.552734375 0.382197145061729 0.322265625 0 0 0 0 0.756759191176471 0.888310049019608 0 0.853090073529412 0.274251838235294 0 0 0 0 0.570233455882353 0.590479779411764 0 0.577977941176471 0.26152818627451
#NONE#
