3
0
True False
0.679147772543703 0 0 0.188658354368873 0 0 0 0.00226213326021388 0 0.0252759466648695 0.0368132008887853 0 0 0.0365555058931848 0.021077096031504 0 0 0 0.00263427880651311 0 0.00679786209823799 0 0 0 0.000777849444115575 0.00870588235294118 0.0274901960784314 0.0505882352941177 0.00798039215686274 0.0567058823529411 0.0902156862745098 0.00884313725490197 0.202137254901961 0.282764705882353 0.0859876543209878 0.597417679041027 0.570347541530205 0.492511547770416 0.486991778273613 0 0 0 0 0 0 0 0.186137254901961 0 0.00870588235294118 0.0274901960784314 0.0505882352941177 0.00798039215686274 0.0567058823529411 0.0902156862745098 0.00884313725490197 0.016 0.282764705882353 0.0625 0.0327777777777778 0.649876543209877 0.4375 0.223024691358024 0.25 0 0 0 0 0.0408235294117647 0.069294117647059 0 0 0.689490196078431 0 0 0 0 0.0496078431372549 0.0910196078431371 0 0.221960784313726 0.224803921568627
#NONE#
(Leaf392.txt) (listLeaf392ED.txt) (#NONE#)
(Neighbor1Leaf392.txt) (Neighbor2Leaf392.txt) (Neighbor3Leaf392.txt) (Neighbor4Leaf392.txt)
(#NONE#)
(#NONE#) (Node36.txt)
0.6291017813176 0 0 0.177732009324822 0.0392814165377343 0 0.0269898573147671 0.00150808884014258 0 0.016850631109913 0.0503286218062076 0 0 0.0243703372621232 0.024494924945878 0 0 0 0.0038191049014368 0 0.00453190806549199 0 0 0 0.00099131857388348 0.0295555555555556 0.0342483660130719 0.0505490196078431 0.0715424836601308 0.0783137254901961 0.123450980392157 0.0317908496732026 0.184444444444445 0.280967320261438 0.0857613168724281 0.654824160251286 0.53579795425499 0.48506283998398 0.490507020028432 0 0 0 0 0 0 0 0.124091503267974 0 0.0295555555555556 0.0342483660130719 0.0505490196078431 0.0715424836601308 0.0783137254901961 0.123450980392157 0.0317908496732026 0.0603529411764707 0.280967320261438 0.0625 0.0302880658436214 0.750082304526749 0.479166666666667 0.270493827160494 0.270833333333333 0 0 0 0 0.0279346405228758 0.200183006535948 0 0.121398692810458 0.792993464052287 0 0 0 0 0.0759477124183006 0.112078431372549 0 0.186915032679739 0.213660130718954
#NONE#
