66
0
True False
0.570526650222422 0 0 0.0680417556542697 0.002094595796668 0 0.0156476846169899 6.69395249206288E-05 0 0.143390852461986 0.0570519299874251 0 0.000105826964322958 0.0401553740699601 0.0131036530906935 0.00135463050331515 0.0119030656640551 0.00174623128336515 0.00727499995692906 0.00137216210655415 0.0616904246013437 0 0 0.000239543024910207 0.00423368046986855 0.0253996983408748 0.0810950226244343 0.114349924585219 0.0321990950226245 0.245716440422323 0.150648567119155 0.11025641025641 0.624036199095023 0.157957767722474 0.190883190883191 0.5706616167709 0.46388525617098 0.479415336682412 0.498241609988849 0 0 0 0 0.16484766214178 0.0808597285067874 0 0.595131221719457 0.0928567119155354 0.0253996983408748 0.0810950226244343 0.114349924585219 0.0321990950226245 0.080868778280543 0.0697888386123681 0.11025641025641 0.0289049773755656 0.0651010558069382 0.0865384615384615 0.0420512820512821 0.727084520417854 0.480769230769231 0.258005698005698 0.235576923076923 0 0 0 0 0.332533936651584 0.0782805429864254 0 0.843146304675717 0.235779788838612 0 0 0 0 0.235354449472097 0.158171945701357 0 0.563466063348416 0.153707390648567
#NONE#
(Leaf429.txt) (listLeaf429ED.txt) (#NONE#)
(Neighbor1Leaf429.txt) (Neighbor2Leaf429.txt) (Neighbor3Leaf429.txt) (Neighbor4Leaf429.txt)
(#NONE#)
(#NONE#) (Node13.txt)
0.580971428205808 0 0 0.0952060589925703 0.00947907563914697 0 0.00673128353799896 0.00339714515335978 0.00103717559165121 0.0890137949747379 0.0495425803493129 7.15351125215422E-05 0.000310816905178475 0.0564509121469938 0.0333876227387191 0.000594635964288691 0.00607042845138769 0.00650312991095683 0.00986926415649113 0.00305850744618418 0.0369817349084833 0.000596334474776756 1.99808982612623E-06 0.00451733408581027 0.0062072031637958 0.0382085561497326 0.0851978609625668 0.0702257872846108 0.0463077837195484 0.284790255496138 0.103016042780749 0.0902739156268568 0.611799762329174 0.186221033868093 0.21148709315376 0.542452355055255 0.482203413943665 0.47916725518424 0.495984210662708 0 0 0 0 0.177015448603684 0.046357100415924 0 0.587903743315508 0.109609031491384 0.0382085561497326 0.0851978609625668 0.0702257872846108 0.0463077837195484 0.107774806892454 0.0566589423648247 0.0902739156268568 0.0238960190136661 0.0766120023767083 0.0672348484848485 0.0496240179573513 0.719551066217733 0.49905303030303 0.250203890759446 0.221590909090909 0 0 0 0 0.349447415329768 0.0757338086749852 0 0.845497326203209 0.233956030897207 0 0 0 0 0.269328579916815 0.107076648841355 0 0.549726678550208 0.173420677361854
#NONE#
