67
0
True False
0.0175630434476857 0 0 0.0343577073049291 0.00163048280307493 0 0.00284463186091885 0.000589003040903426 0 0.0189695344333315 0.432453206301007 0 0 0.0230261801624867 0.41860003412829 0.00184345637766674 0.00328832075525155 0.00031358169988284 0.0250168829425217 0.00144483024516846 0.0145033886711941 4.76776229844285E-05 3.7991394949044E-05 9.53552459688569E-06 0.00346051128315702 0.28337556561086 0.463565610859728 0.585224736048266 0.399372549019608 0.563321266968326 0.562343891402715 0.408253393665158 0.567822021116139 0.674600301659125 0.851870845204179 0.496452284314983 0.496880346760353 0.482898111080011 0.49385459503624 0 0 0 0 0.563321266968326 0.512986425339367 0 0.567822021116139 0.674600301659125 0.28337556561086 0.463565610859728 0.585224736048266 0.399372549019608 0 0.0493574660633484 0.408253393665158 0 0 0.0144230769230769 0.0643874643874643 0.673798670465337 0.379807692307692 0.163456790123457 0.158653846153846 0 0 0 0 0.604295625942685 0.420730015082956 0 0.53972850678733 0.763559577677225 0 0 0 0 0.542582202111614 0.561493212669683 0 0.555245852187029 0.641544494720965
#NONE#
(Leaf388.txt) (listLeaf388ED.txt) (#NONE#)
(Neighbor1Leaf388.txt) (Neighbor2Leaf388.txt) (Neighbor3Leaf388.txt) (Neighbor4Leaf388.txt)
(#NONE#)
(#NONE#) (Node21.txt)
0.0420323289878485 0.000281539986185772 0.000118246794198024 0.0716261505650953 0.00733557427523008 0 0.0228778137776011 0.0155259043090894 0.0118555654374719 0.0323047650364772 0.356555899519176 3.76523035679322E-06 7.37210192282762E-05 0.0733194721178641 0.206047001887484 0.00175827936450067 0.0130442165459032 0.0127687531111942 0.020539772218612 0.00555252639420066 0.0732091814890502 0.00389870849962309 2.39593083825114E-05 0.00923737772380362 0.0200094764014238 0.307896985659936 0.441240854550776 0.520420251682763 0.407747731928592 0.551587942639743 0.581585601404741 0.404347088088967 0.528488147497805 0.701203394790752 0.759939192924268 0.493320201961091 0.493888438806152 0.495807342318367 0.492590594388045 0 0 0 0 0.54425636523266 0.552206613988879 0 0.513592039800995 0.701203394790752 0.307896985659936 0.441240854550776 0.520420251682763 0.407747731928592 0.00733157740708224 0.0293789874158619 0.404347088088967 0.0148961076968101 0 0.0373134328358209 0.0676266814077759 0.841081628892574 0.496268656716418 0.296257600884467 0.236007462686567 0 0 0 0 0.609670471173544 0.571464442493415 0 0.498977465613111 0.831630084869769 0 0 0 0 0.528183786947615 0.568232952882646 0 0.516086625695054 0.655467954345918
#NONE#
