11
0
True False
0.058630924033166 0 0 0.356522939028709 0 0 0.00522633744855967 0.00506923837784373 0 0.0512757201646089 0.371525930810468 0 0 0.00711958579086834 0.099520765407676 0 0 0 0.00469636467987934 0 0.0380248745283364 0 0 0 0.00238731972988485 0.620130718954248 0.542522875816993 0.413202614379085 0.652718954248366 0.421673202614379 0.442901960784314 0.439359477124183 0.428444444444445 0.416771241830065 0.442551440329218 0.359756540465681 0.358349611930845 0.599879182898982 0.603095366591654 0 0 0 0 0.311790849673202 0 0 0 0.293581699346405 0.620130718954248 0.542522875816993 0.413202614379085 0.652718954248366 0.109882352941176 0.442901960784314 0.439359477124183 0.428444444444445 0.12318954248366 0.0625 0.0895061728395062 0.950370370370371 0.5625 0.422139917695473 0.416666666666667 0 0 0 0 0.612758169934641 0.988183006535948 0 0.91916339869281 0.812196078431372 0 0 0 0 0.385751633986928 0.319045751633987 0 0.338640522875817 0.366823529411765
#NONE#
(Leaf334.txt) (listLeaf334ED.txt) (#NONE#)
(Neighbor1Leaf334.txt) (Neighbor2Leaf334.txt) (Neighbor3Leaf334.txt) (Neighbor4Leaf334.txt)
(#NONE#)
(#NONE#) (Node27.txt)
0.0890206220191957 0 7.93470868283836E-05 0.250217607603699 0.00360090605331192 0 0.0351370065039187 0.0269677935778256 0.00427108966574909 0.0621443986780404 0.219343492378825 0.000272556924649367 1.13352981183405E-05 0.0822633313015569 0.132142717748002 0 0.000982630498718581 0.00333357691027853 0.0234409802649875 0.00256065408053749 0.0409806587771345 0 0 0.00303070261221417 0.0201985920164085 0.490131907308378 0.509183600713012 0.309761140819964 0.595112299465241 0.404206773618538 0.440320855614973 0.584163992869875 0.307276292335116 0.469326203208556 0.484231200897868 0.483062708567168 0.438080494061972 0.520766483480941 0.530053140968279 0 0 0 0 0.262691622103387 0.121326203208556 0 0 0.387846702317291 0.490131907308378 0.509183600713012 0.309761140819964 0.595112299465241 0.141515151515151 0.318994652406417 0.584163992869875 0.307276292335116 0.0814795008912656 0.0738636363636364 0.0999102132435466 0.949685746352413 0.5625 0.431257014590348 0.346590909090909 0 0 0 0 0.541180035650624 0.904780748663102 0 0.574060606060606 0.818905525846702 0 0 0 0 0.376224598930481 0.352381461675579 0 0.258427807486631 0.408830659536542
#NONE#
