52
0
True False
0.348232990292402 0 0 0.0260330864866324 0.000458032049364266 0 0.00259251413476876 7.40183866800817E-05 0 0.0278424969251866 0.028603527019719 0 0 0.0116047617958321 0.119244627512724 0.04787283592435 0.0118100434567957 0.00120379553857591 0.0474547317355962 0.00284610081593743 0.0500161295283422 0 3.15527696945872E-05 0 0.274078755627399 0.0595196078431373 0.0378300653594771 0.0599411764705882 0.013875816993464 0.807232026143791 0.368565359477124 0.0274477124183006 0.812607843137255 0.366323529411765 0.58761316872428 0.492271070255308 0.482096343838108 0.496802508611492 0.508124555780736 0 0 0 0 0.807232026143791 0.343124183006536 0 0.780722222222222 0.317702614379085 0.0595196078431373 0.0378300653594771 0.0599411764705882 0.013875816993464 0 0.0254411764705882 0.0274477124183006 0.0318856209150327 0.0486209150326798 0.104166666666667 0.0712860082304526 0.658590534979424 0.473958333333333 0.280648148148148 0.286458333333333 0 0 0 0 0.828349673202614 0.343937908496732 0 0.936790849673203 0.193232026143791 0 0 0 0 0.782915032679739 0.411382352941176 0 0.760892156862745 0.405911764705882
#NONE#
(Leaf246.txt) (listLeaf246ED.txt) (#NONE#)
(Neighbor1Leaf246.txt) (Neighbor2Leaf246.txt) (Neighbor3Leaf246.txt) (Neighbor4Leaf246.txt)
(#NONE#)
(#NONE#) (Node8.txt)
0.38515569426875 0 0 0.0844093545362108 0.0149609407086322 0 0.00798616104722245 0.0087209432595404 0.000246285198259585 0.0565063011718482 0.0779310209723825 0.000129513762319316 0.00189817395167911 0.0412996562609177 0.101693660687124 0.0162192747380379 0.00433273744371936 0.0131021975040882 0.0251084620378626 0.00486481153463145 0.0634048581040423 0.000267257770582662 7.28140839105858E-06 0.00918729795366057 0.0825681156800978 0.0713333333333333 0.0567579185520362 0.0813815987933635 0.0676101055806938 0.710138009049774 0.381889140271493 0.0698039215686274 0.729230015082956 0.40233257918552 0.434750712250712 0.50867664463695 0.481626148924917 0.477888958679322 0.499557140099356 0 0 0 0 0.703579185520362 0.297015837104072 0 0.706340874811463 0.35097963800905 0.0713333333333333 0.0567579185520362 0.0813815987933635 0.0676101055806938 0.00655882352941177 0.0848733031674208 0.0698039215686274 0.0228891402714932 0.0513529411764706 0.0901442307692308 0.0609235517568851 0.769864672364672 0.521634615384615 0.30704415954416 0.284855769230769 0 0 0 0 0.79638084464555 0.383258672699849 0 0.870785822021116 0.307155354449472 0 0 0 0 0.675861236802413 0.380803167420815 0 0.680711915535445 0.407609351432881
#NONE#
