47
0
True False
0.0107407407407407 0 0 0.0230178326474623 1.37174211248286E-05 0 0.0176680384087791 0 0 0.153758573388203 0.512373113854595 0 0 0.252167352537723 0.0234705075445816 0 0.00358024691358025 0 0 0 0.00320987654320988 0 0 0 0 0.360148148148148 0.444052287581699 0.397006535947712 0.403790849673202 0.480270152505447 0.400736383442266 0.376901960784314 0.451067538126362 0.449494553376906 0.890891632373114 0.493990913518563 0.493356760953113 0.496087688794604 0.501543850026586 0 0 0 0 0.480270152505447 0.400736383442266 0 0.451067538126362 0.449494553376906 0.360148148148148 0.444052287581699 0.397006535947712 0.403790849673202 0 0 0.376901960784314 0 0 0.0208333333333333 0.05559670781893 0.858230452674897 0.527777777777778 0.318312757201646 0.263888888888889 0 0 0 0 0.521363834422658 0.475468409586057 0 0.388178649237473 0.609002178649237 0 0 0 0 0.458374727668845 0.379507625272331 0 0.44795642701525 0.419084967320261
#NONE#
(Leaf270.txt) (listLeaf270ED.txt) (#NONE#)
(Neighbor1Leaf270.txt) (Neighbor2Leaf270.txt) (Neighbor3Leaf270.txt) (Neighbor4Leaf270.txt)
(#NONE#)
(#NONE#) (Node38.txt)
0.0221749112742445 2.68169848054964E-06 0.00116083773686527 0.0596301712235007 0.0175105625283483 0 0.0325006103960064 0.00299546753124536 0.0409168381472617 0.0501116714074625 0.543244395297429 0 0.000598956593510697 0.0884370133747988 0.0897754189563142 0.00220720574355736 0.00710705052464564 0.000270560411172656 0.00253307686320725 0.0124359318424712 0.0237191472029155 0 0.000149725165504585 0.000160507242020896 0.00235725883903758 0.377340842720067 0.408669169795578 0.361082186065916 0.419485189820609 0.489245723821443 0.496234459741343 0.415909887359199 0.457999165623696 0.484281184814351 0.821055949566588 0.499422828281147 0.478565499769962 0.482100897172775 0.538352390995193 0 0 0 0 0.489245723821443 0.496234459741343 0 0.457999165623696 0.484281184814351 0.377340842720067 0.408669169795578 0.361082186065916 0.419485189820609 0 0 0.415909887359199 0 0 0.0465425531914894 0.0668032571578671 0.827286577357499 0.5 0.312033096926714 0.235372340425532 0 0 0 0 0.521192323738006 0.667743012098456 0 0.376047559449312 0.541425949103045 0 0 0 0 0.469851481017939 0.457991656236963 0 0.455566124322069 0.461587818105966
#NONE#
