6
0
True False
0.762802921548972 0 0 0.121502730101174 0 0 0 0.00188929371662315 0 0.0243063360151024 0.0249180429572074 0 0 0.0466050010935173 0.0151364585793682 0 0 4.134110546116E-05 0.00115376630342026 0 0.00105457856916286 0 0 0 0.000589530009991094 0.0102745098039216 0.0118169934640523 0.106928104575163 0.0106797385620915 0.14816339869281 0.285993464052287 0.0102745098039216 0.0256666666666667 0.0250849673202614 0.129074074074074 0.447194630821962 0.658572041088776 0.502762539653333 0.466961470301503 0 0 0 0 0 0.237424836601307 0 0 0 0.0102745098039216 0.0118169934640523 0.106928104575163 0.0106797385620915 0.14816339869281 0.0485686274509803 0.0102745098039216 0.0256666666666667 0.0250849673202614 0.09375 0.042880658436214 0.465267489711934 0.322916666666667 0.170473251028807 0.114583333333333 0 0 0 0 0.048954248366013 0.116091503267974 0 0.0329019607843138 0.0292483660130719 0 0 0 0 0.154718954248366 0.305549019607843 0 0.0145032679738562 0.015437908496732
#NONE#
(Leaf394.txt) (listLeaf394ED.txt) (#NONE#)
(Neighbor1Leaf394.txt) (Neighbor2Leaf394.txt) (Neighbor3Leaf394.txt) (Neighbor4Leaf394.txt)
(#NONE#)
(#NONE#) (Node35.txt)
0.762802921548972 0 0 0.121502730101174 0 0 0 0.00188929371662315 0 0.0243063360151024 0.0249180429572074 0 0 0.0466050010935173 0.0151364585793682 0 0 4.134110546116E-05 0.00115376630342026 0 0.00105457856916286 0 0 0 0.000589530009991094 0.0102745098039216 0.0118169934640523 0.106928104575163 0.0106797385620915 0.14816339869281 0.285993464052287 0.0102745098039216 0.0256666666666667 0.0250849673202614 0.129074074074074 0.447194630821962 0.658572041088776 0.502762539653333 0.466961470301503 0 0 0 0 0 0.237424836601307 0 0 0 0.0102745098039216 0.0118169934640523 0.106928104575163 0.0106797385620915 0.14816339869281 0.0485686274509803 0.0102745098039216 0.0256666666666667 0.0250849673202614 0.09375 0.042880658436214 0.465267489711934 0.322916666666667 0.170473251028807 0.114583333333333 0 0 0 0 0.048954248366013 0.116091503267974 0 0.0329019607843138 0.0292483660130719 0 0 0 0 0.154718954248366 0.305549019607843 0 0.0145032679738562 0.015437908496732
#NONE#
