11
0
True False
0.25440899936612 0 0 0.11801716073597 0.0219217665840216 0 0.00597062452911943 0.00337767710466586 0 0.131948043435538 0.0787351814710895 0 0.000353694337353659 0.120135966637598 0.0573135993383189 0.00100821245514148 0.0121454207601372 0.00849091470924294 0.0205965972220756 5.30061180387169E-05 0.139139512611634 0 0 0 0.0263836225839355 0.679238095238095 0.582672268907563 0.683254901960784 0.34449299719888 0.255792717086835 0.0920616246498599 0.234952380952381 0.461333333333333 0.641557422969188 0.412751322751323 0.430861404283991 0.511311197544476 0.540533592098372 0.4669895499682 0 0 0 0 0.139859943977591 0.0447282913165266 0 0.4173837535014 0.641557422969188 0.679238095238095 0.582672268907563 0.683254901960784 0.34449299719888 0.115932773109244 0.0473333333333333 0.234952380952381 0.0439495798319327 0 0.0446428571428571 0.0764021164021164 0.856225749559083 0.535714285714286 0.339029982363316 0.303571428571429 0 0 0 0 0.254436974789916 0.0271932773109244 0 0.460700280112045 0.720997198879552 0 0 0 0 0.242464985994398 0.0854061624649859 0 0.450380952380952 0.602296918767507
#NONE#
(Leaf164.txt) (listLeaf164ED.txt) (#NONE#)
(Neighbor1Leaf164.txt) (Neighbor2Leaf164.txt) (Neighbor3Leaf164.txt) (Neighbor4Leaf164.txt)
(#NONE#)
(#NONE#) (Node11.txt)
0.175959578710965 0 0 0.107838010035529 0.017790858633756 0 0.0085631342260154 0.00222800261129917 0.00199490566463044 0.150942201157749 0.110563428603343 0 0.000225078214679601 0.108917370646086 0.0660684526581447 0.0304732395758308 0.012510341491292 0.0150553856791703 0.0257312506135623 0.0108642586632188 0.118265836825011 0.00115600448933782 1.12233445566779E-05 0.00592592592592593 0.028915512229897 0.693147950089126 0.595297682709447 0.499262032085561 0.3550623885918 0.2889376114082 0.161404634581105 0.230901960784314 0.478666666666667 0.61083422459893 0.453815937149271 0.469292962556508 0.508120513592939 0.505338184712682 0.467049029166387 0 0 0 0 0.179522281639929 0.065108734402852 0 0.450698752228164 0.61083422459893 0.693147950089126 0.595297682709447 0.499262032085561 0.3550623885918 0.109415329768271 0.0962959001782531 0.230901960784314 0.0279679144385026 0 0.0568181818181818 0.0855892255892256 0.89040404040404 0.545454545454545 0.373086419753086 0.3125 0 0 0 0 0.288716577540107 0.0582852049910873 0 0.479761140819964 0.803953654188948 0 0 0 0 0.279033868092692 0.166117647058824 0 0.46184670231729 0.556149732620321
#NONE#
