29
0
True False
0.441098783139947 0 0 0.276292281161087 0 0 4.21723959853863E-05 0.120417569871744 0 0.000968532387938971 0.115654919371467 0.000561237216263407 0 0.00779679069147536 0.0308279847929455 0 0.000328342526924087 0.000104229956559369 0.00230263625117353 0 0.00214734464615784 0 0 0 0.00145717559033123 0.121339869281046 0.247464052287582 0.143967320261438 0.0413202614379085 0.438411764705883 0.19997385620915 0.154470588235294 0.228803921568627 0.139836601307189 0.340432098765432 0.510278508911225 0.478833219594 0.48536251127282 0.505681482804829 0 0 0 0 0.438411764705883 0.0811568627450981 0 0.181895424836601 0.0891764705882351 0.121339869281046 0.247464052287582 0.143967320261438 0.0413202614379085 0 0.118816993464052 0.154470588235294 0.0469084967320261 0.0506601307189542 0.0625 0.0865843621399177 0.790082304526749 0.541666666666667 0.319567901234568 0.385416666666667 0 0 0 0 0.748954248366013 0.13975816993464 0 0.102019607843137 0.0418954248366013 0 0 0 0 0.387078431372549 0.207712418300654 0 0.25383660130719 0.147065359477124
#NONE#
(Leaf418.txt) (listLeaf418ED.txt) (#NONE#)
(Neighbor1Leaf418.txt) (Neighbor2Leaf418.txt) (Neighbor3Leaf418.txt) (Neighbor4Leaf418.txt)
(#NONE#)
(#NONE#) (Node15.txt)
0.349768692569263 0 0 0.230190947730014 0.0423132458187382 0 0.00836411657297107 0.0325880874217703 0 0.0740215506876922 0.0996444275617894 0.000133148670066138 2.23420750425617E-05 0.0651510969922938 0.0349234973188464 0.014966498848542 0.00120361007467557 0.00330700883522924 0.00636092510946472 0.00873153842432648 0.0186335666011796 0.000898191060851246 4.46841500851234E-06 0.00437216779425359 0.00440087141798202 0.136985801217039 0.236385395537525 0.180810006761325 0.125949966193374 0.494750507099392 0.163446923597025 0.175453684922245 0.179062880324544 0.115131845841785 0.286764580672627 0.482342421988152 0.469171986425495 0.497595923796972 0.498858831039612 0 0 0 0 0.494750507099392 0.0797701149425288 0 0.088474645030426 0.0323488843813387 0.136985801217039 0.236385395537525 0.180810006761325 0.125949966193374 0 0.0836768086544962 0.175453684922245 0.0905882352941177 0.0827829614604463 0.0775862068965517 0.0726053639846743 0.865427841634738 0.538793103448276 0.346215410813112 0.308189655172414 0 0 0 0 0.734164976335362 0.105686274509804 0 0.0752751859364435 0.0647342799188641 0 0 0 0 0.443825557809331 0.171322515212982 0 0.198196078431373 0.125949966193374
#NONE#
