38
0
True False
0.343928859326557 0 0 0.317885487859721 0 0 0.000343218006158968 0.0186781268355986 0 0.082309593292436 0.0393021676749927 0 0 0.0954996483613975 0.0301205682986623 0 0.000420623125286869 0.0215239415603034 0.00850797566414008 0.00122190644864561 0.0383050480521411 0 0 0.00039814929225531 0.00155468620170367 0.246178649237473 0.18918954248366 0.186117647058823 0.166043572984749 0.347943355119826 0.310701525054466 0.154466230936819 0.674392156862745 0.126806100217865 0.232894375857339 0.509730465354097 0.404151408556898 0.488014873346079 0.516821232445208 0 0 0 0 0.279459694989107 0.150444444444444 0 0.674392156862745 0 0.246178649237473 0.18918954248366 0.186117647058823 0.166043572984749 0.068483660130719 0.160257080610022 0.154466230936819 0 0.126806100217865 0.0486111111111111 0.0517695473251029 0.936378600823045 0.548611111111111 0.379794238683128 0.256944444444444 0 0 0 0 0.300636165577342 0.376169934640523 0 0.847067538126362 0.0507320261437909 0 0 0 0 0.333481481481482 0.286845315904139 0 0.622104575163398 0.142104575163399
#NONE#
(Leaf382.txt) (listLeaf382ED.txt) (#NONE#)
(Neighbor1Leaf382.txt) (Neighbor2Leaf382.txt) (Neighbor3Leaf382.txt) (Neighbor4Leaf382.txt)
(#NONE#)
(#NONE#) (Node13.txt)
0.299067308183592 0 0 0.274201405659285 0.00826440073107031 0 0.00777592152325914 0.0239254766954417 0 0.0827216872947217 0.100689259124885 3.59148491576334E-05 0 0.071325225095287 0.0571433949679046 0.00329029625827511 0.00241684642393939 0.00667665510899638 0.0113736742453811 0.000513083100196533 0.0380820615867958 0 3.29029625827511E-06 0.000420136091771043 0.0120739627637823 0.180739938080495 0.222030959752322 0.202883384932921 0.170829721362229 0.306936016511868 0.419608875128999 0.171021671826625 0.709458204334365 0.124325077399381 0.28366146848603 0.518740098045486 0.452534702808573 0.483252537468403 0.507452978655987 0 0 0 0 0.209795665634675 0.275035087719298 0 0.709458204334365 0.004796697626419 0.180739938080495 0.222030959752322 0.202883384932921 0.170829721362229 0.097140350877193 0.144573787409701 0.171021671826625 0 0.119528379772962 0.0707236842105263 0.0710363872644574 0.904853801169591 0.549342105263158 0.361897335932424 0.310855263157895 0 0 0 0 0.295517027863777 0.604894736842105 0 0.92144169246646 0.0568194014447884 0 0 0 0 0.30640866873065 0.374090815273478 0 0.641318885448916 0.138736842105263
#NONE#
