30
0
True False
0.835676400950408 0 0 0.0222574570443548 0.00055341108759114 0 0.00480084118485313 0 0 0.0678907588728088 0.0190792806606162 0 0 0.012353747007233 0.00536330235203163 0.000713560081711432 0.00355421483508755 0.000370387307549189 0.000772505055565961 0.00520180389861412 0.0162895588048073 0 0 0.00249740261588998 0.00262536824087754 0.0200174291938998 0.0247363834422658 0.0260566448801743 0.0197429193899782 0.0574248366013072 0.0723442265795207 0.0179651416122004 0.0432244008714597 0.578527233115468 0.0651714677640604 0.57500075423309 0.609196521916277 0.487850019579941 0.485442909722329 0 0 0 0 0 0 0 0 0.578527233115468 0.0200174291938998 0.0247363834422658 0.0260566448801743 0.0197429193899782 0.0574248366013072 0.0723442265795207 0.0179651416122004 0.0432244008714597 0 0.0138888888888889 0.0198765432098765 0.441700960219479 0.354166666666667 0.136406035665295 0.166666666666667 0 0 0 0 0.117751633986928 0.0254291938997821 0 0.098562091503268 0.668557734204793 0 0 0 0 0.0416993464052288 0.07399128540305 0 0.0282875816993464 0.524457516339869
#NONE#
(Leaf250.txt) (listLeaf250ED.txt) (#NONE#)
(Neighbor1Leaf250.txt) (Neighbor2Leaf250.txt) (Neighbor3Leaf250.txt) (Neighbor4Leaf250.txt)
(#NONE#)
(#NONE#) (Node36.txt)
0.69930205471483 0 0 0.0909573351420589 0.000166023326277342 0 0.00238115383595871 0.00139123809524996 0 0.0635569478641828 0.0377741768207632 0 1.23762376237624E-05 0.0230501663859063 0.0248190673448922 0.000271823800090987 0.00370724806951667 0.000871418826060647 0.00560901677231809 0.0021020322885487 0.0277334101834829 4.189710072063E-06 0 0.000816779726655449 0.0154735408555113 0.0282614379084967 0.0391241830065359 0.0606104575163399 0.049956862745098 0.0636104575163399 0.0682875816993464 0.0720222222222222 0.0957176470588235 0.585465359477124 0.137757201646091 0.586485609723115 0.606709736210836 0.476780868325518 0.474209801828533 0 0 0 0 0.0238666666666667 0 0 0.025562091503268 0.585465359477124 0.0282614379084967 0.0391241830065359 0.0606104575163399 0.049956862745098 0.0397437908496732 0.0682875816993464 0.0720222222222222 0.0701555555555556 0 0.0354166666666667 0.0342716049382716 0.570189300411523 0.4 0.195201646090535 0.185416666666667 0 0 0 0 0.0647764705882353 0.0429464052287581 0 0.105265359477124 0.688211764705882 0 0 0 0 0.0592117647058824 0.0696483660130719 0 0.0885830065359477 0.542835294117647
#NONE#
