86
0
True False
0.387393376835147 0 0 0.172346510709632 0 0 0.0013216591986584 0.00196994537643682 0 0.0587065229945531 0.0202158319046176 0 0.00586814859320155 0.0412138218580639 0.0079082338556324 0.0442148279278165 0.0644208168403456 0.0268322794367886 9.49667616334285E-06 0.0948986550265543 0.0435773814111923 1.90168298944566E-05 0.00351549588600498 0.0255483152760757 1.96633632216455E-05 0.133088989441931 0.076340874811463 0.121767722473605 0.0845098039215686 0.555701357466063 0.515930618401207 0.140778280542986 0.319466063348416 0.382187028657617 0.382317188983856 0.50116423119303 0.464305104892415 0.479024335228163 0.5028653872087 0 0 0 0 0.555701357466063 0.515930618401207 0 0.288693815987934 0.292410256410256 0.133088989441931 0.076340874811463 0.121767722473605 0.0845098039215686 0 0 0.140778280542986 0.0307722473604827 0.0897767722473605 0.0576923076923077 0.0434093067426401 0.847663817663818 0.548076923076923 0.309316239316239 0.25 0 0 0 0 0.652585218702866 0.629731523378582 0 0.163779788838612 0.506995475113122 0 0 0 0 0.531197586726998 0.487740573152338 0 0.340769230769231 0.354051282051282
#NONE#
(Leaf248.txt) (listLeaf248ED.txt) (#NONE#)
(Neighbor1Leaf248.txt) (Neighbor2Leaf248.txt) (Neighbor3Leaf248.txt) (Neighbor4Leaf248.txt)
(#NONE#)
(#NONE#) (Node34.txt)
0.302477872247241 3.08739978609054E-05 0.00287753508206476 0.178816088192007 0.0187934369246606 0 0.0286353342201177 0.0109804689981388 0.00374137364180759 0.0978002818095982 0.104078232305574 7.0769675187062E-05 0.0028605683304101 0.0610279067480164 0.0517087464887425 0.00839342052142772 0.0144335097013286 0.010044242040814 0.0100984917838349 0.0209935618439445 0.0485406714926019 0.00148493984366542 0.000531412168814706 0.00787810285462024 0.0137021590875212 0.101098495212038 0.111774281805746 0.17472138622891 0.116459644322845 0.564918376652987 0.56840674874601 0.164764705882353 0.2643707250342 0.365232558139535 0.369480333046225 0.482358465288597 0.520249731827364 0.496247806018242 0.475801668757585 0 0 0 0 0.551937984496124 0.547435020519836 0 0.187918376652987 0.270176470588235 0.101098495212038 0.111774281805746 0.17472138622891 0.116459644322845 0.0129803921568627 0.0209717282261742 0.164764705882353 0.076452348381213 0.0950560875512996 0.0872093023255814 0.0638171116853287 0.864836347975883 0.550872093023256 0.343451047947172 0.302325581395349 0 0 0 0 0.658168718650251 0.724406292749658 0 0.142139990880073 0.393161422708618 0 0 0 0 0.529217054263565 0.525319653442772 0 0.286359325125399 0.354556771545828
#NONE#
