67
0
True False
0.116130475326593 0 0 0.117482971500736 0.0271013361069883 0 0.0179305062448049 0.0271146561659373 0.00778030710555288 0.165616323169405 0.119338774574142 0.000549955691071747 0.000662556179421613 0.10429464133635 0.0892454773160459 0.0209092255901539 0.022415966304193 0.0167008344810832 0.0245078351088013 0.0187228931545581 0.082765581398259 0.00141454836416084 8.98020762240021E-06 0.00837526049590427 0.010930894178216 0.217341736694678 0.368588235294118 0.228694677871148 0.375913165266106 0.331663865546219 0.265106442577031 0.334509803921569 0.417526610644258 0.692787114845938 0.507292768959436 0.504488640865424 0.480389782131954 0.4843415488995 0.498634486956738 0 0 0 0 0.272313725490196 0.146198879551821 0 0.311156862745098 0.692787114845938 0.217341736694678 0.368588235294118 0.228694677871148 0.375913165266106 0.0593501400560224 0.11890756302521 0.334509803921569 0.10636974789916 0 0.0982142857142857 0.105749559082892 0.950608465608466 0.558035714285714 0.461640211640212 0.348214285714286 0 0 0 0 0.285406162464986 0.197518207282913 0 0.458803921568627 0.956201680672269 0 0 0 0 0.353240896358543 0.27943137254902 0 0.417887955182073 0.598761904761905
#NONE#
(Leaf259.txt) (listLeaf259ED.txt) (#NONE#)
(Neighbor1Leaf259.txt) (Neighbor2Leaf259.txt) (Neighbor3Leaf259.txt) (Neighbor4Leaf259.txt)
(#NONE#)
(#NONE#) (Node33.txt)
0.132715430954783 0 0 0.15646638113936 0.0330476913528509 0 0.0180145315756255 0.0376618910959809 0.00778503626504766 0.111233683991442 0.155271757563812 0.000200501067647346 0.0045791413662156 0.0757140420527844 0.107600488531771 0.0200329345119546 0.0160101972853549 0.007759656657569 0.0191720782094738 0.00839394111306506 0.0641399352153474 0.000302955117939001 0.00017394024076427 0.00363813291582493 0.0200856517753878 0.219064091308165 0.318347673397717 0.204886157448054 0.270622768510389 0.368190810652619 0.295192859233246 0.256444834650278 0.467061164764413 0.698461223295288 0.51409250046066 0.515727700865177 0.493403088003351 0.467190684134613 0.492938778166038 0 0 0 0 0.315704419081065 0.214341235001463 0 0.407700907228563 0.691779923909863 0.219064091308165 0.318347673397717 0.204886157448054 0.270622768510389 0.052486391571554 0.0808516242317822 0.256444834650278 0.0593602575358501 0.00668129938542581 0.082089552238806 0.0866519255573982 0.905765616362631 0.552238805970149 0.392616546895154 0.308768656716418 0 0 0 0 0.226290313140181 0.151275973075797 0 0.449062920690664 0.915147205150717 0 0 0 0 0.383147790459467 0.316042727538777 0 0.459867134913667 0.628674860989172
#NONE#
