1
0
True False
0.00870285951098218 0 0.0225169222268269 0.00372979693327808 0.52576322696505 0 0.0338444536538196 0 0.250448957038265 0.00221025003453516 0.124602845696919 0 0 0.00248653128885205 0.0171294377676475 0 0.000138140627158447 0.000276281254316895 0 0 0.00815029700234839 0 0 0 0 0.146274509803922 0.385254901960784 0.426117647058823 0.417411764705882 0.464392156862745 0.409882352941177 0.466705882352941 0.566078431372549 0.51521568627451 0.516913580246914 0.500821343442176 0.494830705608684 0.487139185448794 0.4962732305259 0 0 0 0 0.464392156862745 0.409882352941177 0 0.566078431372549 0.51521568627451 0.146274509803922 0.385254901960784 0.426117647058823 0.417411764705882 0 0 0.466705882352941 0 0 0 0.108395061728395 0.955061728395062 0.5625 0.435679012345679 0.3125 0 0 0 0 0.502313725490196 0.506666666666667 0 0.469058823529412 0.353490196078431 0 0 0 0 0.444117647058823 0.386823529411765 0 0.565686274509804 0.528627450980392
#NONE#
(Leaf336.txt) (listLeaf336ED.txt) (#NONE#)
(Neighbor1Leaf336.txt) (Neighbor2Leaf336.txt) (Neighbor3Leaf336.txt) (Neighbor4Leaf336.txt)
(#NONE#)
(#NONE#) (Node38.txt)
0.00870285951098218 0 0.0225169222268269 0.00372979693327808 0.52576322696505 0 0.0338444536538196 0 0.250448957038265 0.00221025003453516 0.124602845696919 0 0 0.00248653128885205 0.0171294377676475 0 0.000138140627158447 0.000276281254316895 0 0 0.00815029700234839 0 0 0 0 0.146274509803922 0.385254901960784 0.426117647058823 0.417411764705882 0.464392156862745 0.409882352941177 0.466705882352941 0.566078431372549 0.51521568627451 0.516913580246914 0.500821343442176 0.494830705608684 0.487139185448794 0.4962732305259 0 0 0 0 0.464392156862745 0.409882352941177 0 0.566078431372549 0.51521568627451 0.146274509803922 0.385254901960784 0.426117647058823 0.417411764705882 0 0 0.466705882352941 0 0 0 0.108395061728395 0.955061728395062 0.5625 0.435679012345679 0.3125 0 0 0 0 0.502313725490196 0.506666666666667 0 0.469058823529412 0.353490196078431 0 0 0 0 0.444117647058823 0.386823529411765 0 0.565686274509804 0.528627450980392
#NONE#
