66
0
True False
0.165470807506618 0 0 0.261250418849055 0 0 0.00105363354125638 0.0506404300563728 1.45855515526319E-05 0.136014023833689 0.0367262336796495 0.000211123157696282 0.0114357658761891 0.0239796490807318 0.0266950942429134 0.192160314135921 0.0469021603892465 0.00161099625060112 0.00547199563351033 0.00785698469989248 0.0191934180432832 0 0.011013133597775 0.000298099963758749 0.00200113191028722 0.200126874279123 0.162108419838524 0.166348327566321 0.25641753171857 0.278544405997693 0.171824682814302 0.278482122260669 0.248668973471742 0.199236447520184 0.402861292665214 0.512299802178075 0.443151505628887 0.473599272644 0.518482786691233 0 0 0 0 0.200050749711649 0.0604959630911188 0 0.129870818915802 0.0779077277970012 0.200126874279123 0.162108419838524 0.166348327566321 0.25641753171857 0.0784936562860438 0.111328719723183 0.278482122260669 0.11879815455594 0.121328719723183 0.0992647058823529 0.0817429193899782 0.930305010893246 0.558823529411765 0.368344226579521 0.297794117647059 0 0 0 0 0.26676124567474 0.0962237600922722 0 0.227764705882353 0.20923414071511 0 0 0 0 0.27641753171857 0.17121107266436 0 0.240881199538639 0.191324106113034
#NONE#
(Leaf347.txt) (listLeaf347ED.txt) (#NONE#)
(Neighbor1Leaf347.txt) (Neighbor2Leaf347.txt) (Neighbor3Leaf347.txt) (Neighbor4Leaf347.txt)
(#NONE#)
(#NONE#) (Node15.txt)
0.147669971769693 7.13454245052758E-05 0 0.305719791781546 0.0102983463290157 0 0.0254703070509146 0.0376051937157709 0.00503472275578254 0.114246418410964 0.109799319393387 7.30989727932206E-05 0.00521869488397614 0.0560477751994663 0.041524312750321 0.070612551712317 0.0146781622082819 0.00456648215011873 0.0076777547492724 0.0107362283318834 0.0221128632272898 0.000393671357605883 0.00285549577252197 0.00267538455818304 0.00491210749438978 0.194681521093286 0.19783422459893 0.182934640522876 0.264891265597148 0.307840760546643 0.178600713012478 0.296264408793821 0.244461081402258 0.227892453951277 0.392908716797606 0.529674772040538 0.470994914201955 0.471750680593355 0.506255784619159 0 0 0 0 0.237879382055853 0.0633666072489602 0 0.113508021390374 0.0998122400475342 0.194681521093286 0.19783422459893 0.182934640522876 0.264891265597148 0.0699613784907902 0.115234105763518 0.296264408793821 0.130953060011884 0.128080213903743 0.0965909090909091 0.0805555555555555 0.913778526000748 0.548295454545455 0.369633370744482 0.293560606060606 0 0 0 0 0.251371360665478 0.0817647058823529 0 0.167535947712418 0.215621509209745 0 0 0 0 0.305084967320262 0.185086155674391 0 0.246133095662507 0.222238265002971
#NONE#
