34
0
True False
0.682355756755574 0 0 0.0617822958104064 0 0 0.00183925953846798 0.00235357955447948 0 0.161099576052254 0.0136276387969655 1.56230471191101E-05 1.56152404747032E-05 0.0258979198030463 0.0117153876492857 0.0140192541564959 0.00186716553667516 0.00216003535082449 0.00337540136641261 0.00454607811700975 0.0101640552486181 0.000237786708913639 0 0.00189285183799196 0.00103471942898542 0.0220539215686275 0.0261176470588235 0.0733186274509804 0.0287696078431372 0.0553382352941176 0.14893137254902 0.0332549019607843 0.0535686274509804 0.0878284313725491 0.081358024691358 0.459517394796777 0.639496217699714 0.495096544071918 0.482915248117507 0 0 0 0 0.0216764705882352 0.019593137254902 0 0 0 0.0220539215686275 0.0261176470588235 0.0733186274509804 0.0287696078431372 0.0336617647058824 0.129338235294118 0.0332549019607843 0.0535686274509804 0.0878284313725491 0.046875 0.0401697530864198 0.757993827160494 0.515625 0.244814814814815 0.1875 0 0 0 0 0.0407598039215686 0.279833333333333 0 0.0235539215686275 0.120392156862745 0 0 0 0 0.0478088235294118 0.127848039215686 0 0.0593823529411765 0.0797941176470588
#NONE#
(Leaf184.txt) (listLeaf184ED.txt) (#NONE#)
(Neighbor1Leaf184.txt) (Neighbor2Leaf184.txt) (Neighbor3Leaf184.txt) (Neighbor4Leaf184.txt)
(#NONE#)
(#NONE#) (Node24.txt)
0.53405259721237 0 0 0.103737624758558 0.0430944895797287 0 0.0112032237111238 0.00428513883598011 0 0.148207245995231 0.035322493317763 3.67601108684944E-06 0.00118014476246464 0.0279680268077018 0.0222827608374701 0.0233441110959544 0.00597320199008933 0.00105985030997936 0.00596911003037915 0.00755592632821662 0.0179818591294225 7.41859199222062E-05 9.01310774295242E-05 0.0010116740956709 0.00560252819345754 0.0454659746251442 0.0528477508650519 0.0836678200692042 0.0553886966551326 0.108635524798155 0.212453287197232 0.0555098039215686 0.071441753171857 0.149049596309112 0.131648511256354 0.473143500718046 0.610230199372624 0.496424335519007 0.470564652207367 0 0 0 0 0.00510034602076124 0.00461014994232988 0 0 0.0223829296424452 0.0454659746251442 0.0528477508650519 0.0836678200692042 0.0553886966551326 0.103535178777393 0.207843137254902 0.0555098039215686 0.071441753171857 0.126666666666667 0.0496323529411765 0.0435875090777052 0.808907044299201 0.522058823529412 0.292803195352215 0.224264705882353 0 0 0 0 0.102786620530565 0.308696655132641 0 0.0519584775086505 0.130764705882353 0 0 0 0 0.102949250288351 0.193318339100346 0 0.0697151095732411 0.147532871972318
#NONE#
