57
0
True False
0.0594252147274959 0 0 0.0446423736690145 0.287226566129028 0 0.120147955042175 0.000882757278604216 2.55134583492792E-05 0.0159545970908365 0.225589886390101 0 0 0.0050587990808497 0.150299293189202 0.00155466274496251 0.0011548988367329 0.000235824678683606 0.0402224742406515 0.000531516913830858 0.0101058880244529 0 0 0.000309145880574452 0.0366326326244552 0.0939529411764706 0.252266666666667 0.51983137254902 0.155721568627451 0.270572549019608 0.493701960784314 0.138556862745098 0.237270588235294 0.528388235294118 0.420913580246914 0.502241098074332 0.686522118824064 0.485657120638928 0.357055004885166 0 0 0 0 0.0439960784313725 0.493701960784314 0 0 0.496309803921569 0.0939529411764706 0.252266666666667 0.51983137254902 0.155721568627451 0.226576470588235 0 0.138556862745098 0.237270588235294 0.032078431372549 0.05625 0.065283950617284 0.849111111111111 0.50625 0.293148148148148 0.20625 0 0 0 0 0.272647058823529 0.217525490196078 0 0.228560784313725 0.588894117647059 0 0 0 0 0.257125490196078 0.510349019607843 0 0.231596078431373 0.492874509803922
#NONE#
(Leaf322.txt) (listLeaf322ED.txt) (#NONE#)
(Neighbor1Leaf322.txt) (Neighbor2Leaf322.txt) (Neighbor3Leaf322.txt) (Neighbor4Leaf322.txt)
(#NONE#)
(#NONE#) (Node34.txt)
0.0996004332336306 0 0 0.19235935609789 0.0878400721716277 0 0.0614986163822001 0.0362995755318817 0.000193076831418917 0.0482996579791926 0.197875648792457 6.35488296058658E-05 0.00191565964665229 0.0469538058386318 0.113962384441401 0.00250321636128433 0.00767652857153184 0.00199262111967485 0.0286310369809765 0.00777135755151241 0.0338705099001101 0.000160277236300628 0 0.0033909524977092 0.0271416640043102 0.141669762641899 0.249583075335397 0.45959477124183 0.165184726522188 0.224083247334021 0.454993464052288 0.183667010663915 0.249523219814241 0.504211214310286 0.470123456790124 0.494839465906946 0.63176913039299 0.490946607702914 0.383051616690044 0 0 0 0 0.0442951496388029 0.450017887856897 0 0.0810429996560027 0.480370141038872 0.141669762641899 0.249583075335397 0.45959477124183 0.165184726522188 0.179788097695218 0.00497557619539044 0.183667010663915 0.168480220158239 0.0238410732714138 0.0581140350877193 0.0685834957764783 0.881091617933723 0.524122807017544 0.329239766081871 0.239035087719298 0 0 0 0 0.199033367733058 0.261547299621603 0 0.22303130374957 0.475323701410389 0 0 0 0 0.223186790505676 0.463677330581355 0 0.24815135878913 0.487696594427245
#NONE#
