32
0
True False
0.256059202652845 0 0 0.0147873572789256 0.304851481427202 0 0.156887866890264 0 0.00122858768426916 0.12462854244753 0.0527820429266977 0 0.0156346836541902 0.00350792156773094 0.0144242335387233 0.0174750445217524 0.0139247327305841 0.000231634274538564 0.00125126429341607 0.00632207773433512 0.0137054501520966 0 4.62962962962963E-05 0.000324723444566678 0.00192685648403559 0.149897058823529 0.150205882352941 0.121450980392157 0.115524509803922 0.104612745098039 0.128642156862745 0.112911764705882 0.157004901960784 0.101039215686274 0.0824228395061728 0.462043424781348 0.50546072473359 0.495499933862755 0.493537071729833 0 0 0 0 0 0 0 0 0 0.149897058823529 0.150205882352941 0.121450980392157 0.115524509803922 0.104612745098039 0.128642156862745 0.112911764705882 0.157004901960784 0.101039215686274 0.0390625 0.0441358024691358 0.946697530864197 0.546875 0.382993827160494 0.2578125 0 0 0 0 0.0915245098039216 0.0483823529411764 0 0.0942107843137256 0.0290539215686274 0 0 0 0 0.113166666666667 0.151044117647059 0 0.155764705882353 0.122009803921569
#NONE#
(Leaf352.txt) (listLeaf352ED.txt) (#NONE#)
(Neighbor1Leaf352.txt) (Neighbor2Leaf352.txt) (Neighbor3Leaf352.txt) (Neighbor4Leaf352.txt)
(#NONE#)
(#NONE#) (Node19.txt)
0.309373998575174 0 0 0.105417967692007 0.146727922904384 0 0.0651666837897979 0.00517351042702964 0.00156382103251425 0.158458977990149 0.0718627644702137 1.67717697571448E-05 0.00518332148135924 0.0233473283190691 0.0220815040175897 0.0220245997671165 0.0107617609624548 0.00352741628569631 0.00599687972188775 0.00354677125968488 0.0276940607768257 0.000329966576400901 0.000104580026455027 0.00191667806292281 0.00972271409151055 0.101660539215686 0.159982843137255 0.120121323529412 0.173240196078431 0.20265318627451 0.107189950980392 0.176873774509804 0.182609068627451 0.108481617647059 0.164467592592593 0.509904110045602 0.485453826325801 0.490234031235769 0.49756393582811 0 0 0 0 0.0496813725490196 0 0 0.0558541666666667 0.00676593137254903 0.101660539215686 0.159982843137255 0.120121323529412 0.173240196078431 0.15297181372549 0.107189950980392 0.176873774509804 0.126754901960784 0.10171568627451 0.044921875 0.0514467592592593 0.886751543209876 0.544921875 0.33070987654321 0.23828125 0 0 0 0 0.160224264705882 0.0722536764705882 0 0.107132352941176 0.0562352941176471 0 0 0 0 0.206795343137255 0.11140318627451 0 0.185541666666667 0.118045343137255
#NONE#
