21
0
True False
0.528580774928292 0 0 0.261192889533557 0 0 0.000185345360187817 0.00265546478301589 0 0.0784274366259935 0.0598773716686959 0 0 0.0361553504424118 0.029527368387736 0 0 0.000123563573458544 0.00126652662795008 0 0.00185345360187817 0 0 0 0.000154454466823181 0.0521764705882353 0.0494509803921569 0.0435 0.0409607843137255 0.165803921568627 0.172647058823529 0.047 0.302568627450981 0.234166666666667 0.238611111111111 0.570872580560448 0.485843537897195 0.474590404240028 0.497499536230264 0 0 0 0 0.063686274509804 0.0599901960784313 0 0.238480392156863 0.234166666666667 0.0521764705882353 0.0494509803921569 0.0435 0.0409607843137255 0.102117647058823 0.112656862745098 0.047 0.0640882352941178 0 0.0625 0.0377469135802469 0.679104938271605 0.546875 0.254444444444444 0.171875 0 0 0 0 0.126549019607843 0.150764705882353 0 0.234480392156863 0.0654019607843137 0 0 0 0 0.161725490196079 0.162392156862745 0 0.307754901960784 0.280362745098039
#NONE#
(Leaf194.txt) (listLeaf194ED.txt) (#NONE#)
(Neighbor1Leaf194.txt) (Neighbor2Leaf194.txt) (Neighbor3Leaf194.txt) (Neighbor4Leaf194.txt)
(#NONE#)
(#NONE#) (Node24.txt)
0.475918865480404 0 0 0.153772514889015 0.0167529392802254 0 0.00154557701583224 0.0138539989548391 1.25247363542998E-05 0.149284290079912 0.0271590066232711 0.000542735478237174 0.00384978216579094 0.0244568553420767 0.0214267199239127 0.0599689139217134 0.00734696445317089 0.00640510644975245 0.00704766968220757 0.0158881652122893 0.00522580877809334 0.00176567973157652 0.00120920405122947 0.00215560423987066 0.00441107351022637 0.0607226890756302 0.0790196078431373 0.0777889822595705 0.0567955182072829 0.155355742296919 0.170629318394024 0.0710084033613445 0.218941176470588 0.236851540616246 0.262263374485597 0.533679408635174 0.529265313621503 0.486069978796244 0.48312002335267 0 0 0 0 0.0835480859010272 0.0782110177404295 0 0.150961718020542 0.202298786181139 0.0607226890756302 0.0790196078431373 0.0777889822595705 0.0567955182072829 0.0718076563958917 0.0924183006535948 0.0710084033613445 0.0679794584500468 0.0345527544351074 0.0654761904761905 0.0501116990005879 0.785849500293945 0.529761904761905 0.274885361552028 0.202380952380952 0 0 0 0 0.0979925303454715 0.163019607843137 0 0.159236227824463 0.122201680672269 0 0 0 0 0.163353874883287 0.165826330532213 0 0.216885154061625 0.246005602240896
#NONE#
