16
0
True False
0.0407471142427082 0 0 0.148698983146443 0 0 0.0215421849588766 0.00395361720914963 0 0.0136367930919593 0.328892482239637 0 0 0.01835478056888 0.376117199536416 0.000691870521373858 0.0042803487095804 0.00101524778430577 0.0162326264525723 0.00032122559920929 0.0222539055757971 0 0 0 0.00326162036309094 0.0286901960784314 0.356854901960784 0.558996078431372 0.105050980392157 0.460996078431372 0.682501960784314 0.105223529411765 0.47876862745098 0.67998431372549 0.700469135802469 0.495227702723785 0.593292407181713 0.494188178749941 0.263148568512832 0 0 0 0 0.460996078431372 0.682501960784314 0 0.47876862745098 0.67998431372549 0.0286901960784314 0.356854901960784 0.558996078431372 0.105050980392157 0 0 0.105223529411765 0 0 0.0125 0.0506666666666667 0.839061728395062 0.475 0.151481481481481 0.1875 0 0 0 0 0.307498039215686 0.65716862745098 0 0.48124705882353 0.717207843137255 0 0 0 0 0.458494117647059 0.669066666666667 0 0.461443137254902 0.660125490196079
#NONE#
(Leaf410.txt) (listLeaf410ED.txt) (#NONE#)
(Neighbor1Leaf410.txt) (Neighbor2Leaf410.txt) (Neighbor3Leaf410.txt) (Neighbor4Leaf410.txt)
(#NONE#)
(#NONE#) (Node33.txt)
0.124066161060864 0 0 0.145557741438764 0.00359040571035029 0 0.014415806451314 0.0144720790694582 0 0.0363210473661826 0.216290980015175 1.55938123752495E-05 0 0.03477657253955 0.262725011989465 0.00238441941447254 0.0125722772715097 0.000518067923929472 0.0350920553406221 0.00168994159788161 0.0433453247275939 0 0 0.000640775246112903 0.0515257390243791 0.0491029411764706 0.264879901960784 0.602009803921568 0.110007352941176 0.359357843137255 0.714132352941176 0.102115196078431 0.444980392156863 0.680350490196078 0.613688271604938 0.496948396842091 0.61627501985352 0.483437527485061 0.303504192085802 0 0 0 0 0.294137254901961 0.714132352941176 0 0.417446078431372 0.680350490196078 0.0491029411764706 0.264879901960784 0.602009803921568 0.110007352941176 0.0652205882352941 0 0.102115196078431 0.0275343137254902 0 0.02734375 0.0578009259259259 0.874344135802469 0.51953125 0.274552469135802 0.25 0 0 0 0 0.283267156862745 0.729541666666667 0 0.364610294117647 0.781852941176471 0 0 0 0 0.357928921568627 0.696110294117647 0 0.436127450980392 0.651139705882353
#NONE#
