29
0
True False
0.0435198273217743 0 0 0.104817800789078 0 0 0.00160559155641003 0.00444657452245016 6.17970584600173E-05 0.0481838206991224 0.208022949481978 0 0 0.0976695917019872 0.256057971832841 0 8.23426542320235E-05 0.00833846277333917 0.0278935548841782 0 0.197324067995872 0 0 0 0.00197564672827757 0.536503267973856 0.448640522875817 0.620385620915033 0.406274509803922 0.543764705882353 0.676052287581699 0.502450980392157 0.521320261437909 0.0683464052287582 0.761440329218107 0.473294212699906 0.492244161183806 0.560984465173099 0.5036143477774 0 0 0 0 0.464790849673203 0.676052287581699 0 0.461483660130719 0 0.536503267973856 0.448640522875817 0.620385620915033 0.406274509803922 0.0789738562091503 0 0.502450980392157 0.0598366013071895 0.0683464052287582 0.0625 0.0950205761316874 0.898168724279835 0.53125 0.396810699588477 0.291666666666667 0 0 0 0 0.741986928104575 0.906071895424836 0 0.617921568627451 0.0556732026143791 0 0 0 0 0.507535947712418 0.595503267973856 0 0.494980392156863 0.113921568627451
#NONE#
(Leaf286.txt) (listLeaf286ED.txt) (#NONE#)
(Neighbor1Leaf286.txt) (Neighbor2Leaf286.txt) (Neighbor3Leaf286.txt) (Neighbor4Leaf286.txt)
(#NONE#)
(#NONE#) (Node38.txt)
0.0714716364330267 0 0 0.156204041310188 0.00460814812195954 0 0.0128517327698055 0.010155328704835 0.0130051892152873 0.0575469919702546 0.233021832570226 0 0 0.0768744360694293 0.216273189146332 0.000979140059599831 0.0096161955442869 0.00220651811801179 0.0177500473033679 0.00667092800609086 0.10125626379272 0 0 0.0019369944657301 0.00757138639884842 0.445432048681542 0.416246112237999 0.503390128465179 0.444444895199459 0.562861392832995 0.695618661257606 0.433870182555781 0.453084516565247 0.160311020960108 0.639318859088974 0.450952552411095 0.496588511938817 0.563483136485649 0.508274688250338 0 0 0 0 0.522427315753888 0.695618661257606 0 0.385060175794456 0.0587004732927654 0.445432048681542 0.416246112237999 0.503390128465179 0.444444895199459 0.0404340770791075 0 0.433870182555781 0.0680243407707911 0.101610547667343 0.0646551724137931 0.086798637718178 0.924282673478076 0.545258620689655 0.400727969348659 0.362068965517241 0 0 0 0 0.774500338066261 0.804028397565923 0 0.521160243407708 0.114227180527383 0 0 0 0 0.519277890466532 0.644915483434753 0 0.432924949290061 0.171879648411089
#NONE#
