95
0
True False
0.00835501700017253 0 0 0.0355330311224076 5.27129155669323E-05 0 0.00119576592884097 0.00184218424682255 0 0.0287724295342958 0.0355757619298656 0 0 0.0231947106707076 0.0284621571437883 1.38715494520738E-06 0.000355111665973089 0.000234429185740047 0.0979804244831656 2.77430989041476E-05 0.0877910699326538 0 0 2.77430989041476E-06 0.65062328967626 0.89167305573915 0.888489535139899 0.887517514871118 0.898854813835646 0.76054417272527 0.791975765587134 0.899491077329808 0.675128001762503 0.769364617757215 0.845781661811624 0.492528535591923 0.496050464955486 0.50292849641869 0.484598341122172 0 0 0 0 0.737588014981273 0.782554307116104 0 0.631543511786737 0.747003304692664 0.89167305573915 0.888489535139899 0.887517514871118 0.898854813835646 0.0229561577439965 0.00942145847102885 0.899491077329808 0.0435844899757656 0.0223613130645517 0.0365168539325843 0.0688736301844916 0.546168678041337 0.379213483146067 0.195346095158829 0.178370786516854 0 0 0 0 0.760438863185724 0.795953293677021 0 0.680399206873761 0.746143643974444 0 0 0 0 0.744032606300947 0.777610486891386 0 0.66197400308438 0.759225380039656
#NONE#
(Leaf109.txt) (listLeaf109ED.txt) (#NONE#)
(Neighbor1Leaf109.txt) (Neighbor2Leaf109.txt) (Neighbor3Leaf109.txt) (Neighbor4Leaf109.txt)
(#NONE#)
(#NONE#) (Node26.txt)
0.00991255259420741 0 0 0.0342141380164766 6.24565995462384E-05 0 0.00118538381337307 0.00182200210985624 0 0.0273312346285485 0.0348736180887529 0 0 0.0224740380073109 0.0327665220009485 0.00100113521080106 0.00046137851151099 0.00117357698566248 0.0997525329641232 0.00145419103313841 0.0858748375585546 0.000443144899285251 0 9.2322557423309E-05 0.64510493442048 0.886444169246646 0.880457791537668 0.877967389060888 0.898134984520124 0.767723839009288 0.791219401444788 0.898388441692466 0.666867698658411 0.776837564499484 0.846175438596491 0.492617438986377 0.4953377145413 0.502615168412262 0.488332520651461 0 0 0 0 0.746217543859649 0.78239298245614 0 0.623176883384933 0.755888544891641 0.886444169246646 0.880457791537668 0.877967389060888 0.898134984520124 0.0215062951496388 0.00882641898864808 0.898388441692466 0.0436908152734778 0.0209490196078431 0.0348684210526316 0.0688499025341131 0.549929824561404 0.379605263157895 0.195142300194932 0.180263157894737 0 0 0 0 0.769068730650155 0.795278431372549 0 0.653023735810113 0.756163880288958 0 0 0 0 0.751344891640867 0.775471207430341 0 0.656309184726522 0.765830753353973
#NONE#
