58
0
True False
0.101285887717423 0 0 0.110130576667597 0 0 0 0.0044094936234573 0 0.068294973643358 0.0304578514119278 0.000141110897676305 0 0.0705316647174973 0.104932627908186 0.0267582654755489 0.00809981802187563 0.134908291041193 0.069500121934728 0.080625106184843 0.129096098533903 0.00474639418534584 0 0.0424307587905729 0.0136509592448666 0.077781512605042 0.286761904761905 0.238464985994398 0.486644257703081 0.684039215686274 0.641854341736695 0.663927170868347 0.594285714285714 0.718240896358543 0.67984126984127 0.511451249155314 0.475024571279602 0.448174811156152 0.537252669704649 0 0 0 0 0.684039215686274 0.641854341736695 0 0.594285714285714 0.718240896358543 0.077781512605042 0.286761904761905 0.238464985994398 0.486644257703081 0 0 0.663927170868347 0 0 0.0446428571428571 0.0753615520282187 0.940176366843033 0.544642857142857 0.395308641975309 0.3125 0 0 0 0 0.853210084033613 0.805983193277311 0 0.726750700280112 0.782913165266106 0 0 0 0 0.650442577030812 0.60453781512605 0 0.560011204481793 0.667176470588235
#NONE#
(Leaf52.txt) (listLeaf52ED.txt) (#NONE#)
(Neighbor1Leaf52.txt) (Neighbor2Leaf52.txt) (Neighbor3Leaf52.txt) (Neighbor4Leaf52.txt)
(#NONE#)
(#NONE#) (Node8.txt)
0.0875063632791206 0 0.000918731284100316 0.14080224171996 0.00934155661033048 0 0.0306939993351758 0.0220654452868992 0.00651107881164976 0.0551360008701822 0.2298899306686 5.33777793856733E-05 0.00116775266490921 0.064233873514517 0.183430848036726 0.00456285557595864 0.00776412709079358 0.0210568040944246 0.0253646804897831 0.0135853272745 0.0659215712882613 0.002712840775163 0.000339594873198963 0.0100469776133606 0.0168940210630002 0.225669371196755 0.25526031102096 0.17862001352265 0.449949290060852 0.611817444219067 0.681576064908722 0.514231913455037 0.572760649087221 0.62848275862069 0.630370370370371 0.503980753117698 0.463261601204465 0.467091328926158 0.537415734696107 0 0 0 0 0.577657200811359 0.681576064908722 0 0.567789046653144 0.615485463150778 0.225669371196755 0.25526031102096 0.17862001352265 0.449949290060852 0.0341602434077079 0 0.514231913455037 0.00497160243407709 0.0129972954699121 0.0538793103448276 0.0760387398893146 0.913641975308642 0.544181034482759 0.370057471264368 0.301724137931034 0 0 0 0 0.747475321162948 0.83852400270453 0 0.715814739688979 0.74547599729547 0 0 0 0 0.559444219066937 0.632721433400947 0 0.531182555780933 0.588919540229885
#NONE#
