69
0
True False
0.0792937092673582 0 0 0.163742304851493 0.0440486061617598 0 0.0664899314203836 0.00126258304472328 8.36155357665453E-06 0.0366739348391681 0.334142827205903 0 0 0.0329800464100144 0.176683106105263 0 0.00150964345410311 0.000617283950617284 0.0200014975458621 0 0.0208506953331579 9.0534979423868E-05 0 0 0.0216049338771925 0.241116339869281 0.451832679738562 0.459445751633987 0.288065359477124 0.615699346405229 0.615639215686274 0.306230065359477 0.440603921568628 0.263997385620915 0.555901234567901 0.48444872322366 0.448816371646179 0.510324286557257 0.551662935783696 0 0 0 0 0.615699346405229 0.593307189542484 0 0.422326797385621 0.13559477124183 0.241116339869281 0.451832679738562 0.459445751633987 0.288065359477124 0 0.0223320261437909 0.306230065359477 0.0182771241830065 0.128402614379085 0.0583333333333333 0.0812592592592593 0.916921810699589 0.558333333333333 0.330485596707819 0.266666666666667 0 0 0 0 0.775754248366013 0.802478431372549 0 0.314075816993464 0.118075816993464 0 0 0 0 0.576865359477124 0.55836339869281 0 0.442690196078431 0.279445751633987
#NONE#
(Leaf323.txt) (listLeaf323ED.txt) (#NONE#)
(Neighbor1Leaf323.txt) (Neighbor2Leaf323.txt) (Neighbor3Leaf323.txt) (Neighbor4Leaf323.txt)
(#NONE#)
(#NONE#) (Node8.txt)
0.0919047381314913 1.25276951546454E-05 0 0.150237094600567 0.0332332180127118 0 0.0451801019964025 0.0115056622002851 0.00121749681669156 0.0437821272291982 0.299972102775647 0 0.0103275204423738 0.0581301114924085 0.148609899877678 0.00562350684291667 0.00693980734259523 0.0047007803802797 0.0213114638945003 0.00500104977683732 0.040688034636558 0.000490975777696222 0.000448279233193467 0.0029092053177177 0.0177742955270956 0.257732310315431 0.399893151463484 0.369757317419722 0.315088945723217 0.625345836885478 0.643988633134413 0.339418584825234 0.482021028701336 0.270761011651037 0.572005725532296 0.482352867202797 0.460998784067916 0.509944622415171 0.538368080841181 0 0 0 0 0.625345836885478 0.639133844842285 0 0.475332764990054 0.160942313157147 0.257732310315431 0.399893151463484 0.369757317419722 0.315088945723217 0 0.00485478829212845 0.339418584825234 0.00668826371128161 0.10981869849389 0.0634057971014493 0.0794417606011809 0.911166577205225 0.546195652173913 0.35007514761138 0.27445652173913 0 0 0 0 0.781071895424836 0.776683148621768 0 0.336063086104007 0.149121909633419 0 0 0 0 0.58224097755044 0.59552600170503 0 0.488264279624893 0.295142369991475
#NONE#
