41
0
True False
0.435825089510191 0 0 0.198418728280154 0 0 0.000290049573934592 0.117609515197428 0 0.00791027382244242 0.109688732581735 0.00849955159596833 0 0.0111330884562887 0.0963259045113611 0 0.000967988702974311 0.00624695722197554 0.00282294492838433 0 0.00409395926942317 0 0 0 0.000167216347738978 0.0497614379084967 0.136153594771242 0.201954248366013 0.13433660130719 0.33935294117647 0.251330065359477 0.0771699346405229 0.556385620915033 0.211388888888889 0.394722222222222 0.475164150929958 0.504342967696105 0.510302546637741 0.480636172573186 0 0 0 0 0.247339869281046 0.186199346405229 0 0.556385620915033 0.148205882352941 0.0497614379084967 0.136153594771242 0.201954248366013 0.13433660130719 0.0920130718954249 0.0651307189542483 0.0771699346405229 0 0.0631830065359477 0.135416666666667 0.0956378600823046 0.793168724279835 0.557291666666667 0.317962962962963 0.302083333333333 0 0 0 0 0.385957516339869 0.237522875816993 0 0.907885620915033 0.215421568627451 0 0 0 0 0.315071895424837 0.248271241830065 0 0.4984477124183 0.21871568627451
#NONE#
(Leaf430.txt) (listLeaf430ED.txt) (#NONE#)
(Neighbor1Leaf430.txt) (Neighbor2Leaf430.txt) (Neighbor3Leaf430.txt) (Neighbor4Leaf430.txt)
(#NONE#)
(#NONE#) (Node13.txt)
0.398199344242886 0 0 0.161315964149915 0.042442568220385 0 0.0211414849563675 0.0528747368582965 6.03718908476215E-06 0.0539659323952362 0.101151982553694 0.0032030805443887 0 0.0554646191999403 0.0591647439845635 0.000313996085404648 0.00256836374781438 0.00619753378011777 0.00549241481014838 0.00288895155372353 0.026454952608721 0.000995035438259633 0 0.000638602086806871 0.0055196555942465 0.0719904351984696 0.108783357245337 0.163717838354854 0.116141559062649 0.39869918699187 0.22590243902439 0.0983060736489718 0.570586322333811 0.257318029650885 0.337624209575429 0.493103679979497 0.509005230440717 0.496229683688517 0.478377757880378 0 0 0 0 0.319521759923481 0.147265423242468 0 0.561165949306552 0.193824964131994 0.0719904351984696 0.108783357245337 0.163717838354854 0.116141559062649 0.0791774270683884 0.0786370157819225 0.0983060736489718 0.00942037302725968 0.0634930655188904 0.11890243902439 0.0759439927732611 0.801177356218007 0.548780487804878 0.315435109906655 0.280487804878049 0 0 0 0 0.476023912003826 0.184474414155906 0 0.912948828311812 0.202790052606408 0 0 0 0 0.371711142993783 0.227873744619799 0 0.511110473457676 0.258642754662841
#NONE#
