76
0
True False
0.133603183898245 0 0 0.20066418189145 0.0249738935602508 0 0.0432695486063758 0.000940969089648385 0.0408072695158708 0.0245712431012803 0.300092845877518 0 0 0.0203761684831169 0.162657948686967 0 0.000237445045857607 4.75068409851018E-05 0.0171989175240742 0 0.00553908438140608 0 0 0 0.0250197934969549 0.302717948717949 0.560883861236803 0.288494720965309 0.412564102564102 0.763411764705882 0.238808446455505 0.44446455505279 0.756754147812971 0.316503770739065 0.491177587844255 0.471298314821143 0.352655165730846 0.513887909000258 0.62317420237857 0 0 0 0 0.763411764705882 0.114696832579186 0 0.756754147812971 0.174886877828054 0.302717948717949 0.560883861236803 0.288494720965309 0.412564102564102 0 0.12411161387632 0.44446455505279 0 0.141616892911011 0.0384615384615385 0.0622127255460589 0.90707502374169 0.548076923076923 0.297321937321937 0.216346153846154 0 0 0 0 0.892573152337858 0.193143288084465 0 0.898675716440422 0.382524886877828 0 0 0 0 0.71689592760181 0.239511312217195 0 0.687064856711916 0.293128205128205
#NONE#
(Leaf302.txt) (listLeaf302ED.txt) (#NONE#)
(Neighbor1Leaf302.txt) (Neighbor2Leaf302.txt) (Neighbor3Leaf302.txt) (Neighbor4Leaf302.txt)
(#NONE#)
(#NONE#) (Node8.txt)
0.0996457016309243 5.62161876165659E-05 9.92050369704104E-06 0.139832873980404 0.0156234643015663 0 0.0282849180278699 0.00442746735213217 0.0152546948138638 0.0572061901823898 0.213000975761744 2.78961637248448E-05 0.0022744753893749 0.0480405444032223 0.203112778373483 0.0161876559278543 0.00530063005955762 0.0114136405300218 0.0471524131895403 0.00784413729578635 0.0433803074446382 0.000818637603726146 1.62483264223786E-06 0.00265211266119487 0.0384507233830246 0.307939628482972 0.604751805985552 0.393026315789474 0.403821981424149 0.754503611971104 0.270655314757482 0.395239422084623 0.747523219814241 0.27516253869969 0.573234243014945 0.484963885434985 0.409463313318723 0.507128413834219 0.587122204193578 0 0 0 0 0.748710526315789 0.103834881320949 0 0.747523219814241 0.118203302373581 0.307939628482972 0.604751805985552 0.393026315789474 0.403821981424149 0.00579308565531476 0.166820433436533 0.395239422084623 0 0.156959236326109 0.0707236842105263 0.0796328784925276 0.900921052631579 0.539473684210526 0.333417803768681 0.247532894736842 0 0 0 0 0.868087203302374 0.247146542827657 0 0.86759133126935 0.257275025799794 0 0 0 0 0.710525799793601 0.272727038183694 0 0.700719298245614 0.273523735810114
#NONE#
