71
0
True False
0.230776892995322 0 0 0.18271872698625 8.28981182127165E-05 0 0.00739895409247793 0.0829168667108785 2.10837022981235E-05 0.136422363971576 0.0457179863909856 2.13374301199163E-05 0.0958471031512138 0.0380455015903758 0.0513977271665308 0.0202562423128845 0.0314693718897183 0.00125088097395269 0.00821109080789698 0.0174544956248135 0.0289015383652531 2.07245295531792E-05 0.0120202271408439 0.00271533154521076 0.00633265450363182 0.179143790849673 0.198660130718954 0.173745098039216 0.220888888888889 0.162130718954248 0.178607843137255 0.412660130718954 0.16259477124183 0.139457516339869 0.331028806584362 0.532920843238847 0.502861925544311 0.473278230479537 0.500075032568666 0 0 0 0 0.0560653594771242 0.0680849673202615 0 0.0873071895424837 0 0.179143790849673 0.198660130718954 0.173745098039216 0.220888888888889 0.106065359477124 0.110522875816993 0.412660130718954 0.0752875816993464 0.139457516339869 0.125 0.110164609053498 0.943888888888889 0.5625 0.420473251028807 0.333333333333333 0 0 0 0 0.104398692810457 0.310058823529412 0 0.0663071895424837 0.204052287581699 0 0 0 0 0.175928104575163 0.162339869281046 0 0.178882352941177 0.129633986928105
#NONE#
(Leaf142.txt) (listLeaf142ED.txt) (#NONE#)
(Neighbor1Leaf142.txt) (Neighbor2Leaf142.txt) (Neighbor3Leaf142.txt) (Neighbor4Leaf142.txt)
(#NONE#)
(#NONE#) (Node19.txt)
0.221543015624698 0 0.000215597676617979 0.215303515395719 0.0259423129376987 0 0.0176255177348949 0.0242234905797539 0.00420395671897768 0.132891361733556 0.118786654078834 0.000159849619582405 0.00826719611232784 0.0752843145964302 0.06099013604746 0.00828067310217511 0.00809231706071131 0.00787745758837274 0.00986089923197175 0.00428906512857672 0.0429496942499633 0.000446073792254534 0.00105422498459701 0.000663522721259601 0.011049153283568 0.175981220657277 0.153853631593482 0.169062137531069 0.301930405965203 0.153327257663629 0.233918806959404 0.48274012703673 0.192428058547363 0.185953051643193 0.348595026951834 0.529309361442755 0.483383685547186 0.478802136324481 0.494995888476716 0 0 0 0 0.0313200773267053 0.0809594034797018 0 0.0651013532173433 0.0835338304335819 0.175981220657277 0.153853631593482 0.169062137531069 0.301930405965203 0.122007180336923 0.152959403479702 0.48274012703673 0.127326705330019 0.102419221209611 0.0730633802816901 0.0901686663189011 0.917956877064859 0.545774647887324 0.389085376456269 0.293133802816901 0 0 0 0 0.0704308202154101 0.308025407346037 0 0.117255454294394 0.0825865782932891 0 0 0 0 0.175180889257111 0.220590444628556 0 0.206781552057443 0.202512013256007
#NONE#
