83
0
True False
0.133531814275395 1.67021587540189E-05 0 0.139120533822578 0 0 0.00490546006802373 0.0168139382279885 0 0.0687711334903102 0.199397501557156 0 0 0.100569575824863 0.173632001680733 0.00302731653041561 0.00478958359741905 0.0200307750734645 0.0136220598785012 0.00081590505248171 0.0999320963555864 0.00344245418982911 7.46894053655546E-05 0.00762529358134828 0.00988116522978704 0.537315032679739 0.517505882352941 0.417098039215686 0.638507189542484 0.621016993464052 0.0969960784313726 0.574253594771242 0.647717647058823 0.0944 0.581497942386831 0.488661745278998 0.423667485158309 0.498527855774155 0.574804994023934 0 0 0 0 0.602535947712418 0.0308758169934641 0 0.647717647058823 0.0175477124183007 0.537315032679739 0.517505882352941 0.417098039215686 0.638507189542484 0.018481045751634 0.0661202614379085 0.574253594771242 0 0.0768522875816994 0.0916666666666667 0.0911275720164609 0.888411522633745 0.533333333333333 0.35719341563786 0.275 0 0 0 0 0.745490196078431 0.101704575163399 0 0.716739869281046 0.0750013071895424 0 0 0 0 0.587325490196078 0.102073202614379 0 0.618867973856209 0.108669281045752
#NONE#
(Leaf292.txt) (listLeaf292ED.txt) (#NONE#)
(Neighbor1Leaf292.txt) (Neighbor2Leaf292.txt) (Neighbor3Leaf292.txt) (Neighbor4Leaf292.txt)
(#NONE#)
(#NONE#) (Node31.txt)
0.117046341056106 3.01846242542511E-06 0.000451411633458222 0.131179188363309 0.0140049698053343 0 0.0223996195150537 0.0149031789743536 0.0126264808432752 0.0580575799794103 0.242238777649535 3.44514431385082E-05 0.000311741183371858 0.0618124170348037 0.195661521583424 0.00140966586520267 0.00608245794831461 0.00805608683813661 0.0224142299974906 0.000738780137861095 0.0680652537731539 0.00118713649785013 2.24381244643994E-05 0.00198041780519788 0.0193128354853293 0.550730923694779 0.446476257973069 0.399876683203402 0.55962674226317 0.570253248287266 0.153642334042051 0.549052208835341 0.587413654618474 0.149835577604536 0.593874758292429 0.488610599347163 0.41730906485236 0.500901426820385 0.587279993622273 0 0 0 0 0.545937632884479 0.0317207654145996 0 0.567361682022206 0.0614878336876919 0.550730923694779 0.446476257973069 0.399876683203402 0.55962674226317 0.0243156154027876 0.121921568627451 0.549052208835341 0.0200519725962674 0.0883477439168438 0.082078313253012 0.0870593485051317 0.89498586940354 0.539156626506024 0.366049382716049 0.287650602409639 0 0 0 0 0.669703756201275 0.112396881644224 0 0.704338766832034 0.0606865107488778 0 0 0 0 0.538466335931963 0.168600047247815 0 0.551985825655564 0.170434679896055
#NONE#
