45
0
True False
0.196859537841532 0 0 0.183882911552578 0.0240602897269404 0 0.0467498610420959 0.00746142543704951 0.0496406888404834 0.0077493810363436 0.194943428276038 0 0 0.00960504815945037 0.1935739473431 0 0 0 0.0264081553483699 0 0.00498746990514787 0 0 0 0.0540778554908705 0.528431372549019 0.28043137254902 0.0966928104575164 0.563019607843137 0.391235294117647 0.0985359477124183 0.522686274509804 0.718078431372549 0.624196078431373 0.468415637860083 0.554215910987357 0.345353164737069 0.445643005470073 0.622020235171931 0 0 0 0 0.266352941176471 0 0 0.631509803921569 0.624196078431373 0.528431372549019 0.28043137254902 0.0966928104575164 0.563019607843137 0.124882352941176 0.0985359477124183 0.522686274509804 0.0865686274509803 0 0.0729166666666667 0.0734773662551441 0.915987654320988 0.552083333333333 0.329300411522634 0.3125 0 0 0 0 0.298771241830065 0.0991176470588235 0 0.839222222222222 0.80418954248366 0 0 0 0 0.398941176470588 0.0979477124183006 0 0.664143790849673 0.569313725490196
#NONE#
(Leaf432.txt) (listLeaf432ED.txt) (#NONE#)
(Neighbor1Leaf432.txt) (Neighbor2Leaf432.txt) (Neighbor3Leaf432.txt) (Neighbor4Leaf432.txt)
(#NONE#)
(#NONE#) (Node11.txt)
0.150820865685609 0 2.87108814240598E-06 0.206767292864602 0.0147479574259307 0 0.016605109776297 0.0261780163755621 0.0150393950836347 0.0479828544545159 0.203722321341044 0.000321930836489396 0.000190027677944396 0.0483650858837689 0.153176597462742 0.000593753581121419 0.0108065110366895 0.00562258843284162 0.0258388010009531 0.0010252819754046 0.0426697607303865 0.000361710089528946 0.000137369431724088 0.000627522901366321 0.0283963748637028 0.423499782135076 0.264211764705882 0.143551198257081 0.534947276688453 0.377154684095861 0.176118518518518 0.549495424836601 0.700142047930283 0.612804357298475 0.497536351165981 0.544874997472749 0.407974607586482 0.442004702305587 0.576589652037205 0 0 0 0 0.286652723311547 0.0644252723311547 0 0.688599564270152 0.603969498910676 0.423499782135076 0.264211764705882 0.143551198257081 0.534947276688453 0.0905019607843138 0.111693246187364 0.549495424836601 0.0115424836601307 0.00883485838779956 0.0833333333333333 0.0806063100137174 0.930710562414266 0.555555555555556 0.375072702331961 0.290277777777778 0 0 0 0 0.293214814814815 0.0961664488017429 0 0.816421786492375 0.798278867102396 0 0 0 0 0.381263616557734 0.188637908496732 0 0.660886274509804 0.560671023965142
#NONE#
