62
0
True False
0.0840009483081357 0 0 0.30597046891831 9.26154606075574E-05 0 0.00736604255039334 0.0159571191166103 0 0.0605361926074958 0.205189967020364 0 0 0.119954893378205 0.144920184963087 0 0.000432778382718571 0.00683702512065339 0.0110422349324933 0 0.0350722067096818 0 0 0 0.00262732253124449 0.183230392156863 0.330941176470588 0.253176470588235 0.187098039215686 0.626627450980392 0.184553921568627 0.220156862745098 0.383348039215686 0.495995098039216 0.507361111111111 0.505700233639781 0.480266998879189 0.483118186763897 0.493246350652586 0 0 0 0 0.626627450980392 0.0571274509803921 0 0.234710784313725 0.495995098039216 0.183230392156863 0.330941176470588 0.253176470588235 0.187098039215686 0 0.127426470588235 0.220156862745098 0.148637254901961 0 0.0625 0.0765277777777778 0.950046296296296 0.5625 0.414043209876543 0.296875 0 0 0 0 0.762455882352941 0.0959264705882353 0 0.312946078431373 0.671024509803922 0 0 0 0 0.580058823529412 0.217053921568627 0 0.379799019607843 0.464450980392157
#NONE#
(Leaf408.txt) (listLeaf408ED.txt) (#NONE#)
(Neighbor1Leaf408.txt) (Neighbor2Leaf408.txt) (Neighbor3Leaf408.txt) (Neighbor4Leaf408.txt)
(#NONE#)
(#NONE#) (Node17.txt)
0.145364707836415 0 0.00196637754956885 0.26162397594882 0.0143653597685339 0 0.0220864363728477 0.0543043127656783 0.00255220773179529 0.0694560968748213 0.159607416520471 0.000133639840190518 0.000176479073823727 0.095143946590809 0.0904295060457437 0.00314390895403953 0.00402294889159209 0.0052661535399611 0.0129846492278283 0.00582670098931042 0.0415992542070562 6.55592261779889E-05 2.65612473031371E-05 0.000759078241344753 0.00909472255586853 0.170962049335863 0.245145477545857 0.256262492093612 0.244156230234029 0.59764642631246 0.210476280834914 0.258773561037318 0.31007210626186 0.567435167615433 0.464171644763043 0.507553573926688 0.506701262458688 0.480824533258482 0.483152577018325 0 0 0 0 0.59764642631246 0.061404807084124 0 0.166622390891841 0.558972802024035 0.170962049335863 0.245145477545857 0.256262492093612 0.244156230234029 0 0.149071473750791 0.258773561037318 0.143449715370019 0.00846236559139785 0.0735887096774194 0.0827080844285146 0.925884109916368 0.558467741935484 0.390123456790124 0.335685483870968 0 0 0 0 0.794659076533839 0.13691587602783 0 0.319040480708412 0.746771030993043 0 0 0 0 0.552207463630613 0.233260594560405 0 0.296614800759013 0.518418722327641
#NONE#
