62
0
True False
0.151118519548562 0 0 0.134074078145687 0.000761787111385628 0 0.00220280262418757 0.0258064496412661 0.000926497838171712 0.10348577159296 0.0838458354337849 0 0 0.209469007068206 0.068725004536979 0.00913918735334075 0.00286233383237206 0.0274738242274474 0.00530927528299476 0.0155816425959161 0.124615273088669 0.000535711034437068 0.000226421308303487 0.0314942885386893 0.00234628919663915 0.451202614379085 0.297921568627451 0.193366013071895 0.57537908496732 0.609915032679739 0.401235294117647 0.524300653594771 0.45656862745098 0.29556862745098 0.565102880658436 0.498421201168753 0.397859948730264 0.483822386216698 0.587258187083864 0 0 0 0 0.609915032679739 0.384307189542484 0 0.347424836601307 0.24697385620915 0.451202614379085 0.297921568627451 0.193366013071895 0.57537908496732 0 0.0169281045751633 0.524300653594771 0.109143790849673 0.0485947712418301 0.0729166666666667 0.099732510288066 0.869938271604938 0.5625 0.348909465020576 0.302083333333333 0 0 0 0 0.836993464052287 0.585235294117647 0 0.720934640522876 0.192732026143791 0 0 0 0 0.53316339869281 0.349209150326797 0 0.406941176470588 0.295196078431372
#NONE#
(Leaf112.txt) (listLeaf112ED.txt) (#NONE#)
(Neighbor1Leaf112.txt) (Neighbor2Leaf112.txt) (Neighbor3Leaf112.txt) (Neighbor4Leaf112.txt)
(#NONE#)
(#NONE#) (Node8.txt)
0.095657042484871 0 0 0.145201751311366 0.0040477031968219 0 0.0150954121300594 0.020222812975942 0.0031647220306755 0.0967145201915437 0.189336033117971 0 8.16407805655117E-05 0.174423749197 0.100805025698677 0.00930552526886943 0.0107727560225557 0.0103308986888324 0.0101981035858009 0.022400491533251 0.0721478056394417 0.00129219602623366 0.000288780495866354 0.0101957488864704 0.00831728073718587 0.282166350411132 0.26101771030993 0.244531941808982 0.482334598355471 0.608886780518659 0.469729285262492 0.420132194813409 0.53658697027198 0.366877925363694 0.624115890083632 0.501527377364444 0.459855680043478 0.472433351508312 0.540562316025155 0 0 0 0 0.586964579380139 0.461016445287793 0 0.510004427577483 0.344173308032891 0.282166350411132 0.26101771030993 0.244531941808982 0.482334598355471 0.0219222011385199 0.00871283997469955 0.420132194813409 0.0265825426944972 0.0227046173308033 0.0685483870967742 0.0883930704898447 0.917610513739546 0.554435483870968 0.38978892871366 0.321572580645161 0 0 0 0 0.818058191018343 0.459488298545225 0 0.676197975964579 0.230461733080329 0 0 0 0 0.5446944971537 0.44792220113852 0 0.497628083491461 0.37757495256167
#NONE#
