90
0
True False
0.128669115761625 0 0 0.166454451645757 0.00138144689483556 0 0.0130486280869712 0.00372385136119399 0.000146192254059646 0.0170020945696908 0.187900077190337 0 0 0.0130297798202184 0.262959833765663 0 0.000258508938275795 0.000123637305487028 0.0590292800162548 0 0.0530575258557989 0 0 0 0.0932155765338328 0.60027807486631 0.601336898395722 0.565775401069519 0.670545454545455 0.723450980392157 0.752695187165775 0.69587165775401 0.541982174688057 0.272174688057041 0.608911335578002 0.470694490110206 0.423618736264054 0.518617543376312 0.604239368611043 0 0 0 0 0.723450980392157 0.752695187165775 0 0.499875222816399 0.103408199643494 0.60027807486631 0.601336898395722 0.565775401069519 0.670545454545455 0 0 0.69587165775401 0.0421069518716578 0.168766488413547 0.0795454545454545 0.08993265993266 0.808989898989899 0.477272727272727 0.311043771043771 0.221590909090909 0 0 0 0 0.779344028520499 0.838388591800356 0 0.587689839572192 0.302766488413547 0 0 0 0 0.687672014260249 0.706648841354724 0 0.516613190730838 0.26179679144385
#NONE#
(Leaf172.txt) (listLeaf172ED.txt) (#NONE#)
(Neighbor1Leaf172.txt) (Neighbor2Leaf172.txt) (Neighbor3Leaf172.txt) (Neighbor4Leaf172.txt)
(#NONE#)
(#NONE#) (Node25.txt)
0.0603181060788846 8.23045267489712E-06 0 0.102374706573939 0.00262081601245202 0 0.00726442363476042 0.0127992215355724 0.0117963457575645 0.0305217247272831 0.137892693446087 0.000797194538052191 0.000385791504952509 0.0410727367768593 0.279263258148733 0.00453102816169198 0.0041932825925343 0.0261327529008324 0.0964847234937563 0.00574312289435706 0.0681951144932264 0.00442160524155336 1.64704012268444E-05 0.00248953723742789 0.100677113395578 0.639922004357299 0.664262309368192 0.657605664488017 0.704778649237473 0.739109803921569 0.706625272331154 0.692752505446623 0.641752505446623 0.199500217864924 0.719617283950618 0.475069057201894 0.461370368834837 0.534136108123732 0.561940168250563 0 0 0 0 0.725244008714597 0.706625272331154 0 0.608938562091503 0.0841921568627451 0.639922004357299 0.664262309368192 0.657605664488017 0.704778649237473 0.0138657952069717 0 0.692752505446623 0.0328139433551198 0.115308061002179 0.0631944444444444 0.0807462277091907 0.815150891632373 0.5 0.311168724279835 0.247222222222222 0 0 0 0 0.810255337690632 0.810109803921569 0 0.709532461873638 0.134326797385621 0 0 0 0 0.701422222222222 0.657737690631808 0 0.606175163398693 0.216915032679739
#NONE#
