34
0
True False
0.14434074631704 0 0 0.240939572157489 0 0 0.0156814742243373 0.0437229215483215 0 0.138035070594122 0.102589884252533 0 0.00325778229055391 0.0269566553078643 0.0298993873908225 0.0745870570896874 0.0971202354848667 0.00262618209922387 0.0086710170771394 0.0121681870127376 0.0476424351124509 5.36837989896861E-05 0.00681232308092147 0 0.00489538516089897 0.524179271708684 0.207394957983193 0.171271708683473 0.270033613445378 0.311473389355742 0.53375350140056 0.305899159663865 0.210577030812325 0.301148459383753 0.4031569664903 0.44920960142525 0.509846879019154 0.515985451215676 0.500824980974768 0 0 0 0 0.25793837535014 0.53375350140056 0 0.0942689075630253 0.157943977591036 0.524179271708684 0.207394957983193 0.171271708683473 0.270033613445378 0.0535350140056021 0 0.305899159663865 0.1163081232493 0.143204481792717 0.0714285714285714 0.0937742504409171 0.941534391534392 0.5625 0.400670194003527 0.330357142857143 0 0 0 0 0.18163025210084 0.735591036414566 0 0.178862745098039 0.316795518207283 0 0 0 0 0.330313725490196 0.479803921568627 0 0.214778711484594 0.290761904761905
#NONE#
(Leaf58.txt) (listLeaf58ED.txt) (#NONE#)
(Neighbor1Leaf58.txt) (Neighbor2Leaf58.txt) (Neighbor3Leaf58.txt) (Neighbor4Leaf58.txt)
(#NONE#)
(#NONE#) (Node34.txt)
0.160130176786031 0 0 0.253638985367391 0.000175242239762625 0 0.0154175264510713 0.0387949452585545 3.63601986721256E-05 0.100287126341289 0.16543187686345 0.000159961589809557 0.000670719883349335 0.0554557275702179 0.0871537000177968 0.0163264174537387 0.0227374354187565 0.0101868049437914 0.015227270042467 0.00568482926154687 0.0375220058297991 0.000276154266017309 0.00140979926902051 0.000506056365871854 0.0127708785815956 0.525214532871972 0.237867358708189 0.199303344867359 0.277742791234141 0.423264129181084 0.596265282583622 0.28939907727797 0.226006920415225 0.303420991926182 0.418503994190269 0.45655545276241 0.50490305483628 0.518868168495454 0.499914127887635 0 0 0 0 0.369592848904267 0.596265282583622 0 0.0849434832756632 0.195393310265283 0.525214532871972 0.237867358708189 0.199303344867359 0.277742791234141 0.0536712802768166 0 0.28939907727797 0.141063437139562 0.1080276816609 0.0974264705882353 0.0889288307915759 0.933750907770516 0.558823529411765 0.396394335511983 0.336397058823529 0 0 0 0 0.316910034602076 0.784021914648212 0 0.238521337946943 0.249514417531719 0 0 0 0 0.426662053056517 0.548519031141869 0 0.221501730103806 0.306433679354094
#NONE#
