95
0
True False
0.19031263003967 0 0 0.271325832047286 0.00188697436745038 0 0.00594416994085196 0.016118453766873 0.000155848918225156 0.0566927478894288 0.150033215794838 0 0 0.0420017520109016 0.137414076853213 0.00150991915662435 0.00260691534972571 0.00327337049861932 0.0467732258569841 0.000760847133735697 0.0177861629314365 0.000160588956447407 9.16758342500919E-06 0.000693165663562356 0.0545409352407026 0.691891067538126 0.414756717501816 0.25840813362382 0.735722585330428 0.264056644880174 0.147387073347858 0.755766158315178 0.279009440813362 0.13038779956427 0.379318701417467 0.503071672215761 0.344150039094107 0.489310675211266 0.581124130830537 0 0 0 0 0.0953217138707335 0.0345940450254176 0 0.121798111837327 0 0.691891067538126 0.414756717501816 0.25840813362382 0.735722585330428 0.168734931009441 0.11279302832244 0.755766158315178 0.157211328976035 0.13038779956427 0.0717592592592593 0.0819341563786008 0.905903063557385 0.548611111111111 0.379611339734796 0.293981481481481 0 0 0 0 0.217694989106754 0.134655047204067 0 0.23359767610748 0.197619462599855 0 0 0 0 0.272336964415396 0.146460421205519 0 0.2840058097313 0.120033405954975
#NONE#
(Leaf219.txt) (listLeaf219ED.txt) (#NONE#)
(Neighbor1Leaf219.txt) (Neighbor2Leaf219.txt) (Neighbor3Leaf219.txt) (Neighbor4Leaf219.txt)
(#NONE#)
(#NONE#) (Node32.txt)
0.170420111968602 0 0 0.225848476259203 0.0150665235685268 0 0.0140267226863928 0.0244399393926343 0.0018926837645533 0.0818205609647594 0.137494368429251 0.000156147869842579 5.92801346058833E-05 0.0504706647451648 0.125863085301597 0.00602935173342967 0.00311384183030779 0.0048798663825143 0.0457143146769662 0.00312173723990783 0.0285116441579766 0.000515114943099857 1.17354861760703E-05 0.000570779033211594 0.0599730494312772 0.740462745098039 0.375104643962848 0.267672239422085 0.777006811145511 0.249379566563468 0.165960784313725 0.770592776057792 0.248167595459236 0.131583075335397 0.393341130604288 0.495031485060527 0.376971811618337 0.49068576027559 0.557297271534952 0 0 0 0 0.07701217750258 0.026280701754386 0 0.107749432404541 0.00867533539731682 0.740462745098039 0.375104643962848 0.267672239422085 0.777006811145511 0.172367389060888 0.139680082559339 0.770592776057792 0.140418163054695 0.12290773993808 0.0677631578947368 0.0821663417803769 0.902239116309292 0.551315789473684 0.366152046783626 0.291447368421053 0 0 0 0 0.243337048503612 0.142826831785346 0 0.22950257997936 0.133591744066048 0 0 0 0 0.251324664602683 0.170930030959752 0 0.250019814241486 0.133561609907121
#NONE#
