92
0
True False
0.0917896453656782 0 0 0.221584956571139 0.000820116476794727 0 0.00418931564253345 0.0201629469537842 0.00101775034905048 0.048167045885028 0.145685227286562 2.24716576218245E-06 0 0.0583759344771656 0.183271477293746 0 0.00077480212111119 0.00313857973940064 0.0729024603440715 0.000220076840607418 0.023601471611581 0 0 0.000551052190288258 0.123744893685697 0.725125846702318 0.676645276292335 0.381492335115865 0.792117647058823 0.509140106951872 0.29357504456328 0.789582887700534 0.65341247771836 0.282954723707665 0.543694725028058 0.49064791389967 0.363857848659292 0.500889421215019 0.636389529044043 0 0 0 0 0.41479073083779 0.100991087344029 0 0.615518003565062 0.109848841354724 0.725125846702318 0.676645276292335 0.381492335115865 0.792117647058823 0.094349376114082 0.192583957219251 0.789582887700534 0.0378944741532977 0.173105882352941 0.0875 0.0812727272727273 0.878406285072952 0.545454545454545 0.35001571268238 0.310227272727273 0 0 0 0 0.473604991087344 0.362952584670232 0 0.75819679144385 0.264994652406417 0 0 0 0 0.500892691622103 0.27856256684492 0 0.619861675579323 0.27752798573975
#NONE#
(Leaf371.txt) (listLeaf371ED.txt) (#NONE#)
(Neighbor1Leaf371.txt) (Neighbor2Leaf371.txt) (Neighbor3Leaf371.txt) (Neighbor4Leaf371.txt)
(#NONE#)
(#NONE#) (Node25.txt)
0.0839789656156003 0 0 0.190830296258077 0.00265863731540068 0 0.00810096933068492 0.0277374958171628 0.000810255740367023 0.0539292523315785 0.14032028875213 7.82546724015015E-05 0.000911473376706846 0.0640998918443975 0.191204977238327 0.00207672373137114 0.00336972285143609 0.00678012415756249 0.067760112782068 0.00325982297270493 0.042641746686881 3.36244373229594E-05 0 0.00253907647460042 0.106878287613219 0.702247655583973 0.650910485933504 0.411797527706735 0.771270673486786 0.515551150895141 0.31353410059676 0.778691389599318 0.685815004262574 0.267796248934356 0.57228797638218 0.490484599613735 0.386220587153877 0.499751452683038 0.623571318150223 0 0 0 0 0.442746376811594 0.120069906223359 0 0.663160699062234 0.098504262574595 0.702247655583973 0.650910485933504 0.411797527706735 0.771270673486786 0.0728047740835465 0.193464194373401 0.778691389599318 0.022654305200341 0.169291986359761 0.0794836956521739 0.0830260332796565 0.882814009661836 0.541440217391304 0.356788781535158 0.296875 0 0 0 0 0.477222506393862 0.399380221653879 0 0.809877237851662 0.242192668371696 0 0 0 0 0.504556692242114 0.295105711849957 0 0.641044330775789 0.263588661551577
#NONE#
