69
0
True False
0.154467772790002 0 0 0.183310500282298 0.0590063695731398 0 0.0667052408083245 0.00188944874654294 0.00130804953560371 0.0329336240518111 0.361455425943172 0 0 0.0161852099704831 0.0816767864440049 7.71604938271606E-05 0.000949074074074075 0.00152011698594096 0.00641532664263552 0.0108950617283951 0.0143408230680729 0.000385850104951229 0 0.000231497677658726 0.0062466610790618 0.322112745098039 0.360674019607843 0.288544117647059 0.393276960784314 0.348014705882353 0.192539215686274 0.372703431372549 0.447171568627451 0.175933823529412 0.485478395061728 0.507509947278034 0.391357369905705 0.487989144308236 0.600560344604447 0 0 0 0 0.197482843137255 0.0594975490196078 0 0.402235294117647 0.0500245098039216 0.322112745098039 0.360674019607843 0.288544117647059 0.393276960784314 0.150531862745098 0.133041666666667 0.372703431372549 0.0449362745098039 0.12590931372549 0.03125 0.0778626543209876 0.881643518518519 0.546875 0.331203703703704 0.27734375 0 0 0 0 0.332509803921569 0.193492647058824 0 0.522855392156863 0.062985294117647 0 0 0 0 0.341975490196078 0.1995 0 0.413316176470588 0.202237745098039
#NONE#
(Leaf399.txt) (listLeaf399ED.txt) (#NONE#)
(Neighbor1Leaf399.txt) (Neighbor2Leaf399.txt) (Neighbor3Leaf399.txt) (Neighbor4Leaf399.txt)
(#NONE#)
(#NONE#) (Node31.txt)
0.116099705338734 0 0.000605353019936126 0.171767201838106 0.026398990421139 0 0.0493133910415742 0.0157946537855352 0.0056985510277404 0.0937112606227708 0.266618542460292 0 0.000263276986862478 0.0718749516824205 0.0726889114827763 0.0137533401388252 0.0131022719982159 0.0015737743159477 0.00810308682757069 0.0171175507426033 0.042255749985342 0.000359462681451046 0.00334483760707678 0.00102545338509033 0.00852968260998992 0.34035350951975 0.442394998579142 0.351695936345553 0.350343847684001 0.316273941460642 0.22650014208582 0.345642512077295 0.421416311452117 0.187888604717249 0.515560923242083 0.489062301866567 0.423357561730891 0.50168703572175 0.57179650265074 0 0 0 0 0.187854504120489 0.0836152315998863 0 0.350512645637965 0.0718312020460358 0.34035350951975 0.442394998579142 0.351695936345553 0.350343847684001 0.128419437340153 0.142884910485934 0.345642512077295 0.0709036658141517 0.116057402671213 0.0679347826086956 0.0887421721238146 0.919719091071748 0.555253623188406 0.376409017713366 0.28804347826087 0 0 0 0 0.254799658994032 0.185696504688832 0 0.455237851662404 0.09220687695368 0 0 0 0 0.320918442739415 0.237407217959648 0 0.400015913611822 0.208335322534811
#NONE#
