20
0
True False
0.0665989670120765 0 0 0.135275917870911 0 0 0.00491416268342388 0.0627537322921746 0.039066551426102 0.0468485943861902 0.0991560198803218 0 0 0.0987190928511412 0.22980209674756 0.00622559562515051 0.00172918194216172 0.00612346593845914 0.148906338791312 0.00217402904220814 0.00548344260250692 0 2.47066090179122E-05 0 0.0461981042992824 0.694745098039216 0.702078431372549 0.453866666666667 0.748345098039216 0.749654901960784 0.302188235294118 0.758274509803922 0.791254901960784 0.355749019607843 0.667555555555555 0.485497900864309 0.417532324885967 0.500321856077241 0.617771934273775 0 0 0 0 0.749654901960784 0.150556862745098 0 0.791254901960784 0.273803921568627 0.694745098039216 0.702078431372549 0.453866666666667 0.748345098039216 0 0.15163137254902 0.758274509803922 0 0.0819450980392157 0.05 0.086469135802469 0.780246913580247 0.475 0.290592592592593 0.225 0 0 0 0 0.858729411764706 0.423160784313726 0 0.849654901960784 0.334549019607843 0 0 0 0 0.715662745098039 0.296847058823529 0 0.767505882352941 0.351286274509804
#NONE#
(Leaf372.txt) (listLeaf372ED.txt) (#NONE#)
(Neighbor1Leaf372.txt) (Neighbor2Leaf372.txt) (Neighbor3Leaf372.txt) (Neighbor4Leaf372.txt)
(#NONE#)
(#NONE#) (Node25.txt)
0.0540874222345246 0 0 0.0895616108222081 0.000485744339257045 0 0.0107928816581296 0.0158489759064579 0.00977286605782096 0.0492114166063279 0.105460530441525 0 0.000333333333333333 0.0837805509088191 0.210577929312868 0.00954679650535079 0.00532267440804618 0.0213914576535053 0.101609562283257 0.0170944857458304 0.114333676828955 0.00165561370493995 6.17665225447805E-06 0.0109473740440073 0.0881789205525831 0.661962745098039 0.626901960784314 0.480076470588235 0.741813725490196 0.697633333333333 0.318854901960784 0.733482352941176 0.781778431372549 0.357670588235294 0.712623456790124 0.504063731187038 0.432707971091541 0.474792177913243 0.614988833464853 0 0 0 0 0.697633333333333 0.0950666666666667 0 0.781778431372549 0.26678431372549 0.661962745098039 0.626901960784314 0.480076470588235 0.741813725490196 0 0.223788235294118 0.733482352941176 0 0.0908862745098039 0.04375 0.0765987654320987 0.835814814814815 0.515625 0.31491975308642 0.215625 0 0 0 0 0.744919607843137 0.487470588235294 0 0.841801960784314 0.329360784313726 0 0 0 0 0.675823529411765 0.303296078431373 0 0.755962745098039 0.361003921568627
#NONE#
