2
0
True False
0.574261179603685 0 0 0.0290098145680448 0.0105228797818559 0 0.0532349098106406 0 0 0.123430771234171 0.0580953873858112 0 0.002488522113706 0.0138901076991553 0.0107740847146479 0.027499345717162 0.028498113157717 0.0051077613055936 0.00317677837299116 0.00697142509792079 0.0440155973341156 0 0.00460313510823588 0.0019932727046219 0.00242691428992466 0.0292352941176471 0.0295882352941176 0.0345294117647059 0.0345294117647059 0.0759019607843135 0.115607843137255 0.0312745098039216 0.184137254901961 0.230725490196078 0.160740740740741 0.706960276742533 0.542510004149262 0.458627056884144 0.480458178827695 0 0 0 0 0 0 0 0 0 0.0292352941176471 0.0295882352941176 0.0345294117647059 0.0345294117647059 0.0759019607843135 0.115607843137255 0.0312745098039216 0.184137254901961 0.230725490196078 0.0625 0.0355555555555555 0.726358024691358 0.4375 0.204444444444444 0.1875 0 0 0 0 0.0729803921568625 0.135607843137255 0 0.457392156862745 0.202960784313725 0 0 0 0 0.0661568627450981 0.0958235294117645 0 0.143980392156862 0.221862745098039
#NONE#
(Leaf276.txt) (listLeaf276ED.txt) (#NONE#)
(Neighbor1Leaf276.txt) (Neighbor2Leaf276.txt) (Neighbor3Leaf276.txt) (Neighbor4Leaf276.txt)
(#NONE#)
(#NONE#) (Node36.txt)
0.574261179603685 0 0 0.0290098145680448 0.0105228797818559 0 0.0532349098106406 0 0 0.123430771234171 0.0580953873858112 0 0.002488522113706 0.0138901076991553 0.0107740847146479 0.027499345717162 0.028498113157717 0.0051077613055936 0.00317677837299116 0.00697142509792079 0.0440155973341156 0 0.00460313510823588 0.0019932727046219 0.00242691428992466 0.0292352941176471 0.0295882352941176 0.0345294117647059 0.0345294117647059 0.0759019607843135 0.115607843137255 0.0312745098039216 0.184137254901961 0.230725490196078 0.160740740740741 0.706960276742533 0.542510004149262 0.458627056884144 0.480458178827695 0 0 0 0 0 0 0 0 0 0.0292352941176471 0.0295882352941176 0.0345294117647059 0.0345294117647059 0.0759019607843135 0.115607843137255 0.0312745098039216 0.184137254901961 0.230725490196078 0.0625 0.0355555555555555 0.726358024691358 0.4375 0.204444444444444 0.1875 0 0 0 0 0.0729803921568625 0.135607843137255 0 0.457392156862745 0.202960784313725 0 0 0 0 0.0661568627450981 0.0958235294117645 0 0.143980392156862 0.221862745098039
#NONE#
