2
0
True False
0.00129629629629629 0 0 0.0139506172839506 0.000246913580246913 0 0.054814814814815 0 0 0.114629629629629 0.0521604938271605 0 0 0.27537037037037 0.0390123456790123 0 0.0209876543209877 0.00506172839506173 0.0124691358024691 0.00209876543209876 0.40746913580247 0 0 0 0.000432098765432099 0.574490196078432 0.612450980392157 0.565372549019608 0.458588235294118 0.696588235294118 0.540960784313725 0.422098039215687 0.444411764705883 0.420941176470588 0.745185185185185 0.486202443557678 0.458831394960446 0.499102545663205 0.568480220616807 0 0 0 0 0.696588235294118 0.540960784313725 0 0.444411764705883 0.420941176470588 0.574490196078432 0.612450980392157 0.565372549019608 0.458588235294118 0 0 0.422098039215687 0 0 0.03125 0.0805555555555555 0.887530864197531 0.5625 0.376296296296296 0.28125 0 0 0 0 0.958196078431373 0.584882352941177 0 0.664 0.532686274509804 0 0 0 0 0.646392156862746 0.520392156862745 0 0.383607843137255 0.393392156862745
#NONE#
(Leaf434.txt) (listLeaf434ED.txt) (#NONE#)
(Neighbor1Leaf434.txt) (Neighbor2Leaf434.txt) (Neighbor3Leaf434.txt) (Neighbor4Leaf434.txt)
(#NONE#)
(#NONE#) (Node37.txt)
0.00129629629629629 0 0 0.0139506172839506 0.000246913580246913 0 0.054814814814815 0 0 0.114629629629629 0.0521604938271605 0 0 0.27537037037037 0.0390123456790123 0 0.0209876543209877 0.00506172839506173 0.0124691358024691 0.00209876543209876 0.40746913580247 0 0 0 0.000432098765432099 0.574490196078432 0.612450980392157 0.565372549019608 0.458588235294118 0.696588235294118 0.540960784313725 0.422098039215687 0.444411764705883 0.420941176470588 0.745185185185185 0.486202443557678 0.458831394960446 0.499102545663205 0.568480220616807 0 0 0 0 0.696588235294118 0.540960784313725 0 0.444411764705883 0.420941176470588 0.574490196078432 0.612450980392157 0.565372549019608 0.458588235294118 0 0 0.422098039215687 0 0 0.03125 0.0805555555555555 0.887530864197531 0.5625 0.376296296296296 0.28125 0 0 0 0 0.958196078431373 0.584882352941177 0 0.664 0.532686274509804 0 0 0 0 0.646392156862746 0.520392156862745 0 0.383607843137255 0.393392156862745
#NONE#
