45
0
True False
0.270744455818773 0 0 0.278190478404409 0.00314376505445046 0 0.0245756501820784 0.0396586652843759 9.29897362578609E-05 0.0727661016603275 0.11198390887419 2.29394627577822E-05 0.00196132406579038 0.0386729136381809 0.0945882285268841 0.00184385685819057 0.00509820338852606 0.00422416602307257 0.00942800892097028 0.00288708217607558 0.0268777142618338 4.60744269228548E-05 1.16237170322325E-05 0.00848189665733567 0.0046999528615653 0.239311942959002 0.247393939393939 0.157575757575758 0.181297682709447 0.264894830659537 0.138948306595365 0.440163992869875 0.60275935828877 0.317597147950089 0.327194163860831 0.539584220243076 0.477099614824104 0.465676765007786 0.489676668548093 0 0 0 0 0.142673796791444 0.0201818181818182 0 0.60275935828877 0.146467023172906 0.239311942959002 0.247393939393939 0.157575757575758 0.181297682709447 0.122221033868093 0.118766488413547 0.440163992869875 0 0.171130124777184 0.113636363636364 0.094769921436588 0.915319865319865 0.545454545454545 0.394040404040404 0.323863636363636 0 0 0 0 0.068812834224599 0.14151871657754 0 0.94572192513369 0.475201426024955 0 0 0 0 0.279903743315508 0.166577540106952 0 0.526787878787879 0.285889483065954
#NONE#
(Leaf404.txt) (listLeaf404ED.txt) (#NONE#)
(Neighbor1Leaf404.txt) (Neighbor2Leaf404.txt) (Neighbor3Leaf404.txt) (Neighbor4Leaf404.txt)
(#NONE#)
(#NONE#) (Node13.txt)
0.177076886828097 0 0 0.322614247672789 0.00561584435583007 0 0.0172148525071275 0.0416319807204613 2.27308244185882E-05 0.073106059559904 0.124216660631411 8.37758406790276E-06 0.0014711749134342 0.0738406853801241 0.0899151276147102 0.00187712463577727 0.00598815400365307 0.00710511470023907 0.0124751930725228 0.00325816415304566 0.0294824644327201 0.00019545269903938 0.00013377333806479 0.00479854853832736 0.00795138183423599 0.210404357298475 0.274048801742919 0.256915032679739 0.194739869281046 0.232820043572985 0.148210893246187 0.343228758169935 0.610474074074074 0.347481481481481 0.369462277091907 0.547807560931432 0.493921469879131 0.466345084387004 0.478242876383614 0 0 0 0 0.115306318082789 0.0160540305010893 0 0.601494553376906 0.184541176470588 0.210404357298475 0.274048801742919 0.256915032679739 0.194739869281046 0.117513725490196 0.132156862745098 0.343228758169935 0.00897952069716776 0.162940305010893 0.0861111111111111 0.0888998628257887 0.936150891632373 0.55 0.399714677640604 0.305555555555556 0 0 0 0 0.0946117647058824 0.116230065359477 0 0.878286710239652 0.500686710239652 0 0 0 0 0.255983442265795 0.159571241830065 0 0.549345533769063 0.315790849673203
#NONE#
