20
0
True False
0.065949176135598 0 0.000963143701040195 0.0383253745162482 0.0945420588603674 0 0.270164217982804 0.000637133430678227 0.0243354308462823 0.00838077707860679 0.194634623708079 0 0.0266049382716049 0.00799642328857689 0.0946325864411564 0 0.0828413135536119 0.000442023505462571 0.0209664572324561 0 0.0388757378156376 0 0 0 0.029708583631789 0.718294117647059 0.598607843137254 0.168529411764706 0.344352941176471 0.163470588235294 0.64286274509804 0.160019607843138 0.290901960784314 0.11621568627451 0.417530864197531 0.516466849857619 0.509080411998477 0.494385333127214 0.490297638233788 0 0 0 0 0 0.64286274509804 0 0.198529411764706 0 0.718294117647059 0.598607843137254 0.168529411764706 0.344352941176471 0.163470588235294 0 0.160019607843138 0.092372549019608 0.11621568627451 0.09375 0.140987654320988 0.955802469135802 0.5625 0.456049382716049 0.40625 0 0 0 0 0.188333333333333 1 0 0 0 0 0 0 0 0.159313725490197 0.560294117647059 0 0.351960784313725 0.158607843137255
#NONE#
(Leaf266.txt) (listLeaf266ED.txt) (#NONE#)
(Neighbor1Leaf266.txt) (Neighbor2Leaf266.txt) (Neighbor3Leaf266.txt) (Neighbor4Leaf266.txt)
(#NONE#)
(#NONE#) (Node38.txt)
0.0931710118249867 0.00423461336138875 0.0103014695515875 0.22013296896857 0.0174994167576643 0 0.0334452660396742 0.0519460675521868 0.00932938042648041 0.0792381750271588 0.152466499174276 0.000546428467932766 0.00266049382716049 0.0880621286791905 0.115769033649577 0.00203719747402577 0.0151542657202229 0.0145620599245479 0.0239845247788159 0.000268410109921142 0.0499986161993396 0.000235714208832489 0 6.21780334273309E-05 0.0148940802430327 0.477466666666667 0.594378431372549 0.501392156862745 0.460601960784314 0.391441176470588 0.618956862745098 0.203421568627451 0.232676470588235 0.17908431372549 0.496049382716049 0.421170435429639 0.512932664219062 0.566196798210655 0.473769722375949 0 0 0 0 0.34793137254902 0.618956862745098 0 0.0411725490196079 0.0541686274509803 0.477466666666667 0.594378431372549 0.501392156862745 0.460601960784314 0.0435098039215687 0 0.203421568627451 0.191503921568628 0.12491568627451 0.109375 0.0957716049382715 0.927185185185185 0.559375 0.402493827160494 0.340625 0 0 0 0 0.213260784313725 0.765217647058824 0 0.141372549019608 0.111078431372549 0 0 0 0 0.40721568627451 0.565407843137255 0 0.247833333333333 0.188854901960784
#NONE#
