79
0
True False
0.0215440082138031 0 0 0.0240823689192972 8.2354878799985E-05 0 0.000650987518607569 0.00486032815488891 0 0.0224035442819706 0.147558873120339 0.000692206743457461 0 0.0207469174247576 0.674596388667424 0.00345630213240916 0.00744907585079878 0.0021739714355886 0.0136507919360311 0.00496663754673509 0.0367458191146111 0.000337557873049278 1.64859225875862E-05 0.000743899514127169 0.0132414807507165 0.478112418300653 0.581630065359477 0.608717647058824 0.551724183006536 0.641058823529412 0.659857516339869 0.556635294117647 0.652227450980392 0.664349019607843 0.859292181069959 0.492175815170953 0.489975721376942 0.508166966420583 0.521360881014354 0 0 0 0 0.641058823529412 0.659857516339869 0 0.652227450980392 0.664349019607843 0.478112418300653 0.581630065359477 0.608717647058824 0.551724183006536 0 0 0.556635294117647 0 0 0.0333333333333333 0.0666378600823045 0.602197530864198 0.3875 0.191271604938272 0.129166666666667 0 0 0 0 0.816107189542484 0.835667973856209 0 0.695245751633987 0.66602614379085 0 0 0 0 0.585279738562091 0.622760784313725 0 0.628065359477124 0.645671895424837
#NONE#
(Leaf208.txt) (listLeaf208ED.txt) (#NONE#)
(Neighbor1Leaf208.txt) (Neighbor2Leaf208.txt) (Neighbor3Leaf208.txt) (Neighbor4Leaf208.txt)
(#NONE#)
(#NONE#) (Node26.txt)
0.0323465881791495 0 0 0.0478373720222704 0.00412681330710979 0 0.00828437043612552 0.00759864498639571 0.0172208745623298 0.0289885915972413 0.179732807072728 0.000262863320300302 1.56274417877794E-05 0.0314112229871022 0.496279865508962 0.0017519649057718 0.0132642885461808 0.00626845203133651 0.0353277217184394 0.00321800785548488 0.0614323557582685 0.00103811363483299 2.032671818261E-05 0.00105449219854886 0.0225186352114517 0.500389674857284 0.565196823033011 0.536955075701167 0.585754777860511 0.675401836684041 0.678340531149169 0.554206502854306 0.673197815835195 0.643596922313229 0.813397405844663 0.491513622917385 0.472158115269544 0.501362049039736 0.556058520563882 0 0 0 0 0.675401836684041 0.678340531149169 0 0.673197815835195 0.637865971705138 0.500389674857284 0.565196823033011 0.536955075701167 0.585754777860511 0 0 0.554206502854306 0 0.00573095060809134 0.0324367088607595 0.0670151586185342 0.758263791217378 0.46123417721519 0.256641662759806 0.180379746835443 0 0 0 0 0.81443385455448 0.849885331347729 0 0.72770215934475 0.730136510300323 0 0 0 0 0.631374534623976 0.632811615785555 0 0.641733432613552 0.60169024571854
#NONE#
