38
0
True False
0.118732156649957 0 0 0.108855398070688 0.00023168170730851 0 0.00160752157623866 0.00324608380636802 0 0.11199437769592 0.110029656302683 0 0 0.120206451022362 0.212539967967793 0.00129897691827688 0.00982876182635477 0.0101341845174046 0.0643277750648953 0.00607034041516353 0.0838167201513225 0 0 0.000324314306893995 0.0367556320003704 0.658122549019608 0.525686274509804 0.460107843137255 0.684960784313726 0.414539215686275 0.141862745098039 0.722132352941176 0.690245098039216 0.396553921568628 0.568996913580247 0.513044725759677 0.422887409752439 0.466558511737643 0.585595315569941 0 0 0 0 0.319279411764706 0.0382303921568627 0 0.690245098039216 0.080764705882353 0.658122549019608 0.525686274509804 0.460107843137255 0.684960784313726 0.0952598039215687 0.103632352941177 0.722132352941176 0 0.315789215686274 0.0546875 0.105478395061729 0.927006172839506 0.5546875 0.366543209876543 0.34375 0 0 0 0 0.269338235294118 0.116460784313726 0 0.927200980392157 0.529563725490196 0 0 0 0 0.436700980392157 0.158073529411765 0 0.609808823529412 0.338441176470588
#NONE#
(Leaf406.txt) (listLeaf406ED.txt) (#NONE#)
(Neighbor1Leaf406.txt) (Neighbor2Leaf406.txt) (Neighbor3Leaf406.txt) (Neighbor4Leaf406.txt)
(#NONE#)
(#NONE#) (Node11.txt)
0.0904003871719479 0 0 0.171872142756475 0.00655186040302226 0 0.0161707988970812 0.0252651508520102 0.000872029546968855 0.0726095235397907 0.159866609215926 0.00191174870742065 0 0.0834828722147487 0.216143608663077 0.00265139288964062 0.00350723003513412 0.0136244580184988 0.0358686827548212 0.00407654428405806 0.0588179247479203 0.000347669254176867 6.52268917429279E-06 0.000929389196376776 0.0350234541617303 0.616727554179567 0.52315479876161 0.438639834881321 0.625037151702786 0.317804953560372 0.188593395252838 0.640504643962848 0.673058823529412 0.367180598555212 0.558495776478233 0.500721419665433 0.403674430490922 0.482100907586461 0.587834309283197 0 0 0 0 0.20686790505676 0.0459814241486068 0 0.673058823529412 0.103608875128999 0.616727554179567 0.52315479876161 0.438639834881321 0.625037151702786 0.110937048503612 0.142611971104231 0.640504643962848 0 0.263571723426213 0.0723684210526316 0.0945581546458739 0.91503248862898 0.550986842105263 0.390237166991553 0.328947368421053 0 0 0 0 0.155681114551084 0.113553147574819 0 0.880533539731682 0.575077399380805 0 0 0 0 0.332761609907121 0.211293085655315 0 0.618578947368421 0.323742002063984
#NONE#
