55
0
True False
0.202913075291585 0 0 0.535857171442868 0.00455576288709127 0 0.0454088244206418 0.0118828271069672 0 0.0125343903367558 0.130699558548135 3.57500357500357E-05 0 0.00375379198802024 0.0293886418378423 0 0.000248170570403443 0 0.00844211737128447 0 0.0032524568706465 0 0 0 0.0110274612920082 0.219445378151261 0.222179271708684 0.155826330532213 0.217557422969188 0.256117647058823 0.147557422969188 0.225915966386555 0.215966386554622 0.15533893557423 0.0982892416225749 0.492977273920323 0.572912129235241 0.49376742265785 0.484440442604207 0 0 0 0 0 0 0 0.058515406162465 0 0.219445378151261 0.222179271708684 0.155826330532213 0.217557422969188 0.256117647058823 0.147557422969188 0.225915966386555 0.157450980392157 0.15533893557423 0.0535714285714286 0.0381305114638448 0.825361552028219 0.473214285714286 0.259365079365079 0.133928571428571 0 0 0 0 0.244403361344538 0.116610644257703 0 0.197893557422969 0.0766330532212886 0 0 0 0 0.243064425770308 0.148268907563025 0 0.207507002801121 0.154896358543417
#NONE#
(Leaf390.txt) (listLeaf390ED.txt) (#NONE#)
(Neighbor1Leaf390.txt) (Neighbor2Leaf390.txt) (Neighbor3Leaf390.txt) (Neighbor4Leaf390.txt)
(#NONE#)
(#NONE#) (Node19.txt)
0.187617069646541 0 0 0.513391956982317 0.00705062881312503 0 0.0231800210757699 0.0252656865960899 0.0001852285423262 0.0421376727713037 0.111969020194386 9.04489161596702E-06 0 0.023713816389824 0.0348131313907163 0.000123645812540391 0.000263690814700564 0.00141507972271698 0.00962171909924134 0.000429219539919397 0.0103897682435561 0.000264340243467082 0 0.000157778873423964 0.00800148035642024 0.17202495543672 0.216993226381462 0.151663458110517 0.238879144385027 0.240669518716578 0.181662032085561 0.218496256684492 0.230328698752228 0.170338680926916 0.179881032547699 0.489299511194741 0.518734328591219 0.493960913955192 0.490383950930193 0 0 0 0 0.018997504456328 0.0343935828877005 0 0.0332385026737968 0.0302274509803922 0.17202495543672 0.216993226381462 0.151663458110517 0.238879144385027 0.22167201426025 0.147268449197861 0.218496256684492 0.197090196078431 0.140111229946524 0.0590909090909091 0.053679012345679 0.895391694725028 0.534090909090909 0.343863075196408 0.268181818181818 0 0 0 0 0.181402495543672 0.147000356506239 0 0.189816042780749 0.0980549019607843 0 0 0 0 0.242243137254902 0.181032442067736 0 0.227104456327986 0.177895187165775
#NONE#
