49
0
True False
0.328750283724562 0 0 0.175766566972988 0.0120355265462997 0 0.0176569454741363 0.00397088326645864 0 0.0302947167059875 0.148737444028749 2.47188233840069E-05 0 0.0164783705955979 0.133161844572075 0 0.00242737135890528 0.000779369960813395 0.0196731089247462 0 0.0725378339586829 0 0 0 0.037705015086613 0.0692313725490196 0.0458352941176471 0.194847058823529 0.156223529411765 0.113003921568627 0.683117647058824 0.096592156862745 0.335635294117647 0.49921568627451 0.395012345679012 0.507338449029941 0.611215503258031 0.486702007517776 0.42481818265741 0 0 0 0 0.0289254901960784 0.657325490196078 0 0.242254901960784 0.444541176470588 0.0692313725490196 0.0458352941176471 0.194847058823529 0.156223529411765 0.084078431372549 0.0257921568627451 0.096592156862745 0.0933803921568627 0.0546745098039216 0.06875 0.0766172839506172 0.853185185185185 0.54375 0.362037037037037 0.28125 0 0 0 0 0.0838156862745098 0.850635294117647 0 0.426956862745098 0.509458823529412 0 0 0 0 0.139035294117647 0.636537254901961 0 0.32541568627451 0.477380392156863
#NONE#
(Leaf346.txt) (listLeaf346ED.txt) (#NONE#)
(Neighbor1Leaf346.txt) (Neighbor2Leaf346.txt) (Neighbor3Leaf346.txt) (Neighbor4Leaf346.txt)
(#NONE#)
(#NONE#) (Node34.txt)
0.279122443152496 0 0 0.191083890724285 0.0403343425343989 0 0.0198473547458747 0.0142918704777137 0.000324785114484848 0.0632563653594792 0.142849104750562 0.00126633072991989 5.03967484017931E-06 0.0534242308415308 0.0898436663792454 0.000959786571666025 0.00185673858909354 0.00934561717546161 0.0147368521031518 0.0026449516567874 0.0534911401087068 0.000565190920484506 5.04902604287633E-06 0.00215679615691261 0.0185884532068615 0.0848963585434174 0.104270508203281 0.172617847138855 0.12962224889956 0.18664905962385 0.675043617446979 0.120136054421769 0.357362945178071 0.484401760704281 0.377026958931721 0.50647281296961 0.567455001516378 0.482446937369654 0.446454115968091 0 0 0 0 0.0616118447378952 0.669779911964786 0 0.24259543817527 0.430736294517807 0.0848963585434174 0.104270508203281 0.172617847138855 0.12962224889956 0.125037214885954 0.00526370548219288 0.120136054421769 0.114767507002801 0.0536654661864746 0.0637755102040816 0.0677273872511968 0.850947341899723 0.540816326530612 0.343948097757621 0.276785714285714 0 0 0 0 0.150068027210884 0.890688275310124 0 0.346364145658263 0.508352140856343 0 0 0 0 0.19677631052421 0.604851540616246 0 0.354128051220488 0.462473789515806
#NONE#
