81
0
True False
0.17022087694118 0 0 0.207448300408669 0.00117266025705779 0 0.00613145183636611 0.029311081718188 3.63042294427301E-05 0.100063488111885 0.140509840424907 0 0 0.158083846979812 0.0942469441900187 0.0291263875233068 0.00677840714201714 0.00247007535747466 0.00922623987748716 0.00782633868336765 0.0313083219946052 0.000176388619406276 0.00051799698805701 0.000217589548965148 0.00512745916778651 0.369647058823529 0.293985060690943 0.331884220354809 0.462756302521008 0.22452847805789 0.231211951447246 0.445837535014006 0.24978898225957 0.188183006535948 0.434185773074662 0.506927933006923 0.434513160673096 0.491203947531514 0.530948561057509 0 0 0 0 0.0636321195144724 0.135449112978525 0 0.129146591970121 0.0579028944911298 0.369647058823529 0.293985060690943 0.331884220354809 0.462756302521008 0.160896358543417 0.0957628384687208 0.445837535014006 0.120642390289449 0.130280112044818 0.101190476190476 0.0916931216931217 0.902139917695473 0.532738095238095 0.360358612580835 0.25297619047619 0 0 0 0 0.150569561157796 0.252300653594771 0 0.125368814192344 0.166444444444445 0 0 0 0 0.234265172735761 0.217929038281979 0 0.262072829131653 0.192961718020542
#NONE#
(Leaf305.txt) (listLeaf305ED.txt) (#NONE#)
(Neighbor1Leaf305.txt) (Neighbor2Leaf305.txt) (Neighbor3Leaf305.txt) (Neighbor4Leaf305.txt)
(#NONE#)
(#NONE#) (Node32.txt)
0.188497635294164 0.000124734938256206 3.0918304563851E-06 0.178221247012032 0.00946911096349683 0 0.0142807352987196 0.0253029157118764 0.00295205672503072 0.122305126400305 0.139199797758924 1.07061141088231E-05 0.000566438893840795 0.115044725089353 0.0906185094286396 0.0231527592202753 0.0109038097561126 0.00743780962165098 0.0106328810568986 0.0077702347350116 0.0388869838839506 0.000358572000918019 0.00290027246042612 0.000654992578724671 0.0107048532268289 0.336414427499395 0.294714112805616 0.374287097555071 0.410159767610748 0.212731541999516 0.251992737835875 0.395277172597434 0.212864681675139 0.187518276446381 0.444880353604634 0.484531260439911 0.465756045647237 0.500171393431946 0.516982564348343 0 0 0 0 0.09639651416122 0.130941660614863 0 0.0901137739046235 0.0831493585088356 0.336414427499395 0.294714112805616 0.374287097555071 0.410159767610748 0.116335027838296 0.121051077221012 0.395277172597434 0.122750907770516 0.104368917937545 0.0825617283950617 0.0937387593354671 0.892363968907179 0.540123456790123 0.36362444749276 0.280092592592593 0 0 0 0 0.115349310094408 0.253256354393609 0 0.129933188090051 0.133096102638586 0 0 0 0 0.226349068022271 0.247806826434278 0 0.22038489469862 0.196883563301864
#NONE#
