56
0
True False
0.574320558175822 0 0 0.101048529704725 0.0233136538226092 0 0.0260376977756862 0.00203757773294283 0.000662390065600202 0.0191861364125008 0.113439075886382 9.9676052828308E-06 0.000924501043961039 0.00987125791049258 0.0700897139752133 0.00233014763053517 0.0131053979843688 0.000530738695852012 0.0177413733106472 0.00180171769808134 0.0113048939407102 4.97542857223783E-05 0.00180940688556558 0.000123685837971552 0.0102618236193279 0.0366054901960784 0.0602996078431373 0.100660392156863 0.112683921568627 0.49548862745098 0.412964705882353 0.0605019607843137 0.249327058823529 0.485501176470588 0.242177777777778 0.483306474576744 0.526183901951139 0.498819339919858 0.480671056854854 0 0 0 0 0.40006431372549 0.346527058823529 0 0.122489411764706 0.39326431372549 0.0366054901960784 0.0602996078431373 0.100660392156863 0.112683921568627 0.0954243137254902 0.0664376470588235 0.0605019607843137 0.126837647058824 0.092236862745098 0.0875 0.0546716049382716 0.680014814814815 0.4925 0.231920987654321 0.24 0 0 0 0 0.641441568627451 0.433019607843137 0 0.281005490196078 0.553195294117647 0 0 0 0 0.443300392156863 0.39147137254902 0 0.232131764705882 0.460498823529412
#NONE#
(Leaf247.txt) (listLeaf247ED.txt) (#NONE#)
(Neighbor1Leaf247.txt) (Neighbor2Leaf247.txt) (Neighbor3Leaf247.txt) (Neighbor4Leaf247.txt)
(#NONE#)
(#NONE#) (Node34.txt)
0.445525638871796 0 0 0.148230827933542 0.0271742238099454 0 0.0179561538725515 0.0083632820883064 0.000300422480582318 0.0430343596718195 0.123593722954338 4.54063903737649E-05 0.00045536358410822 0.0341006564314485 0.0736025476353138 0.0040364821074026 0.00957451743499195 0.00726465231370098 0.0152099249401233 0.0021434865387142 0.0246841277187829 0.000852467168342216 0.000843103443386685 0.000223907128334361 0.0127847254820952 0.0612373949579832 0.0877135854341737 0.157427170868347 0.117299019607843 0.499674369747899 0.39568137254902 0.0832752100840336 0.236207282913165 0.499827731092437 0.307958553791887 0.481790171339805 0.537644910823375 0.499226860603797 0.466874791854276 0 0 0 0 0.444665266106442 0.32084943977591 0 0.130598739495798 0.444920168067227 0.0612373949579832 0.0877135854341737 0.157427170868347 0.117299019607843 0.0550091036414566 0.0748319327731092 0.0832752100840336 0.105608543417367 0.0549075630252101 0.0904017857142857 0.0603042328042328 0.739969135802469 0.512276785714286 0.277427248677249 0.260044642857143 0 0 0 0 0.649607142857143 0.406552521008403 0 0.218087535014006 0.578457282913165 0 0 0 0 0.452119047619048 0.382732492997199 0 0.238268907563025 0.470988795518207
#NONE#
