66
0
True False
0.0235058718058336 0 0 0.0834271514026902 0.0058310746603345 0 0.0176875619310151 7.20266269783178E-05 0 0.00548556847416573 0.455694598950259 0 0 0.00656406569574998 0.31891785458077 0 0.000792186152995332 0.00051440329218107 0.0214933188060669 0 0.0525887413575969 0 0 1.02880658436214E-05 0.00741528819751955 0.24178431372549 0.420313725490196 0.569771241830065 0.352790849673203 0.596261437908497 0.638617647058824 0.346676470588235 0.647179738562091 0.271849673202614 0.774382716049383 0.491501074811371 0.521455624796257 0.498445460499303 0.419907517168281 0 0 0 0 0.596261437908497 0.638617647058824 0 0.617343137254902 0.208660130718954 0.24178431372549 0.420313725490196 0.569771241830065 0.352790849673203 0 0 0.346676470588235 0.0298366013071896 0.0631895424836602 0.0208333333333333 0.0661728395061728 0.762901234567901 0.515625 0.174557613168724 0.182291666666667 0 0 0 0 0.658718954248366 0.76256862745098 0 0.902454248366013 0.212986928104575 0 0 0 0 0.556349673202614 0.609852941176471 0 0.593081699346405 0.277117647058824
#NONE#
(Leaf70.txt) (listLeaf70ED.txt) (#NONE#)
(Neighbor1Leaf70.txt) (Neighbor2Leaf70.txt) (Neighbor3Leaf70.txt) (Neighbor4Leaf70.txt)
(#NONE#)
(#NONE#) (Node8.txt)
0.0717396181398134 0 0 0.109082706314555 0.00820441959788843 0 0.0231040542593285 0.0147586813667282 0.00453248702356905 0.0358017478222646 0.322367958780702 9.978896189173E-05 1.87078838764232E-06 0.0424585316855094 0.224888256782596 0.00429481751239439 0.00776810435124384 0.0042431174211745 0.0235138179169308 0.00699979606024072 0.0667026313738151 0.000479400106730678 0.000462383417351783 0.00166078208551225 0.0268350282313715 0.253982768865122 0.469433749257279 0.465766488413547 0.38913844325609 0.588095068330363 0.609786690433749 0.438160427807487 0.656654783125371 0.26966963755199 0.683565282454171 0.489381133626286 0.471111111482374 0.500759402199046 0.529134696884637 0 0 0 0 0.556877005347594 0.609786690433749 0 0.651229946524064 0.176815210932858 0.253982768865122 0.469433749257279 0.465766488413547 0.38913844325609 0.0312180629827689 0 0.438160427807487 0.0054248366013072 0.0928544266191325 0.0587121212121212 0.0783838383838384 0.860692106247662 0.535037878787879 0.310628507295174 0.268939393939394 0 0 0 0 0.657160427807487 0.7893541295306 0 0.824451574569222 0.159906714200832 0 0 0 0 0.558530600118835 0.560906714200832 0 0.609690433749258 0.290989304812834
#NONE#
