13
0
True False
0.556770317563368 0 0 0.12580769694685 0.00238334169593577 0 0.0119167084796789 0 0 0.0853942547975939 0.0375774990159606 0 0 0.0490447570011745 0.0122362140891764 0.00219794021602613 0.0135644310474755 0 0.00376687345674695 0.00584024114544085 0.0921814330563906 0 0 0 0.00131829148818151 0.0254313725490196 0.108686274509804 0.0588039215686275 0.136862745098039 0.382039215686275 0.198764705882353 0.0165098039215686 0.137588235294118 0.146941176470588 0.201975308641975 0.416082632368226 0.460653382770963 0.518938816340574 0.493487359954083 0 0 0 0 0.382039215686275 0.175568627450981 0 0 0 0.0254313725490196 0.108686274509804 0.0588039215686275 0.136862745098039 0 0.0231960784313726 0.0165098039215686 0.137588235294118 0.146941176470588 0.03125 0.0404320987654321 0.872283950617283 0.5625 0.334938271604938 0.3125 0 0 0 0 0 0 0 0.0105490196078431 0.168235294117647 0 0 0 0 0.483862745098039 0.228392156862745 0 0.134411764705883 0.126764705882353
#NONE#
(Leaf190.txt) (listLeaf190ED.txt) (#NONE#)
(Neighbor1Leaf190.txt) (Neighbor2Leaf190.txt) (Neighbor3Leaf190.txt) (Neighbor4Leaf190.txt)
(#NONE#)
(#NONE#) (Node24.txt)
0.540727876450867 0 0 0.194191938486064 0.00275847906840571 0 0.00452773925915072 0.0125409808225643 0.00606045328479952 0.0624633820763871 0.0365748263163426 0.000642300045878575 5.74410033028577E-05 0.0430448859354182 0.0266912665421349 0.00214907157991286 0.00624396092113932 0.0160587260908638 0.00492351336093624 0.00168856156278514 0.0347180523659482 0.000287271834515584 1.91470011009525E-05 0.000330892546483498 0.00329923344499853 0.0410497737556561 0.082552036199095 0.0661870286576168 0.111906485671192 0.371641025641026 0.163550527903469 0.0707903469079939 0.0877767722473606 0.13236802413273 0.184491927825261 0.470054564496322 0.502783791232276 0.499773569075961 0.49544717565541 0 0 0 0 0.371641025641026 0.0357948717948718 0 0.00815686274509808 0 0.0410497737556561 0.082552036199095 0.0661870286576168 0.111906485671192 0 0.127755656108597 0.0707903469079939 0.0796199095022625 0.13236802413273 0.0769230769230769 0.056951566951567 0.804653371320038 0.538461538461538 0.294995251661918 0.240384615384615 0 0 0 0 0.0630889894419306 0.0916772247360483 0 0.0243167420814479 0.151978883861237 0 0 0 0 0.431927601809955 0.166959276018099 0 0.0976802413273001 0.140515837104072
#NONE#
