77
0
True False
0.104033025366402 0 0 0.0774484457548936 0 0 0.000248856680797037 0.000177058552502719 0 0.0831648534870433 0.151998981986663 0 0 0.0211915125073981 0.428933690960987 0.00375720164609053 0.000518675737402185 0.00213057155070921 0.0706705855559188 0.000991772596770334 0.0194760282632845 0 0 0 0.0352587393531374 0.570443137254902 0.629811764705882 0.577222222222222 0.649249673202614 0.211618300653595 0.265670588235294 0.672362091503268 0.203509803921569 0.259781699346405 0.63962962962963 0.513076146861435 0.484900518722086 0.460788187819919 0.511437143158943 0 0 0 0 0.0951228758169935 0.164441830065359 0 0.106452287581699 0.167243137254902 0.570443137254902 0.629811764705882 0.577222222222222 0.649249673202614 0.116495424836601 0.101228758169935 0.672362091503268 0.0970575163398693 0.0925385620915032 0.0666666666666667 0.0864691358024691 0.739971193415638 0.525 0.23501646090535 0.270833333333333 0 0 0 0 0.182419607843137 0.302075816993464 0 0.209120261437908 0.208096732026144 0 0 0 0 0.208381699346405 0.259334640522876 0 0.216833986928105 0.254545098039216
#NONE#
(Leaf289.txt) (listLeaf289ED.txt) (#NONE#)
(Neighbor1Leaf289.txt) (Neighbor2Leaf289.txt) (Neighbor3Leaf289.txt) (Neighbor4Leaf289.txt)
(#NONE#)
(#NONE#) (Node32.txt)
0.0905788322124026 0.000446167771921603 0.00402412693484777 0.101834387695298 0.00477560301010721 8.02460021441732E-06 0.00588290550937667 0.0100388286215056 0.0133780970029616 0.0805050027196714 0.15375937478474 0.000117157974007221 6.56103895361068E-06 0.0448409552505733 0.297535393255807 0.0133778656321514 0.00651629253622332 0.0125668986063 0.051923157213241 0.00428438622489147 0.0637852588595842 8.18418515955051E-05 0.000367560499352431 0.0019568297010764 0.037408490493196 0.606512350394704 0.651715813598167 0.571857397504456 0.630718614718614 0.26778354978355 0.300258212375859 0.656378915202445 0.240808250572957 0.250313216195569 0.632619849286516 0.491524794949128 0.469147048730941 0.493317713036004 0.526381292730964 0 0 0 0 0.128394194041253 0.195803921568627 0 0.15317239623122 0.126384008148714 0.606512350394704 0.651715813598167 0.571857397504456 0.630718614718614 0.139389355742297 0.104454290807232 0.656378915202445 0.0876358543417367 0.123929208046855 0.075487012987013 0.0959034792368126 0.840109026775693 0.539772727272727 0.320137886804554 0.303571428571429 0 0 0 0 0.236528647822766 0.326008148714031 0 0.154739495798319 0.194285204991087 0 0 0 0 0.264180290297937 0.294532212885154 0 0.262651897122485 0.251319582378406
#NONE#
