68
0
True False
0.433126054214458 0 0 0.121900490665363 0.000195305564433081 0 0.00701571233719135 0 0 0.249068987391961 0.0396214174688003 0 0 0.0421740495473906 0.00374834896209722 0.042996378128616 0.0225874263381634 0.000532651539362949 0.000692605414240806 0.0122813813590748 0.0226771871258978 0 0.000653231611523567 0 0.000728772331426926 0.0815014005602241 0.143820728291316 0.084767507002801 0.100403361344538 0.186997198879552 0.432985994397759 0.0940336134453782 0.343456582633053 0.258778711484594 0.179417989417989 0.501320574532865 0.53612577195365 0.492363893796161 0.483611083783493 0 0 0 0 0.122112044817927 0.401932773109244 0 0.0684873949579831 0.08296918767507 0.0815014005602241 0.143820728291316 0.084767507002801 0.100403361344538 0.0648851540616247 0.0310532212885154 0.0940336134453782 0.27496918767507 0.175809523809524 0.0892857142857143 0.0471075837742505 0.89336860670194 0.544642857142857 0.347548500881834 0.357142857142857 0 0 0 0 0.164717086834734 0.913266106442577 0 0.845540616246499 0.240033613445378 0 0 0 0 0.184425770308123 0.343445378151261 0 0.266 0.259394957983193
#NONE#
(Leaf132.txt) (listLeaf132ED.txt) (#NONE#)
(Neighbor1Leaf132.txt) (Neighbor2Leaf132.txt) (Neighbor3Leaf132.txt) (Neighbor4Leaf132.txt)
(#NONE#)
(#NONE#) (Node13.txt)
0.355612392524944 0 0 0.18017900607809 0.0330208243046874 0 0.0315625866237933 0.0284142400363235 0.000198666644456955 0.128967885787535 0.0796947372095697 0.000361798858699818 0.00133445950430352 0.0601570172707069 0.0291008036735236 0.0129721638371143 0.00625469438273192 0.00373647544418845 0.00424530752756383 0.00903411817174261 0.026378338974661 0.000402349188663906 0.000129018584292109 0.00283477755753711 0.0054083378148709 0.120276239907728 0.137980392156863 0.168372549019608 0.136608419838524 0.194049596309112 0.340348904267589 0.139932525951557 0.416826412918108 0.155352364475202 0.253153594771242 0.505098902624361 0.506762618732679 0.489299161988799 0.484730548434242 0 0 0 0 0.0596949250288351 0.218161476355248 0 0.156361014994233 0.0503079584775086 0.120276239907728 0.137980392156863 0.168372549019608 0.136608419838524 0.134354671280277 0.122187427912341 0.139932525951557 0.260465397923875 0.105044405997693 0.0965073529411765 0.0713562091503268 0.870528322440087 0.545036764705882 0.351312636165577 0.311580882352941 0 0 0 0 0.207155709342561 0.540752018454441 0 0.808334486735871 0.101037485582468 0 0 0 0 0.189629757785467 0.307079584775086 0 0.335814878892734 0.163700115340254
#NONE#
