81
0
True False
0.365409302391511 0 0 0.253434920560092 0 0 0.000982654685833908 0.00825607722386367 0 0.0705234475165418 0.0280001276546146 0 0.00310184244066441 0.0410383816963985 0.0171349815732966 0.0216055209614526 0.0813836275267131 0.0199651542418573 0.00524582150991122 0.0137682085836737 0.0544028902962786 0.00211413512686501 0.00358714955438056 0.00848055174245276 0.00156520471359929 0.100684766214178 0.0906093514328809 0.128521870286576 0.0948325791855204 0.554292609351433 0.222165912518854 0.0884826546003017 0.331269984917044 0.241233785822021 0.299952516619183 0.497371641134549 0.436725641926082 0.493501554841382 0.516634631472028 0 0 0 0 0.554292609351433 0.157689291101056 0 0.288165912518854 0.141873303167421 0.100684766214178 0.0906093514328809 0.128521870286576 0.0948325791855204 0 0.0644766214177979 0.0884826546003017 0.0431040723981901 0.0993604826546003 0.0865384615384615 0.0568850902184235 0.829496676163343 0.543269230769231 0.294653371320038 0.259615384615385 0 0 0 0 0.776141779788839 0.190518853695324 0 0.253701357466063 0.189797888386124 0 0 0 0 0.500310708898944 0.210708898944193 0 0.336250377073906 0.244705882352941
#NONE#
(Leaf417.txt) (listLeaf417ED.txt) (#NONE#)
(Neighbor1Leaf417.txt) (Neighbor2Leaf417.txt) (Neighbor3Leaf417.txt) (Neighbor4Leaf417.txt)
(#NONE#)
(#NONE#) (Node15.txt)
0.303138054656473 0 0 0.217550390441854 0.0282878766153137 0 0.0249078470516835 0.0183951099177167 7.74703753284744E-06 0.101499064528932 0.0786194913965892 0.000323950354387962 0.00217069478032805 0.0641793007793244 0.0418047382728517 0.0103005544195472 0.0199974358139357 0.00778445135377755 0.0100696908605235 0.0110508466110339 0.0427227667628913 0.00179948473972025 0.000617250007946313 0.00398415179907121 0.0107891017985656 0.0813420479302832 0.115507141128056 0.126076010651174 0.144945533769063 0.601586540789155 0.21719244734931 0.113279593318809 0.290026627935125 0.236111353183249 0.305214144185338 0.503067011572668 0.464264811049406 0.491303611516939 0.503181802602024 0 0 0 0 0.595968046477851 0.105397724521908 0 0.207343500363108 0.125918663761801 0.0813420479302832 0.115507141128056 0.126076010651174 0.144945533769063 0.00561849431130476 0.111794722827403 0.113279593318809 0.0826831275720164 0.110192689421448 0.0779320987654321 0.0653467459228776 0.873682365493065 0.549382716049383 0.338715134887974 0.277006172839506 0 0 0 0 0.795508593560881 0.154113289760349 0 0.184805131929315 0.167612684580005 0 0 0 0 0.548126361655773 0.225306705398209 0 0.298351972887921 0.242076978939724
#NONE#
