22
0
True False
0.458952161572983 0 0 0.118688693222775 0 0 0.00539402710169713 0 0 0.280833884939078 0.0406826088692228 0 0 0.0361097417939428 0.0208345976651882 0.00774964789760261 0.00594946083453653 0.00150715900527506 0.00156533322274529 0.00965430657282169 0.0080250630616053 0 0.000205862977602108 0.00284685589885288 0.00100059536407299 0.0578300653594772 0.143803921568627 0.0832156862745098 0.129725490196079 0.118143790849673 0.0805098039215686 0.0824052287581698 0.157503267973856 0.0984967320261437 0.125720164609053 0.567809755269163 0.560744704950598 0.482357272042143 0.488347495341395 0 0 0 0 0 0 0 0 0 0.0578300653594772 0.143803921568627 0.0832156862745098 0.129725490196079 0.118143790849673 0.0805098039215686 0.0824052287581698 0.157503267973856 0.0984967320261437 0.0625 0.0552674897119341 0.891893004115226 0.5625 0.33679012345679 0.3125 0 0 0 0 0.0509803921568627 0.183542483660131 0 0.181411764705882 0 0 0 0 0 0.142039215686275 0.0582483660130719 0 0.140640522875817 0.116549019607843
#NONE#
(Leaf182.txt) (listLeaf182ED.txt) (#NONE#)
(Neighbor1Leaf182.txt) (Neighbor2Leaf182.txt) (Neighbor3Leaf182.txt) (Neighbor4Leaf182.txt)
(#NONE#)
(#NONE#) (Node19.txt)
0.416215966468929 0 0 0.141352451464908 0.0473483953626201 0 0.0264168535766647 0.00104612356310717 0 0.176101003001379 0.0541999486140038 0 0 0.0271039648747594 0.0348721230897091 0.0232304855169044 0.00513082397949313 0.00215633885292429 0.010243405564446 0.00576764819623353 0.0214664047920283 5.61167227833895E-05 0.000140319527477008 0.00129246922040141 0.00585915761122895 0.0811176470588236 0.0779376114081997 0.11069696969697 0.111844919786096 0.108878787878788 0.122304812834225 0.0822691622103386 0.219057040998218 0.164388591800357 0.163782267115601 0.526406114618263 0.570311864918069 0.487243926180528 0.476452538436172 0 0 0 0 0 0.0432976827094475 0 0.012065953654189 0.0946131907308378 0.0811176470588236 0.0779376114081997 0.11069696969697 0.111844919786096 0.108878787878788 0.0790071301247772 0.0822691622103386 0.206991087344029 0.0697754010695187 0.0539772727272727 0.0475084175084175 0.818945005611672 0.508522727272727 0.295291806958474 0.298295454545455 0 0 0 0 0.0645098039215686 0.0993939393939394 0 0.398486631016043 0.0442620320855615 0 0 0 0 0.112065953654189 0.126597147950089 0 0.187450980392157 0.18179679144385
#NONE#
