18
0
True False
0.739639004721939 0 0 0.115308852021517 0 0 0 0.00169643979678239 0 0.0201074036637011 0.0460562305959737 0 0 0.0225662659579503 0.0430687057008153 0 0 0 0.00415629416361316 0 0.00569546518392739 0 0 0 0.0017053381937806 0.0202588235294118 0.037235294117647 0.0635803921568627 0.0159607843137255 0.620474509803921 0.0762666666666666 0.0123450980392157 0.0638196078431373 0.114039215686275 0.116 0.464240018655042 0.506131880026627 0.496083969719426 0.493069642096295 0 0 0 0 0.620474509803921 0 0 0.0286666666666667 0.0895450980392157 0.0202588235294118 0.037235294117647 0.0635803921568627 0.0159607843137255 0 0.0762666666666666 0.0123450980392157 0.0351529411764706 0.0244941176470589 0.025 0.0331234567901235 0.456456790123457 0.34375 0.173703703703704 0.18125 0 0 0 0 0.852941176470588 0.105349019607843 0 0.0224509803921568 0.108450980392157 0 0 0 0 0.548458823529412 0.0650470588235294 0 0.0591411764705882 0.114176470588235
#NONE#
(Leaf366.txt) (listLeaf366ED.txt) (#NONE#)
(Neighbor1Leaf366.txt) (Neighbor2Leaf366.txt) (Neighbor3Leaf366.txt) (Neighbor4Leaf366.txt)
(#NONE#)
(#NONE#) (Node29.txt)
0.670751668684576 0 0 0.137322215873656 0 0 0.00100814179545826 0.00108920035970953 0 0.0227253367071747 0.0682325871724768 0 0 0.0243309194370217 0.0450200320740259 0 0.000377854970870039 0.000111180171473023 0.00690430910061379 0 0.0167562173199804 2.83953772325866E-05 0 0 0.00534194095573197 0.037797385620915 0.0546470588235294 0.06519825708061 0.0544858387799564 0.564856209150327 0.0750435729847494 0.0282483660130719 0.0652832244008714 0.115270152505447 0.152530864197531 0.47672415954298 0.500450097972959 0.490992123236512 0.493257756446915 0 0 0 0 0.541684095860566 0 0 0.0278039215686274 0.0497472766884532 0.037797385620915 0.0546470588235294 0.06519825708061 0.0544858387799564 0.0231721132897604 0.0750435729847494 0.0282483660130719 0.037479302832244 0.0655228758169935 0.0416666666666667 0.038641975308642 0.561385459533608 0.399305555555556 0.20377914951989 0.194444444444444 0 0 0 0 0.821028322440087 0.0784008714596949 0 0.0317864923747276 0.104642701525054 0 0 0 0 0.504616557734205 0.0693572984749455 0 0.0613616557734204 0.113346405228758
#NONE#
