67
0
True False
0.147319568837269 0 0 0.125464022647794 0.000422237223742853 0 0.00300911117927793 0.00120106545695768 0 0.0821508643244609 0.253475787452807 0 0 0.0871538248617751 0.163030803201925 0.000111344797723617 0.00894170875277142 0.00148962695240878 0.0157481545141941 0.00247457831448207 0.0689439245345613 0 0 0.000320987654320988 0.0387423892935278 0.513925490196078 0.437619607843137 0.403388235294118 0.53618431372549 0.213243137254902 0.230380392156863 0.601647058823529 0.211207843137255 0.568749019607843 0.549469135802469 0.512459507179666 0.47022977050491 0.481074448168909 0.503944258576396 0 0 0 0 0.0784117647058824 0.13483137254902 0 0.0507098039215686 0.568749019607843 0.513925490196078 0.437619607843137 0.403388235294118 0.53618431372549 0.13483137254902 0.0955490196078432 0.601647058823529 0.160498039215686 0 0.1 0.100469135802469 0.918938271604938 0.54375 0.373666666666667 0.28125 0 0 0 0 0.125435294117647 0.115749019607843 0 0.188274509803922 0.783098039215686 0 0 0 0 0.243960784313726 0.251788235294118 0 0.219219607843137 0.526925490196078
#NONE#
(Leaf401.txt) (listLeaf401ED.txt) (#NONE#)
(Neighbor1Leaf401.txt) (Neighbor2Leaf401.txt) (Neighbor3Leaf401.txt) (Neighbor4Leaf401.txt)
(#NONE#)
(#NONE#) (Node11.txt)
0.103550407874631 0 0 0.171164102364126 0.0112209546473073 0 0.0177068486273357 0.0123253587193182 0.0039575308180982 0.0587957552302331 0.215257263049062 0.000118728298519605 0.000589113694091694 0.0776210652450628 0.167601272152059 0.013133415564492 0.0140409811418168 0.00712390606523914 0.0261672088303848 0.00191878912563888 0.0666040353634566 0.00149840021142249 5.34556368549206E-05 0.00294716238113117 0.0266042449597179 0.489797483172373 0.426286801287679 0.403926836406204 0.581076382791923 0.251971319871232 0.268547848990343 0.603083991805677 0.217859525899912 0.607627158326017 0.56038326884098 0.504310056071289 0.477974513474152 0.488056384460739 0.510705790236348 0 0 0 0 0.118650863330407 0.167826748609892 0 0.10151946151595 0.607627158326017 0.489797483172373 0.426286801287679 0.403926836406204 0.581076382791923 0.133320456540825 0.100721100380451 0.603083991805677 0.116340064383963 0 0.0848880597014925 0.0930145568454026 0.92888704625023 0.548507462686567 0.391429887599042 0.300373134328358 0 0 0 0 0.18825636523266 0.121468539654668 0 0.147335674568335 0.813364940005853 0 0 0 0 0.26206379865379 0.286038630377524 0 0.229641791044776 0.555966637401229
#NONE#
