94
0
True False
0.437178094033178 0 0 0.197573803925732 0.000218934959201626 0 0.0181391437925782 0.0180306430774231 1.92115576730962E-05 0.0360943806686004 0.0793336276380699 0 0 0.0341753088168127 0.0854409939651971 0.0094884230419202 0.00409774783306403 0.0109049490050324 0.0179515742971829 0.00448364173591081 0.0242170682482522 0.000423447439586562 0.00158524274246301 0.000163067170458144 0.0204806960516639 0.0674449472096531 0.0871221719457013 0.133092006033182 0.100120663650075 0.0896802413273002 0.696980392156863 0.110904977375566 0.146 0.517978883861237 0.265318138651472 0.497873961868157 0.621387513468378 0.491176887844892 0.441241283156783 0 0 0 0 0 0.696980392156863 0 0.0239879336349925 0.428434389140271 0.0674449472096531 0.0871221719457013 0.133092006033182 0.100120663650075 0.0896802413273002 0 0.110904977375566 0.122012066365008 0.0895444947209652 0.0576923076923077 0.0593732193732194 0.845489078822412 0.528846153846154 0.318974358974359 0.245192307692308 0 0 0 0 0.0735595776772247 0.856603318250377 0 0.217571644042232 0.67406334841629 0 0 0 0 0.100289592760181 0.6336802413273 0 0.142539969834088 0.484754147812971
#NONE#
(Leaf345.txt) (listLeaf345ED.txt) (#NONE#)
(Neighbor1Leaf345.txt) (Neighbor2Leaf345.txt) (Neighbor3Leaf345.txt) (Neighbor4Leaf345.txt)
(#NONE#)
(#NONE#) (Node34.txt)
0.351563966681728 0 0 0.202739452048011 0.0177055276769661 0 0.00954903731494602 0.016406714652873 9.42371680463517E-05 0.0794647073265978 0.0785745097842591 2.62706454434879E-06 0.000439741701979566 0.0528038045715606 0.0652823241653986 0.0062034073252743 0.00600423477132997 0.0103145169830735 0.0202013971793539 0.00406165986956888 0.0443921345282554 0.00175530487273889 0.000385912089065585 0.0053459192925697 0.026708862931859 0.0963049645390071 0.119642469753859 0.218322069253233 0.105445556946183 0.146113892365457 0.703849812265332 0.116334584897789 0.116728827701293 0.515735919899875 0.304364328867875 0.479323483984928 0.608845154482834 0.498554866866163 0.439681951141927 0 0 0 0 0.0307847309136421 0.703849812265332 0 0.0107838965373383 0.431666249478515 0.0963049645390071 0.119642469753859 0.218322069253233 0.105445556946183 0.115329161451815 0 0.116334584897789 0.105944931163955 0.08406967042136 0.0651595744680851 0.0604728132387707 0.848433149461518 0.531914893617021 0.330505647491463 0.287898936170213 0 0 0 0 0.113330830204422 0.840577805590321 0 0.103605340008344 0.650156862745098 0 0 0 0 0.151654151022111 0.656251564455569 0 0.120840216937839 0.48099541093033
#NONE#
