8
0
True False
0.701702205638277 0 0 0.148956575046266 0 0 5.08130081300814E-05 0.00100801896281474 0 0.0351960970449244 0.0403445298428894 0 0 0.0514177230035214 0.0149898531596396 0 0 7.5648953443689E-05 0.00190831984504355 0 0.00396962992721881 0 0 0 0.000380585567830591 0.0282901960784313 0.0125098039215686 0.0383921568627452 0.0138117647058824 0.100054901960784 0.193145098039216 0.0141019607843137 0.272164705882353 0.0129490196078432 0.125851851851852 0.513405698029449 0.530922051128493 0.49704596868174 0.476899744218495 0 0 0 0 0 0.050792156862745 0 0.140313725490196 0 0.0282901960784313 0.0125098039215686 0.0383921568627452 0.0138117647058824 0.100054901960784 0.142352941176471 0.0141019607843137 0.131850980392157 0.0129490196078432 0.0625 0.0419012345679012 0.58320987654321 0.3875 0.21837037037037 0.2375 0 0 0 0 0.0383450980392156 0.094878431372549 0 0.543537254901961 0.0257254901960784 0 0 0 0 0.101529411764706 0.190282352941176 0 0.233552941176471 0.0028156862745098
#NONE#
(Leaf296.txt) (listLeaf296ED.txt) (#NONE#)
(Neighbor1Leaf296.txt) (Neighbor2Leaf296.txt) (Neighbor3Leaf296.txt) (Neighbor4Leaf296.txt)
(#NONE#)
(#NONE#) (Node35.txt)
0.72678993038137 0 0 0.103997108104431 0 0 0.000696076508526487 0.000630011851759214 0 0.0543568799433048 0.0306544366110646 0 0 0.0388776463741389 0.0117895432828471 0 0.00430874893489208 0.000173062472634153 0.00289313661484795 0.00146973295230491 0.0183138991885412 0 0 0.000123594116920035 0.00492619266241784 0.0305294117647059 0.0255049019607844 0.0321666666666667 0.0323970588235294 0.105470588235294 0.134480392156863 0.0202058823529412 0.249720588235294 0.015593137254902 0.117978395061728 0.491855945344471 0.514932637926924 0.499765504630155 0.485577170264517 0 0 0 0 0 0.0317450980392156 0 0.0876960784313725 0 0.0305294117647059 0.0255049019607844 0.0321666666666667 0.0323970588235294 0.105470588235294 0.102735294117647 0.0202058823529412 0.162024509803922 0.015593137254902 0.0625 0.0412962962962963 0.600416666666666 0.390625 0.205339506172839 0.203125 0 0 0 0 0.0873186274509804 0.114259803921569 0 0.520372549019608 0.0300735294117647 0 0 0 0 0.0996715686274511 0.125882352941176 0 0.210725490196078 0.00581372549019609
#NONE#
