63
0
True False
0.0687113641090703 4.51329730217654E-05 0 0.12432560559411 0.0205290126303114 0 0.0266164667459482 0.00318724284457984 0.0121811613381774 0.10432572448091 0.211180201711684 1.12832432554414E-05 0.000124013912598545 0.0544587877533427 0.187700346701389 0.00726996556491136 0.0194385619451651 0.0230101339830977 0.035241573681964 0.00363710632140663 0.0716453135975548 0.000585510545506993 5.62906495004814E-05 0.00357863989956672 0.0221405597729269 0.37503743315508 0.428081996434937 0.530983957219251 0.591279857397504 0.67377183600713 0.600862745098039 0.491461675579323 0.257625668449198 0.634862745098039 0.597586980920314 0.489399686919868 0.492398087334486 0.500334965666296 0.512657439034104 0 0 0 0 0.67377183600713 0.547130124777184 0 0.0706238859180036 0.634862745098039 0.37503743315508 0.428081996434937 0.530983957219251 0.591279857397504 0 0.0537326203208556 0.491461675579323 0.187001782531194 0 0.107954545454545 0.112817059483726 0.949315375982043 0.556818181818182 0.455634118967452 0.403409090909091 0 0 0 0 0.861960784313726 0.703675579322638 0 0.283112299465241 0.786263814616756 0 0 0 0 0.619664884135472 0.556559714795009 0 0.24658110516934 0.585344028520499
#NONE#
(Leaf313.txt) (listLeaf313ED.txt) (#NONE#)
(Neighbor1Leaf313.txt) (Neighbor2Leaf313.txt) (Neighbor3Leaf313.txt) (Neighbor4Leaf313.txt)
(#NONE#)
(#NONE#) (Node26.txt)
0.0528018636805449 7.88036036887967E-06 0.00123754526771301 0.0902525378158171 0.00839283659146045 0 0.0142244163113135 0.00657377742990056 0.0147472962588968 0.0431869956885863 0.164524609524607 0.000819446353306341 0.000125819905153614 0.0374363827168288 0.292694378284226 0.0102865094695749 0.0109590418071866 0.017022123055862 0.0631554132933671 0.00487327900959238 0.101250527634334 0.000277912977682234 2.74700519917591E-05 0.00410078618420031 0.0610211503274862 0.564166199813259 0.575169000933707 0.563729225023343 0.667780267662621 0.709146591970121 0.654862122626829 0.640926859632742 0.246171802054155 0.689692499221911 0.720946502057613 0.486922225262398 0.487443758202727 0.507574022458933 0.507360273827547 0 0 0 0 0.709146591970121 0.641948957360722 0 0.108275754746343 0.684890756302521 0.564166199813259 0.575169000933707 0.563729225023343 0.667780267662621 0 0.0129131652661064 0.640926859632742 0.137896047307812 0.00480174291938998 0.0734126984126984 0.0899980403684107 0.903305898491084 0.545634920634921 0.371555947481873 0.316468253968254 0 0 0 0 0.870179894179894 0.684966075319017 0 0.208265795206972 0.801389978213508 0 0 0 0 0.651737939620293 0.630067849361967 0 0.2628546529723 0.650231559290383
#NONE#
