1
0
True False
0.41347743165925 0 0 0.0233947870311507 0.477558804831532 0 0.0202161474888748 0 0 0 0.0436109345200254 0 0 0 0.0124602670057216 0 0 0 0.00356007628734901 0 0.00368722186904005 0 0 0 0.00203432930705658 0.046078431372549 0.0450980392156863 0.0454901960784314 0.136470588235294 0.0741176470588235 0.044 0.193921568627451 0.0886666666666667 0.353686274509804 0.0535802469135802 0.528199233716475 0.732541507024266 0.488123430211697 0.485514591556034 0 0 0 0 0 0 0 0 0 0.046078431372549 0.0450980392156863 0.0454901960784314 0.136470588235294 0.0741176470588235 0.044 0.193921568627451 0.0886666666666667 0.353686274509804 0 0.0167901234567901 0.69 0.5 0.11037037037037 0.125 0 0 0 0 0.0676470588235294 0.0525098039215686 0 0.0884313725490196 0.350352941176471 0 0 0 0 0.0565490196078431 0.0348235294117647 0 0.071843137254902 0.338862745098039
#NONE#
(Leaf364.txt) (listLeaf364ED.txt) (#NONE#)
(Neighbor1Leaf364.txt) (Neighbor2Leaf364.txt) (Neighbor3Leaf364.txt) (Neighbor4Leaf364.txt)
(#NONE#)
(#NONE#) (Node36.txt)
0.41347743165925 0 0 0.0233947870311507 0.477558804831532 0 0.0202161474888748 0 0 0 0.0436109345200254 0 0 0 0.0124602670057216 0 0 0 0.00356007628734901 0 0.00368722186904005 0 0 0 0.00203432930705658 0.046078431372549 0.0450980392156863 0.0454901960784314 0.136470588235294 0.0741176470588235 0.044 0.193921568627451 0.0886666666666667 0.353686274509804 0.0535802469135802 0.528199233716475 0.732541507024266 0.488123430211697 0.485514591556034 0 0 0 0 0 0 0 0 0 0.046078431372549 0.0450980392156863 0.0454901960784314 0.136470588235294 0.0741176470588235 0.044 0.193921568627451 0.0886666666666667 0.353686274509804 0 0.0167901234567901 0.69 0.5 0.11037037037037 0.125 0 0 0 0 0.0676470588235294 0.0525098039215686 0 0.0884313725490196 0.350352941176471 0 0 0 0 0.0565490196078431 0.0348235294117647 0 0.071843137254902 0.338862745098039
#NONE#
