39
0
True False
0.0729622767890947 0 0 0.123719881701614 0.0273361947263504 0 0.0352837977673023 0.00763634560657924 0.00107158163283221 0.0847761895368245 0.194084198585539 5.70951993182093E-05 0.00060204831791873 0.0665684456070481 0.173550671784363 0.00185287730941351 0.0176002401612511 0.0133953579762038 0.0264332307123087 0.0167909200580306 0.0998323291959421 0.000828432366119917 0.000266499152913407 0.0149897573760029 0.0203616284370297 0.358953242835596 0.357239819004525 0.323689291101056 0.565357466063348 0.761725490196079 0.544811463046757 0.526760180995475 0.648742081447964 0.385737556561086 0.608660968660969 0.493655834687858 0.444266908022873 0.493827941350189 0.562889268389121 0 0 0 0 0.715408748114631 0.507984917043741 0 0.622585218702866 0.317776772247361 0.358953242835596 0.357239819004525 0.323689291101056 0.565357466063348 0.046316742081448 0.0368265460030166 0.526760180995475 0.026156862745098 0.0679607843137255 0.134615384615385 0.110731244064577 0.952079772079772 0.5625 0.460645773979107 0.418269230769231 0 0 0 0 0.925092006033182 0.662811463046757 0 0.848971342383107 0.403019607843137 0 0 0 0 0.696684766214178 0.489417797888386 0 0.5750407239819 0.367230769230769
#NONE#
(Leaf158.txt) (listLeaf158ED.txt) (#NONE#)
(Neighbor1Leaf158.txt) (Neighbor2Leaf158.txt) (Neighbor3Leaf158.txt) (Neighbor4Leaf158.txt)
(#NONE#)
(#NONE#) (Node25.txt)
0.0817649689823963 0 1.61711816605863E-05 0.105120700058982 0.0184216216994445 0 0.0269202562872849 0.0185711830249578 0.00460906075472926 0.0571232031984114 0.211635902199308 0.000133304863109136 0.00021026107589177 0.0911437364434144 0.183553837742872 0.00291417257969634 0.0129593014005689 0.016382376608667 0.0265487216042738 0.00737405814999736 0.107832294885529 0.000533016631358408 0.00052884571320602 0.00552543946012256 0.020177565454119 0.441714429361488 0.3967732528909 0.377453996983409 0.562870789341377 0.692323780794369 0.512546003016591 0.511302161890397 0.665413775766717 0.397149321266968 0.655191516302627 0.495501163093087 0.457335147125399 0.482708744138613 0.55473245308103 0 0 0 0 0.67688486676722 0.483401709401709 0 0.656694821518351 0.313452991452991 0.441714429361488 0.3967732528909 0.377453996983409 0.562870789341377 0.0154389140271493 0.0291442936148818 0.511302161890397 0.008718954248366 0.0836963298139769 0.102564102564103 0.0933966445077556 0.928021525799304 0.551282051282051 0.417920227920228 0.358974358974359 0 0 0 0 0.87932327802916 0.578980392156863 0 0.860333836098542 0.419565610859729 0 0 0 0 0.641466063348416 0.48404826546003 0 0.602712921065862 0.378798391151332
#NONE#
