71
0
True False
0.39537526188782 0 0 0.106692326921618 0.00017283950617284 0 0.00165440025365119 0.000148203038162282 0 0.136442595478459 0.135981741620074 0 0 0.0744779760995728 0.0828447974079826 0.00748148148148148 0.00103768990467887 0.0010123822723551 0.00355647354183811 0.0175557964805641 0.0313923314692095 0 0 0.000888888888888888 0.00328481374747054 0.0707921568627451 0.0606588235294118 0.0586745098039216 0.0688549019607843 0.430392156862745 0.219129411764706 0.092956862745098 0.264729411764706 0.467411764705882 0.388493827160494 0.543413637912742 0.496558251295328 0.460890473719262 0.498267386616676 0 0 0 0 0.375364705882353 0.0499607843137254 0 0.174745098039216 0.360941176470588 0.0707921568627451 0.0606588235294118 0.0586745098039216 0.0688549019607843 0.0550274509803922 0.16916862745098 0.092956862745098 0.0899843137254902 0.106470588235294 0.15 0.0855061728395063 0.750518518518519 0.5625 0.296888888888889 0.3 0 0 0 0 0.740972549019608 0.103890196078431 0 0.0581411764705883 0.691952941176471 0 0 0 0 0.386690196078431 0.225937254901961 0 0.29078431372549 0.422541176470588
#NONE#
(Leaf100.txt) (listLeaf100ED.txt) (#NONE#)
(Neighbor1Leaf100.txt) (Neighbor2Leaf100.txt) (Neighbor3Leaf100.txt) (Neighbor4Leaf100.txt)
(#NONE#)
(#NONE#) (Node15.txt)
0.344849421865472 0.000401894907209558 0 0.224399383652021 0.0213413098756703 0 0.0147948079239466 0.0274340247233809 3.55894050341214E-06 0.0931509247599831 0.0778240757762326 0.000171271793206494 0.00155254018779239 0.0468554434501992 0.0477385860773355 0.00968364990806101 0.0106332877878776 0.0126555762589152 0.00926303292222255 0.0123003735137202 0.0326153438747109 0.000198749678036226 0.00221206479006753 0.00215418615890257 0.00776649117453356 0.0843463131731566 0.133903341618337 0.122771057718862 0.125427230046948 0.46712731289699 0.14938138635736 0.125272576636288 0.207240541286937 0.457584645125656 0.277183098591549 0.499513132955992 0.508743916174338 0.488246255020272 0.488933106153169 0 0 0 0 0.403269814968241 0.0232703673018503 0 0.105415631041149 0.248875448771058 0.0843463131731566 0.133903341618337 0.122771057718862 0.125427230046948 0.063857497928749 0.12611101905551 0.125272576636288 0.101824910245788 0.208709196354598 0.0889084507042254 0.0648478525473831 0.85980525126065 0.544894366197183 0.327238741088506 0.277288732394366 0 0 0 0 0.625893399613366 0.127991162662248 0 0.115793427230047 0.801937586302127 0 0 0 0 0.430647887323944 0.153636012151339 0 0.217487986743993 0.387352665009666
#NONE#
