44
0
True False
0.133134286589398 0 0 0.330276917974388 0.0018698304526365 0 0.0594852827550771 0.00151675485008819 0 0.00747858577184839 0.273972565198778 0 0 0.00814819171057606 0.0789330505178898 0 0.00629783825387678 0.0054320987654321 0.0260899570572305 0 0.0448743044506351 0.00225749559082893 0 0.00112874779541446 0.0191040922659006 0.281915966386555 0.540016806722689 0.401871148459384 0.398901960784314 0.769484593837535 0.234739495798319 0.299697478991597 0.412582633053221 0.252039215686274 0.380440917107584 0.371592580451696 0.333234847968157 0.557489125609048 0.594167409810467 0 0 0 0 0.769484593837535 0 0 0.354571428571429 0.0655406162464986 0.281915966386555 0.540016806722689 0.401871148459384 0.398901960784314 0 0.234739495798319 0.299697478991597 0.0580112044817927 0.186498599439776 0.0446428571428571 0.0442151675485009 0.908042328042328 0.544642857142857 0.273650793650793 0.196428571428571 0 0 0 0 0.83363025210084 0.182963585434174 0 0.282397759103642 0.200812324929972 0 0 0 0 0.741703081232493 0.235770308123249 0 0.410022408963585 0.241820728291316
#NONE#
(Leaf412.txt) (listLeaf412ED.txt) (#NONE#)
(Neighbor1Leaf412.txt) (Neighbor2Leaf412.txt) (Neighbor3Leaf412.txt) (Neighbor4Leaf412.txt)
(#NONE#)
(#NONE#) (Node17.txt)
0.122827901872792 0 1.41479536399855E-05 0.179157312632148 0.0149347749754844 0 0.0270266775939218 0.0230068432289976 0.00421214893404713 0.0619716910233429 0.197969715394853 0.00122136536103186 0.000203112913106273 0.060862472831574 0.13962942289301 0.0175391797954214 0.00922041638701254 0.00525610493965814 0.0240893958849868 0.00537990434388959 0.0713606026216841 0.000533110598653671 0.00222222986376655 0.00282578358380877 0.0285356843731687 0.32225935828877 0.505745989304813 0.529875222816399 0.401498217468806 0.706419786096257 0.210655080213904 0.359748663101604 0.369720142602496 0.237063279857398 0.524099326599326 0.440402650114088 0.442593010804941 0.539359634166236 0.543253632645435 0 0 0 0 0.706419786096257 0.0689233511586453 0 0.302630124777184 0.0642370766488414 0.32225935828877 0.505745989304813 0.529875222816399 0.401498217468806 0 0.141731729055258 0.359748663101604 0.0670900178253119 0.172826203208556 0.0710227272727273 0.0826936026936027 0.906296296296296 0.545454545454545 0.358482042648709 0.28125 0 0 0 0 0.869644385026738 0.152661319073084 0 0.265153297682709 0.2635623885918 0 0 0 0 0.658319073083779 0.2230623885918 0 0.373686274509804 0.236002673796791
#NONE#
