6
0
True False
0.00926843698984806 0 0 0.0118647147159934 0.00970000145602353 0 0.129906917665592 0 0.00308728885636187 0.00247044005091626 0.472321671378292 0 0.00475532867228753 0.00123487280810077 0.239711423151917 0 0.0434148602740883 0.00098789824648061 0.0147652235275458 0 0.0393969831130876 0.0020992837737713 0 0 0.015014655319695 0.645823529411765 0.490647058823529 0.57678431372549 0.570078431372549 0.658333333333333 0.460490196078431 0.342588235294118 0.46264705882353 0.418705882352941 0.842592592592593 0.506301400033947 0.49071584085091 0.429275158339197 0.518506563045008 0 0 0 0 0.658333333333333 0.290294117647059 0 0.46264705882353 0.418705882352941 0.645823529411765 0.490647058823529 0.57678431372549 0.570078431372549 0 0.170196078431372 0.342588235294118 0 0 0.0625 0.0858641975308641 0.956049382716049 0.5625 0.487592592592592 0.34375 0 0 0 0 1 0.902176470588235 0 0.0155490196078431 0.0798235294117645 0 0 0 0 0.57464705882353 0.404117647058823 0 0.535039215686275 0.477294117647059
#NONE#
(Leaf318.txt) (listLeaf318ED.txt) (#NONE#)
(Neighbor1Leaf318.txt) (Neighbor2Leaf318.txt) (Neighbor3Leaf318.txt) (Neighbor4Leaf318.txt)
(#NONE#)
(#NONE#) (Node37.txt)
0.0783695587754543 0 0 0.060985936995173 0.00881704832809059 0 0.0481241469958838 0.00398079473612226 0.00102909628545396 0.0322641732068116 0.300956518715889 0 0.00158510955742918 0.0333522627425167 0.250220249289604 0 0.0147424953874042 0.00820898120175221 0.0439171086632939 0.00414405317850982 0.0557679765677671 0.000762868666733561 0 0.0148512768732382 0.0379203438328735 0.71724183006536 0.484699346405229 0.479352941176471 0.564633986928105 0.660326797385621 0.571934640522876 0.24159477124183 0.520588235294118 0.402947712418301 0.756646090534979 0.483409736375908 0.478443021366629 0.482308386313087 0.520863493039868 0 0 0 0 0.660326797385621 0.515202614379085 0 0.520588235294118 0.402947712418301 0.71724183006536 0.484699346405229 0.479352941176471 0.564633986928105 0 0.0567320261437908 0.24159477124183 0 0 0.104166666666667 0.0819753086419753 0.929238683127572 0.5625 0.45141975308642 0.4375 0 0 0 0 0.967385620915033 0.753352941176471 0 0.0782156862745097 0.0768039215686273 0 0 0 0 0.589732026143791 0.519352941176471 0 0.562849673202614 0.496738562091503
#NONE#
