61
0
True False
0.487882308654399 0 0 0.0581850100380725 0 0 0.000962016969730352 0.000417397534885905 0 0.244682404206437 0.0519881418759136 0 0.000592722759159311 0.0543754774622956 0.0227646125777981 0.000457094265130296 0.0130852059682079 0.00222379140761278 0.00258546537160699 0.00260268022934752 0.0527150082578167 0 0 0.000890026243477454 0.00359063617810963 0.0411437908496732 0.038281045751634 0.0343464052287582 0.0511285403050109 0.587660130718954 0.251328976034858 0.0541220043572984 0.275997821350763 0.212832244008715 0.205157750342936 0.438044043944823 0.454874044770834 0.508569852396473 0.504817013949737 0 0 0 0 0.587660130718954 0.101679738562091 0 0.144971677559913 0.088843137254902 0.0411437908496732 0.038281045751634 0.0343464052287582 0.0511285403050109 0 0.149649237472767 0.0541220043572984 0.13102614379085 0.123989106753813 0.09375 0.0560699588477366 0.65482853223594 0.527777777777778 0.245137174211248 0.28125 0 0 0 0 0.671845315904139 0.356773420479303 0 0.249684095860567 0.120786492374728 0 0 0 0 0.551976034858388 0.232976034858388 0 0.271967320261438 0.230516339869281
#NONE#
(Leaf293.txt) (listLeaf293ED.txt) (#NONE#)
(Neighbor1Leaf293.txt) (Neighbor2Leaf293.txt) (Neighbor3Leaf293.txt) (Neighbor4Leaf293.txt)
(#NONE#)
(#NONE#) (Node15.txt)
0.478981228471032 0 2.67262044266818E-05 0.108814210212021 0.0105362434471328 0 0.010778269180935 0.00577410454675532 0.000714252604207714 0.150414539609766 0.0636521832703204 3.56533323448611E-05 0.00240518164814164 0.0416884206352317 0.0381779093029601 0.00962270225392153 0.00989754435623157 0.0067049247036851 0.00836857157623914 0.00685943676789838 0.036262973183846 0.00141232029916691 0.000490402456724956 0.00248322342041049 0.00589897851660061 0.0554683381549341 0.0616245580199293 0.0730189649630344 0.0732420443587271 0.597740919318547 0.238731597557056 0.0585419479267116 0.193041465766635 0.20446287367406 0.217362882007691 0.454659766141319 0.492214001057257 0.502549084876853 0.490668391099116 0 0 0 0 0.587765348762456 0.0929617486338798 0 0.0629167470266795 0.0868389585342334 0.0554683381549341 0.0616245580199293 0.0730189649630344 0.0732420443587271 0.00997557055609129 0.145769848923176 0.0585419479267116 0.130124718739955 0.117623915139826 0.0799180327868853 0.0535842946771909 0.744770289415098 0.520491803278688 0.270987654320988 0.242827868852459 0 0 0 0 0.725803921568628 0.274424300867888 0 0.196243008678881 0.125101896496303 0 0 0 0 0.55420443587271 0.232359369977499 0 0.190189649630344 0.214057216329155
#NONE#
