81
0
True False
0.719247509951298 0 0 0.0572179083847977 0 0 0.000679594985682812 0 0 0.117788081875237 0.0194786289072415 0 0.000107303113265987 0.0237455084972846 0.00334985892080316 0.0100176871596156 0.0168319684043878 0.00036543003876875 0.000257442183336748 0.00766233722187678 0.0223895070744999 0 0.000116065786456848 7.48546191707323E-05 0.000670312876276684 0.0327686274509804 0.0403633986928104 0.0650117647058824 0.0315111111111111 0.120664052287582 0.526298039215686 0.086721568627451 0.0816888888888888 0.0988183006535948 0.113802469135802 0.41524191723474 0.565426421915355 0.50007618447589 0.4853768755602 0 0 0 0 0.0204915032679739 0.38238431372549 0 0.0255607843137255 0.0359267973856209 0.0327686274509804 0.0403633986928104 0.0650117647058824 0.0315111111111111 0.100172549019608 0.143913725490196 0.086721568627451 0.0561281045751634 0.0628915032679739 0.0333333333333333 0.0346337448559671 0.573465020576132 0.4375 0.206724279835391 0.2125 0 0 0 0 0.105824836601307 0.961155555555556 0 0.0688052287581699 0.0936732026143791 0 0 0 0 0.12356862745098 0.40596339869281 0 0.0805699346405228 0.0948104575163399
#NONE#
(Leaf118.txt) (listLeaf118ED.txt) (#NONE#)
(Neighbor1Leaf118.txt) (Neighbor2Leaf118.txt) (Neighbor3Leaf118.txt) (Neighbor4Leaf118.txt)
(#NONE#)
(#NONE#) (Node24.txt)
0.503064787457719 0 0 0.177778751564539 0.0164589541222106 0 0.0112119466632722 0.00841786732681203 0.000127201827769385 0.104714454238938 0.0533013270610664 1.5410908765879E-06 0.000415763399347851 0.0340512285216284 0.0288615529106634 0.013565996522184 0.00596511672398581 0.00517579383004565 0.00593715755659228 0.00223667214648396 0.0212975562185856 0.000653951376933359 3.67437201560096E-05 0.000827049282680585 0.00589858643750879 0.0675879932219801 0.0861757443718228 0.110656983781167 0.0759636891793754 0.133559428709756 0.49721762285161 0.08039554587267 0.116575647542968 0.145821350762527 0.166645328456028 0.470619685251163 0.549353236069416 0.496108868646729 0.482566682350333 0 0 0 0 0.0174921326555314 0.329713386589204 0 0.0150157346889373 0.0285035100459937 0.0675879932219801 0.0861757443718228 0.110656983781167 0.0759636891793754 0.116067296054224 0.167504236262406 0.08039554587267 0.101559912854031 0.117317840716534 0.0702160493827161 0.0504160951074531 0.737774729461972 0.484567901234568 0.274628867550678 0.240740740740741 0 0 0 0 0.0953333333333333 0.909518276446381 0 0.0976412490922295 0.109016218833212 0 0 0 0 0.136364076494795 0.406835633018639 0 0.119838295812152 0.149792302106028
#NONE#
