16
0
True False
0.5363759243523 0 0 0.0892642101794343 0.143502367306255 0 0.00508482531370711 0.0101578787187096 0 0.13147249865315 0.0116848710347964 0.000247279920870425 0 0.0358181081000843 0.00959233593208146 0 0.00136016538555834 0.00430611370670258 0.0024377204865827 0 0.0173485851363446 0 0 0.000128205128205128 0.00121891064521869 0.0275 0.0566274509803923 0.228137254901961 0.0555490196078431 0.120205882352941 0.213392156862745 0.0666764705882353 0.11628431372549 0.397392156862745 0.0817901234567902 0.487246369978604 0.574628553184002 0.497124015194812 0.485999483860637 0 0 0 0 0 0.052343137254902 0 0 0.0908725490196078 0.0275 0.0566274509803923 0.228137254901961 0.0555490196078431 0.120205882352941 0.161049019607843 0.0666764705882353 0.11628431372549 0.306519607843137 0.03125 0.0344135802469136 0.715092592592593 0.484375 0.218117283950617 0.1875 0 0 0 0 0.0759411764705882 0.153343137254902 0 0.108401960784314 0.727196078431372 0 0 0 0 0.117470588235294 0.202137254901961 0 0.113598039215686 0.2755
#NONE#
(Leaf180.txt) (listLeaf180ED.txt) (#NONE#)
(Neighbor1Leaf180.txt) (Neighbor2Leaf180.txt) (Neighbor3Leaf180.txt) (Neighbor4Leaf180.txt)
(#NONE#)
(#NONE#) (Node24.txt)
0.52529203282713 0 0 0.155963218373389 0.0812788015372651 0 0.011426957863315 0.0138458273577434 0 0.0710918013876162 0.0560301012278474 0.000230348485610518 0 0.0273788196059423 0.0277179348660624 0.00209854728042162 0.00253036812174755 0.00276429556099189 0.00657831653104513 0.00384382250446714 0.00987472416883058 0.000147699004975124 0 6.36448622357886E-05 0.00184273843336346 0.0400759803921569 0.0741421568627451 0.124835784313725 0.0608382352941176 0.102316176470588 0.151919117647059 0.0600318627450981 0.106267156862745 0.372791666666667 0.151581790123457 0.502753917406749 0.535875126126555 0.492757923697756 0.488705924772032 0 0 0 0 0.0156323529411765 0.0597328431372549 0 0.0240196078431373 0.164225490196078 0.0400759803921569 0.0741421568627451 0.124835784313725 0.0608382352941176 0.0866838235294117 0.0921862745098039 0.0600318627450981 0.0822475490196078 0.208566176470588 0.0703125 0.0451697530864198 0.767800925925926 0.515625 0.268055555555556 0.25390625 0 0 0 0 0.0650490196078432 0.0634142156862745 0 0.0681151960784314 0.792267156862745 0 0 0 0 0.109350490196079 0.163470588235294 0 0.115664215686275 0.279916666666667
#NONE#
