4
0
True False
0.506485484867202 0 0 0.351080914144534 0 0 0.00086473131562693 0.00382952439777641 0 0.00592958616429895 0.0273008029647931 0 0 0.00605311920938851 0.0235948116121062 0 0.00197652872143298 0 0.00951204447189623 0.00284126003705991 0.0117356392835083 0 0 0.000617665225447807 0.048177887584929 0.0592549019607843 0.202392156862745 0.186274509803922 0.0551372549019608 0.0968627450980392 0.0323137254901961 0.0543529411764706 0.110078431372549 0.128196078431373 0.128395061728395 0.479627857522594 0.584391281233386 0.496724333522405 0.480913216108905 0 0 0 0 0 0 0 0 0.128196078431373 0.0592549019607843 0.202392156862745 0.186274509803922 0.0551372549019608 0.0968627450980392 0.0323137254901961 0.0543529411764706 0.110078431372549 0 0.0625 0.0309876543209877 0.944567901234568 0.5 0.279876543209877 0.125 0 0 0 0 0.0616470588235294 0 0 0.16243137254902 0 0 0 0 0 0.0757647058823529 0.0330196078431372 0 0.0909019607843137 0.292823529411765
#NONE#
(Leaf344.txt) (listLeaf344ED.txt) (#NONE#)
(Neighbor1Leaf344.txt) (Neighbor2Leaf344.txt) (Neighbor3Leaf344.txt) (Neighbor4Leaf344.txt)
(#NONE#)
(#NONE#) (Node29.txt)
0.43780318101793 0 0 0.323078787349354 9.3621270752715E-05 0 0.00112395669431601 0.0117222204356574 0 0.0188100163632983 0.088842135164831 0 0 0.0221081973592395 0.0473696332260569 0 0.000556546360860055 0.00172999496728737 0.0117873481371698 0.000710315009264977 0.0129150045440231 0 0 0.000154416306361952 0.0211946257935963 0.142107843137255 0.164813725490196 0.343343137254902 0.0784705882352941 0.19228431372549 0.0369607843137255 0.0826274509803921 0.0580882352941176 0.240539215686275 0.15962962962963 0.560371662766848 0.54006836817286 0.476767791675117 0.491114267441369 0 0 0 0 0 0 0 0 0.124872549019608 0.142107843137255 0.164813725490196 0.343343137254902 0.0784705882352941 0.19228431372549 0.0369607843137255 0.0826274509803921 0.0580882352941176 0.115666666666667 0.0625 0.0486111111111111 0.890185185185185 0.515625 0.321296296296297 0.21875 0 0 0 0 0.549333333333333 0.014343137254902 0 0.107196078431373 0.114088235294118 0 0 0 0 0.141470588235294 0.0269411764705882 0 0.0426176470588235 0.277088235294118
#NONE#
