4
0
True False
0.00753086419753086 0 0 0.221975308641975 0 0 0.00580246913580247 0 0 0.0516049382716049 0.609753086419753 0 0 0.00185185185185185 0.0885185185185185 0 0 0 0.00123456790123457 0 0.0107407407407407 0 0 0 0.000987654320987654 0.467960784313725 0.702039215686274 0.580823529411765 0.388901960784314 0.429803921568627 0.42321568627451 0.237019607843137 0.396156862745098 0.495058823529412 0.63679012345679 0.390792420327304 0.523456072351421 0.675904524510915 0.443224563788806 0 0 0 0 0.429803921568627 0.42321568627451 0 0.396156862745098 0.495058823529412 0.467960784313725 0.702039215686274 0.580823529411765 0.388901960784314 0 0 0.237019607843137 0 0 0.1875 0.0979012345679012 0.949382716049383 0.5625 0.447037037037037 0.4375 0 0 0 0 0.295960784313725 0.447176470588235 0 0.397294117647059 0.56243137254902 0 0 0 0 0.42078431372549 0.405490196078431 0 0.38278431372549 0.471098039215686
#NONE#
(Leaf338.txt) (listLeaf338ED.txt) (#NONE#)
(Neighbor1Leaf338.txt) (Neighbor2Leaf338.txt) (Neighbor3Leaf338.txt) (Neighbor4Leaf338.txt)
(#NONE#)
(#NONE#) (Node37.txt)
0.0581565061108216 0 0 0.180376240119879 0 0 0.00321110561464259 0.00247341083353945 0 0.0623303592360759 0.384186028276012 0 0 0.03760597903483 0.132933229158737 0 0.00089661142715805 6.17856438153415E-05 0.0137997598213827 0 0.118720862069279 0 0 0 0.00524812265382735 0.450676470588235 0.628990196078431 0.560441176470588 0.338068627450981 0.350725490196078 0.387460784313725 0.118196078431372 0.418421568627451 0.514009803921569 0.639537037037037 0.442964168817632 0.529649555615229 0.576471970352844 0.436327374973054 0 0 0 0 0.268205882352941 0.329009803921569 0 0.418421568627451 0.514009803921569 0.450676470588235 0.628990196078431 0.560441176470588 0.338068627450981 0.0825196078431372 0.0584509803921568 0.118196078431372 0 0 0.09375 0.0853086419753087 0.947191358024691 0.5625 0.421759259259259 0.34375 0 0 0 0 0.217882352941176 0.523970588235294 0 0.221274509803922 0.360843137254902 0 0 0 0 0.353156862745098 0.358637254901961 0 0.422450980392157 0.515107843137255
#NONE#
