94
0
True False
0.0626313742910944 0 0 0.22037965211768 0.000161563171199939 0 0.00369542600765768 0.00116823781809916 0 0.0191666297914348 0.297599458388673 0 0 0.0164448510008623 0.246145128008742 0.000493827160493825 0.00120614301060135 0.00195160216791861 0.0339764302388015 0.00121087316596175 0.0803052132752371 0 0 8.07217473884142E-05 0.0133828686381551 0.105968325791855 0.21915233785822 0.40047963800905 0.211440422322775 0.653161387631976 0.676562594268477 0.194907993966818 0.729155354449472 0.674282051282051 0.631495726495727 0.496695053609627 0.598006970166727 0.493415037809009 0.317200096121867 0 0 0 0 0.653161387631976 0.676562594268477 0 0.729155354449472 0.674282051282051 0.105968325791855 0.21915233785822 0.40047963800905 0.211440422322775 0 0 0.194907993966818 0 0 0.0408653846153846 0.0587749287749288 0.805432098765432 0.521634615384615 0.228281101614435 0.269230769230769 0 0 0 0 0.691061840120664 0.719641025641026 0 0.798075414781297 0.729879336349925 0 0 0 0 0.626034690799397 0.651986425339366 0 0.702644042232278 0.643858220211161
#NONE#
(Leaf225.txt) (listLeaf225ED.txt) (#NONE#)
(Neighbor1Leaf225.txt) (Neighbor2Leaf225.txt) (Neighbor3Leaf225.txt) (Neighbor4Leaf225.txt)
(#NONE#)
(#NONE#) (Node8.txt)
0.0764763489574431 1.34952402287713E-06 0.000716584996907628 0.13903857729975 0.0180108507031096 0 0.0221870779010064 0.00803962667431229 0.00836221718598885 0.0372646796347726 0.244486157696425 0.000254793800893092 4.62586106550688E-05 0.0420073894857899 0.231561207383507 0.00458249627915578 0.00488889429281327 0.00517218284246096 0.0419623696648174 0.00419478003400001 0.0715288404078106 0.000750446942856981 5.25510287687273E-06 0.0019871138814299 0.036474500697194 0.159000417188152 0.304240717563621 0.446598247809762 0.234275761368377 0.661407592824364 0.670198998748436 0.218378389653734 0.678715060492282 0.659349186483104 0.659303913842921 0.495199116675495 0.547872998803831 0.4901833981996 0.393365206110116 0 0 0 0 0.658917813934084 0.670198998748436 0 0.678715060492282 0.649843971631205 0.159000417188152 0.304240717563621 0.446598247809762 0.234275761368377 0.00248977889027952 0 0.218378389653734 0 0.0095052148518982 0.0398936170212766 0.0668413448909903 0.881666666666666 0.538563829787234 0.315921985815603 0.273936170212766 0 0 0 0 0.77860450563204 0.761649144764289 0 0.744143512724239 0.708818940342094 0 0 0 0 0.627757613683771 0.634651230705048 0 0.648353775552774 0.630331664580726
#NONE#
