68
0
True False
0.124757552837433 0 0 0.184345888421453 0.0407387002602076 0 0.0399553133714131 0.000267559578090797 0.000467912330896037 0.0448847321585724 0.420639900804103 0 0 0.0188250725001104 0.0955902391743634 0 0.00242217101021311 9.49714525082928E-05 0.00616682782299657 0 0.011459234847664 0 0 0 0.00938392342997484 0.307625942684766 0.316168929110106 0.335822021116139 0.388162895927602 0.379592760180995 0.29147209653092 0.433604826546003 0.547073906485671 0.234177978883861 0.521690408357075 0.53546713990663 0.402395771709079 0.45739038111036 0.609820314311512 0 0 0 0 0.310449472096531 0.0640422322775264 0 0.547073906485671 0.0725128205128205 0.307625942684766 0.316168929110106 0.335822021116139 0.388162895927602 0.0691432880844645 0.227429864253394 0.433604826546003 0 0.161665158371041 0.0673076923076923 0.0748717948717948 0.858594491927825 0.528846153846154 0.307910731244064 0.254807692307692 0 0 0 0 0.400612368024133 0.577822021116139 0 0.627034690799397 0.151484162895928 0 0 0 0 0.364280542986425 0.248021116138763 0 0.501336349924585 0.237523378582202
#NONE#
(Leaf74.txt) (listLeaf74ED.txt) (#NONE#)
(Neighbor1Leaf74.txt) (Neighbor2Leaf74.txt) (Neighbor3Leaf74.txt) (Neighbor4Leaf74.txt)
(#NONE#)
(#NONE#) (Node8.txt)
0.103397067739049 0 0 0.221564216215125 0.0361640804395667 0 0.0381007739533018 0.0137220959307407 0.00275879335053258 0.0665778215448817 0.287604197993062 2.18073855031961E-05 0.000472982871227534 0.0621569796684516 0.0937326318384363 0.0038443188230825 0.00856259754579848 0.00596744404006945 0.0124882386452401 0.00338942590934796 0.0230309266636452 0.000650645755687093 0.00144549790194598 0.000450750736010789 0.013896705049294 0.257141868512111 0.345301038062284 0.300569780853518 0.362378892733564 0.449089965397924 0.322688581314879 0.357608419838524 0.633346597462514 0.262306228373702 0.477982933914307 0.506413671565194 0.427907383033284 0.481263275241884 0.553976003579741 0 0 0 0 0.391961937716263 0.0960778546712803 0 0.633346597462514 0.0737831603229527 0.257141868512111 0.345301038062284 0.300569780853518 0.362378892733564 0.0571280276816609 0.226610726643598 0.357608419838524 0 0.18852306805075 0.0726102941176471 0.0765885984023239 0.89433551198257 0.540441176470588 0.333033769063181 0.277573529411765 0 0 0 0 0.464398500576701 0.555454440599769 0 0.788563437139562 0.288025374855825 0 0 0 0 0.433291810841984 0.282456170703576 0 0.583891580161477 0.254927912341407
#NONE#
