2
0
True False
0.020998023715415 0 0 0.0484189723320158 0 0 0 0.422060276679842 0 0.0104990118577075 0.00234683794466403 0 0 0.425148221343874 0.00518774703557312 0.02050395256917 0.0148221343873518 0.000123517786561265 0 0.0243330039525692 0.00555830039525692 0 0 0 0 0.448823529411765 0.518509803921569 0.449921568627451 0.444470588235294 0.452235294117647 0.506352941176471 0.420509803921569 0.469607843137255 0.498039215686274 0.853703703703704 0.504053402737613 0.499108347792558 0.438174468885129 0.466563263771386 0 0 0 0 0.452235294117647 0.506352941176471 0 0.469607843137255 0.498039215686274 0.448823529411765 0.518509803921569 0.449921568627451 0.444470588235294 0 0 0.420509803921569 0 0 0.0625 0.0649382716049383 0.873827160493827 0.5 0.220123456790123 0.125 0 0 0 0 0.660117647058823 0.547176470588235 0 0.502117647058823 0.382235294117647 0 0 0 0 0.421764705882353 0.486 0 0.448078431372549 0.490196078431373
#NONE#
(Leaf386.txt) (listLeaf386ED.txt) (#NONE#)
(Neighbor1Leaf386.txt) (Neighbor2Leaf386.txt) (Neighbor3Leaf386.txt) (Neighbor4Leaf386.txt)
(#NONE#)
(#NONE#) (Node37.txt)
0.0354990118577075 0 0 0.0270489923388474 0 0 0 0.211030138339921 0 0.0532124688918167 0.00771662884887522 0 0 0.244487690918851 0.00734695993753965 0.010251976284585 0.0146950178109598 0.000864228029083102 0.00685185185185185 0.120252921729371 0.202779150197628 0 0 0.0268518518518518 0.0311111111111111 0.505156862745098 0.536823529411765 0.538764705882353 0.507627450980392 0.413117647058823 0.604058823529412 0.479960784313726 0.458705882352941 0.516549019607843 0.806975308641976 0.497043027973053 0.5176279954041 0.473047319076864 0.414153136431928 0 0 0 0 0.413117647058823 0.604058823529412 0 0.458705882352941 0.516549019607843 0.505156862745098 0.536823529411765 0.538764705882353 0.507627450980392 0 0 0.479960784313726 0 0 0.09375 0.0725925925925926 0.875864197530864 0.53125 0.286296296296296 0.09375 0 0 0 0 0.513862745098039 0.643372549019608 0 0.500294117647059 0.441313725490196 0 0 0 0 0.39178431372549 0.584882352941177 0 0.435588235294118 0.507333333333334
#NONE#
