5
0
True False
0.107829860445367 0 0 0.130181030237793 0 0 0.00553228526692413 0.000741545981722914 0 0.0685472503877899 0.19027764354385 0 0 0.0777133407168712 0.0279611040709454 7.4074074074074E-05 0.0122273844652581 0.00207493791454564 0.023763840643404 0.000814863599913406 0.289140482513272 0 0 0 0.063120356138269 0.199482352941176 0.306949019607843 0.293262745098039 0.308086274509804 0.753450980392157 0.792047058823529 0.382023529411765 0.279396078431373 0.675435294117647 0.602296296296296 0.510886509102934 0.524089136925425 0.466420770955527 0.437783772520413 0 0 0 0 0.753450980392157 0.792047058823529 0 0.0981333333333334 0.675435294117647 0.199482352941176 0.306949019607843 0.293262745098039 0.308086274509804 0 0 0.382023529411765 0.181262745098039 0 0.1 0.0807901234567901 0.854888888888889 0.5375 0.328222222222222 0.3 0 0 0 0 0.906125490196078 0.766 0 0.179882352941176 0.851435294117647 0 0 0 0 0.720494117647059 0.775803921568627 0 0.275419607843137 0.6372
#NONE#
(Leaf428.txt) (listLeaf428ED.txt) (#NONE#)
(Neighbor1Leaf428.txt) (Neighbor2Leaf428.txt) (Neighbor3Leaf428.txt) (Neighbor4Leaf428.txt)
(#NONE#)
(#NONE#) (Node37.txt)
0.107829860445367 0 0 0.130181030237793 0 0 0.00553228526692413 0.000741545981722914 0 0.0685472503877899 0.19027764354385 0 0 0.0777133407168712 0.0279611040709454 7.4074074074074E-05 0.0122273844652581 0.00207493791454564 0.023763840643404 0.000814863599913406 0.289140482513272 0 0 0 0.063120356138269 0.199482352941176 0.306949019607843 0.293262745098039 0.308086274509804 0.753450980392157 0.792047058823529 0.382023529411765 0.279396078431373 0.675435294117647 0.602296296296296 0.510886509102934 0.524089136925425 0.466420770955527 0.437783772520413 0 0 0 0 0.753450980392157 0.792047058823529 0 0.0981333333333334 0.675435294117647 0.199482352941176 0.306949019607843 0.293262745098039 0.308086274509804 0 0 0.382023529411765 0.181262745098039 0 0.1 0.0807901234567901 0.854888888888889 0.5375 0.328222222222222 0.3 0 0 0 0 0.906125490196078 0.766 0 0.179882352941176 0.851435294117647 0 0 0 0 0.720494117647059 0.775803921568627 0 0.275419607843137 0.6372
#NONE#
