33
0
True False
0.0749461117849531 0 0 0.0936038988921103 0.0734100673063459 0 0.0506025161675713 0 0 0.003450114099375 0.189694182601298 0 0 0.00156736206157632 0.338542728202621 0 0 0 0.0994758186436571 0 0.0127901432823596 0 0 0 0.0619170569581323 0.156839215686275 0.460462745098039 0.584054901960784 0.195301960784314 0.559694117647059 0.825843137254902 0.210141176470588 0.765756862745098 0.764792156862745 0.646814814814815 0.500047027182025 0.542386659122057 0.483138548425396 0.377028625525571 0 0 0 0 0.559694117647059 0.825843137254902 0 0.765756862745098 0.764792156862745 0.156839215686275 0.460462745098039 0.584054901960784 0.195301960784314 0 0 0.210141176470588 0 0 0.0125 0.0611851851851852 0.923432098765432 0.525 0.361185185185185 0.25 0 0 0 0 0.355788235294118 0.972713725490196 0 0.901741176470588 0.87081568627451 0 0 0 0 0.561780392156863 0.776062745098039 0 0.694250980392157 0.733639215686275
#NONE#
(Leaf238.txt) (listLeaf238ED.txt) (#NONE#)
(Neighbor1Leaf238.txt) (Neighbor2Leaf238.txt) (Neighbor3Leaf238.txt) (Neighbor4Leaf238.txt)
(#NONE#)
(#NONE#) (Node21.txt)
0.068722371896847 0 0 0.100122545976278 0.03791159048398 0 0.0238840280198945 0.00846813990691194 0.00110751782534204 0.0323975341591437 0.210074279435607 7.5026071559867E-06 0.000145921494236101 0.0584306344334293 0.238437308256564 0.000472307788675149 0.00779625119398761 0.00632319708365451 0.0607128917508837 0.000974400017793199 0.0671406023070668 0 0 1.49954875092647E-05 0.0768559798750406 0.197348781937017 0.478823529411765 0.638194890077243 0.226413547237077 0.646815210932858 0.742866310160428 0.257683897801545 0.685805109922757 0.715693404634581 0.693138795361018 0.49151983075946 0.543579711714881 0.503639480526017 0.391184629405334 0 0 0 0 0.646815210932858 0.742866310160428 0 0.685805109922757 0.715693404634581 0.197348781937017 0.478823529411765 0.638194890077243 0.226413547237077 0 0 0.257683897801545 0 0 0.0416666666666667 0.07221848110737 0.902401795735129 0.535984848484849 0.377426112981669 0.297348484848485 0 0 0 0 0.720313725490196 0.859910873440285 0 0.829263220439691 0.853014854426619 0 0 0 0 0.61561972667855 0.696522875816994 0 0.634552584670232 0.677551990493167
#NONE#
