58
0
True False
0.236343013916066 0 0 0.175807116692978 0.00547197279406822 0 0.00941002017453147 0.0392359731539696 0 0.0366595677091935 0.122672929692568 1.37479721741043E-05 0 0.0472972706378459 0.1615774331792 0.00636511157291057 0.0116626153642875 0.00923144117853032 0.0158740799755037 0.00325847763701736 0.110440412404168 0 0.000549280300641331 0 0.00812953564434657 0.433729847494553 0.574945533769063 0.592178649237473 0.268753812636166 0.66755991285403 0.197699346405229 0.283119825708061 0.124039215686275 0.166692810457516 0.452921810699588 0.457449756622563 0.557926665445147 0.52459937824148 0.443578463119558 0 0 0 0 0.66755991285403 0.0900261437908497 0 0 0.109843137254902 0.433729847494553 0.574945533769063 0.592178649237473 0.268753812636166 0 0.107673202614379 0.283119825708061 0.124039215686275 0.0568496732026144 0.0833333333333333 0.0929492455418381 0.919684499314129 0.555555555555556 0.389026063100137 0.361111111111111 0 0 0 0 0.852605664488017 0.162771241830065 0 0.147106753812636 0.123825708061002 0 0 0 0 0.599825708061002 0.220875816993464 0 0.123472766884532 0.178313725490196
#NONE#
(Leaf40.txt) (listLeaf40ED.txt) (#NONE#)
(Neighbor1Leaf40.txt) (Neighbor2Leaf40.txt) (Neighbor3Leaf40.txt) (Neighbor4Leaf40.txt)
(#NONE#)
(#NONE#) (Node32.txt)
0.134457528252716 0 0.000284363026819924 0.184809732732471 0.00187384370782447 0 0.0121473238338175 0.0160395069063054 0.00458557030072154 0.077259296509981 0.169306477897927 0.00015966659025538 0.00173696721139397 0.0388478377995792 0.185741744292812 0.00511628769315083 0.0103724177028266 0.00623207730457906 0.0456322909491918 0.00252401631031467 0.0627927699130923 0.000887829389904273 0.000552842788390875 0.000104412459893841 0.0385351964260311 0.529589587559162 0.629871534820825 0.706058823529412 0.381453684922245 0.578776876267748 0.218232589587559 0.395828262339418 0.200128465179175 0.196748478701826 0.501115368241805 0.450168672262014 0.478106277275835 0.529089755853087 0.516158049114022 0 0 0 0 0.498653820148749 0.0857809330628803 0 0.0731379310344828 0.0742116294793779 0.529589587559162 0.629871534820825 0.706058823529412 0.381453684922245 0.0801230561189993 0.132451656524679 0.395828262339418 0.126990534144692 0.122536849222448 0.0786637931034483 0.0924670072371222 0.889855257556407 0.543103448275862 0.353669646658152 0.302801724137931 0 0 0 0 0.75584584178499 0.200888438133874 0 0.16137660581474 0.136947261663286 0 0 0 0 0.535638269100744 0.223615956727519 0 0.208899932386748 0.203509803921569
#NONE#
