40
0
True False
0.126729382009747 0.00605503423788992 0 0.345461286544634 0.000253613999492772 0 0.000285315749429367 0.0918870465664619 0.0081790514836419 0.0885756149344567 0.0182737735170921 0.00394612217823729 0.0036457012427086 0.0207695067542706 0.029294776987334 0.0454470150530899 0.0419570529933777 0.00639536601498888 0.0150401221038669 0.026109998542151 0.0496965582510359 0.000155376009944065 0.0661706399526588 0.000683654443753885 0.0049879904297372 0.217323529411765 0.3995 0.176421568627451 0.193254901960784 0.185549019607843 0.248450980392157 0.163578431372549 0.443764705882353 0.412872549019608 0.365833333333333 0.521304705513856 0.486043810191868 0.478368453791014 0.494791154358031 0 0 0 0 0 0 0 0.443764705882353 0.171931372549019 0.217323529411765 0.3995 0.176421568627451 0.193254901960784 0.185549019607843 0.248450980392157 0.163578431372549 0 0.240941176470588 0.078125 0.0924382716049383 0.899783950617284 0.546875 0.379969135802469 0.3125 0 0 0 0 0.0691960784313725 0.269862745098039 0 0.257696078431372 0.474392156862745 0 0 0 0 0.196696078431372 0.232303921568628 0 0.451666666666667 0.354264705882353
#NONE#
(Leaf98.txt) (listLeaf98ED.txt) (#NONE#)
(Neighbor1Leaf98.txt) (Neighbor2Leaf98.txt) (Neighbor3Leaf98.txt) (Neighbor4Leaf98.txt)
(#NONE#)
(#NONE#) (Node15.txt)
0.169941416102444 0.000605503423788992 0 0.280593442139998 0.0150232128712155 0 0.0242274358484766 0.0506303329357878 0.00151452444402163 0.110679840400261 0.132257057611964 0.000758928694016977 0.00155071684264075 0.0568562255435103 0.0476858003817414 0.0175194460487016 0.0101101831731919 0.00576525835797486 0.00846072518956042 0.0112539296113694 0.0350595316176201 0.000368713459013301 0.00970045674658964 0.00306213427484037 0.00637518428127131 0.166960784313725 0.235002941176471 0.201209803921569 0.21878431372549 0.199482352941177 0.176042156862745 0.264582352941176 0.405086274509804 0.337989215686274 0.341827160493827 0.528778871894923 0.468427540775957 0.48023804813464 0.494976736762616 0 0 0 0 0.0922549019607843 0.0439078431372549 0 0.377871568627451 0.0600049019607843 0.166960784313725 0.235002941176471 0.201209803921569 0.21878431372549 0.107227450980392 0.13213431372549 0.264582352941176 0.0272147058823529 0.27798431372549 0.1 0.0892345679012346 0.932577160493827 0.5578125 0.392095679012346 0.3078125 0 0 0 0 0.0723127450980392 0.129350980392157 0 0.21446568627451 0.663363725490196 0 0 0 0 0.221800980392157 0.179192156862745 0 0.418722549019608 0.282398039215686
#NONE#
