5
0
True False
0.762025637771291 0 0 0.149384439649702 0 0 0 0.00482294707450184 0 0.0157380378220586 0.0191648686381521 0 0 0.0253839319710623 0.0149765198629268 0 0 0.00304607183652748 0.0021576342175403 0 0.0032999111562381 0 0 0 0 0.0196862745098039 0.674745098039216 0.421058823529412 0.030078431372549 0.18 0.0151764705882353 0.0340392156862745 0.0623137254901961 0.118 0.0508641975308642 0.536561743341404 0.51000807102502 0.492235017556389 0.4857570076772 0 0 0 0 0 0 0 0 0 0.0196862745098039 0.674745098039216 0.421058823529412 0.030078431372549 0.18 0.0151764705882353 0.0340392156862745 0.0623137254901961 0.118 0 0.0288888888888889 0.694691358024691 0.4375 0.202469135802469 0.0625 0 0 0 0 0 0 0 0.0357647058823529 0 0 0 0 0 0.209019607843137 0.0101176470588235 0 0.0438823529411765 0.126823529411765
#NONE#
(Leaf298.txt) (listLeaf298ED.txt) (#NONE#)
(Neighbor1Leaf298.txt) (Neighbor2Leaf298.txt) (Neighbor3Leaf298.txt) (Neighbor4Leaf298.txt)
(#NONE#)
(#NONE#) (Node29.txt)
0.541855821311413 0 0 0.195508016826891 0 0 0.000384366562261631 0.0127048342451749 0 0.0263805674027898 0.0678749815807806 0 0 0.0439505246014822 0.0673362752919917 0 2.54000508001016E-05 0.0175809712158938 0.00781726993688944 0 0.0161985545616766 0 0 0 0.00238241641195522 0.190588235294118 0.4868 0.557239215686274 0.101129411764706 0.070643137254902 0.0487843137254902 0.119105882352941 0.0754431372549019 0.0423607843137255 0.201802469135803 0.426567981549198 0.505227912543537 0.511466235301602 0.492062487657297 0 0 0 0 0 0 0 0 0 0.190588235294118 0.4868 0.557239215686274 0.101129411764706 0.070643137254902 0.0487843137254902 0.119105882352941 0.0754431372549019 0.0423607843137255 0 0.0547901234567901 0.822691358024691 0.4875 0.282641975308642 0.2125 0 0 0 0 0.0186901960784314 0.000603921568627452 0 0.0731372549019608 0.000603921568627451 0 0 0 0 0.0865411764705881 0.0587058823529412 0 0.0592862745098039 0.0389254901960785
#NONE#
