65
0
True False
0.164760713911895 0 0 0.225118562051077 0.000211814579800083 0 0.0036447098812465 0.0153468009320008 0 0.139254826354914 0.109617669500338 0 0 0.153670586515968 0.077259314106375 0.0165392206599505 0.00378483592158067 0.0142583476241619 0.0076442282783332 0.00553108008133328 0.0349309469450737 0.010211672880233 0.00020292318693004 0.00828984959573949 0.00972189699305108 0.209305322128851 0.236714285714286 0.457271708683473 0.337481792717087 0.275705882352941 0.621103641456583 0.183736694677871 0.282151260504202 0.185204481792717 0.416922398589065 0.467146212209913 0.551352905962916 0.514799189348573 0.451414960221183 0 0 0 0 0.198417366946779 0.621103641456583 0 0.19912324929972 0.104873949579832 0.209305322128851 0.236714285714286 0.457271708683473 0.337481792717087 0.0772885154061625 0 0.183736694677871 0.0830280112044818 0.0803305322128852 0.0848214285714286 0.0826278659611992 0.917204585537919 0.549107142857143 0.350035273368607 0.245535714285714 0 0 0 0 0.228983193277311 0.856364145658263 0 0.206487394957983 0.168484593837535 0 0 0 0 0.283621848739496 0.554285714285714 0 0.279686274509804 0.175344537815126
#NONE#
(Leaf357.txt) (listLeaf357ED.txt) (#NONE#)
(Neighbor1Leaf357.txt) (Neighbor2Leaf357.txt) (Neighbor3Leaf357.txt) (Neighbor4Leaf357.txt)
(#NONE#)
(#NONE#) (Node34.txt)
0.17936201384351 0 0 0.214847277867562 0.0394205108334854 0 0.0223703759384914 0.0173779600954005 0.000192359787485812 0.11835882272352 0.0994024039248235 3.64056118721782E-05 0.000100739663015874 0.109381896191776 0.0711098160624917 0.0205119153654748 0.006723977063098 0.0107755394586086 0.0145117498724378 0.00770512243009016 0.0469185276773098 0.00230114641902473 0.000548228470387998 0.00447605938806656 0.0135671513120674 0.16977677224736 0.191733936651584 0.430740874811463 0.328568325791855 0.240934539969834 0.629317647058823 0.20715233785822 0.224950226244344 0.210492911010558 0.393390313390313 0.470040780485083 0.562105269614197 0.507416729553184 0.449974290701181 0 0 0 0 0.145980090497738 0.618479034690799 0 0.118522473604827 0.0912754147812971 0.16977677224736 0.191733936651584 0.430740874811463 0.328568325791855 0.0949544494720965 0.0108386123680241 0.20715233785822 0.106427752639517 0.119217496229261 0.0759615384615385 0.0833428300094967 0.90160873694207 0.545192307692308 0.365593542260209 0.268269230769231 0 0 0 0 0.136401206636501 0.905582503770739 0 0.123858220211161 0.161097435897436 0 0 0 0 0.261093815987934 0.555721870286576 0 0.235870889894419 0.215969834087481
#NONE#
