56
0
True False
0.130143458503409 0 0 0.155297268974423 0.033884905228673 0 0.0512039106141568 0.00155995255906281 0.00182362902175329 0.0348158616604639 0.408272090234319 0 0 0.019947798985212 0.125678175059021 0 0.00054304824358856 0.00104939415570747 0.0161232787589868 0 0.0153754212003391 1.54320987654321E-05 0 0 0.00426637470211809 0.290117647058823 0.413490196078431 0.377058823529412 0.285205882352941 0.311642156862745 0.554205882352941 0.33560294117647 0.305127450980392 0.327941176470588 0.535108024691358 0.497503429920198 0.46999457276162 0.487104084177964 0.515040836216645 0 0 0 0 0.260088235294118 0.554205882352941 0 0.157745098039216 0.268495098039216 0.290117647058823 0.413490196078431 0.377058823529412 0.285205882352941 0.0515539215686274 0 0.33560294117647 0.147382352941176 0.0594460784313726 0.09375 0.0806790123456791 0.883858024691358 0.5390625 0.337145061728395 0.2734375 0 0 0 0 0.288568627450981 0.736838235294118 0 0.165475490196078 0.198299019607843 0 0 0 0 0.322019607843137 0.518602941176471 0 0.307769607843137 0.36556862745098
#NONE#
(Leaf384.txt) (listLeaf384ED.txt) (#NONE#)
(Neighbor1Leaf384.txt) (Neighbor2Leaf384.txt) (Neighbor3Leaf384.txt) (Neighbor4Leaf384.txt)
(#NONE#)
(#NONE#) (Node34.txt)
0.0816252274646096 0 0 0.198892859450647 0.0239217801007108 0 0.0659026264737247 0.0221462262720727 0.000448410375166361 0.0569209408484429 0.277876711493746 1.986826377236E-05 0.00485655253949315 0.0627870676022241 0.0948043395744445 0.00575755149588337 0.00773054793675944 0.00416098234239715 0.0145411616392441 0.0112709492225346 0.0409754546298959 2.87291805677571E-05 1.77132229209105E-05 0.00792639644788085 0.0173879034228616 0.225605742296919 0.387063025210084 0.35015056022409 0.259978291316527 0.315932072829132 0.522234593837535 0.304199579831933 0.3045 0.392172268907563 0.56788139329806 0.497047364666279 0.514707473460136 0.48569664981132 0.459726049570296 0 0 0 0 0.230596638655462 0.502380952380952 0 0.187418067226891 0.344221288515406 0.225605742296919 0.387063025210084 0.35015056022409 0.259978291316527 0.0853354341736694 0.0198536414565826 0.304199579831933 0.117081932773109 0.0479509803921569 0.0703125 0.082691798941799 0.87960758377425 0.5234375 0.344651675485009 0.266741071428571 0 0 0 0 0.23059943977591 0.653378851540616 0 0.223936974789916 0.252856442577031 0 0 0 0 0.324144957983193 0.481035014005602 0 0.304579131652661 0.403915266106442
#NONE#
