24
0
True False
0.665490305563754 0 0 0.0851536926926958 0.000316146532587623 0 0.000831564845504442 0.00900631338476327 0.000666226952931689 0.101457306819476 0.0236956836491458 0.000172977733048183 0 0.0434314147284754 0.0311368200926877 0.00520360523926857 0.000699260982892155 0.00446350328044311 0.00562116412144864 0.00952627279016661 0.00756852702561182 0.000632703179237046 0 0.00450743181585604 0.000419078570006362 0.0155147058823529 0.017578431372549 0.054264705882353 0.0162892156862745 0.043171568627451 0.257475490196079 0.0226274509803922 0.0367254901960784 0.650931372549019 0.138317901234568 0.50001075636448 0.669029482755171 0.49521368546104 0.459611042530751 0 0 0 0 0 0.116333333333333 0 0 0.650931372549019 0.0155147058823529 0.017578431372549 0.054264705882353 0.0162892156862745 0.043171568627451 0.141142156862745 0.0226274509803922 0.0367254901960784 0 0.015625 0.0390277777777778 0.657638888888889 0.421875 0.230401234567901 0.1796875 0 0 0 0 0.0269705882352941 0.457642156862745 0 0.0279362745098039 0.699254901960784 0 0 0 0 0.0435931372549019 0.228735294117647 0 0.0292549019607844 0.59410294117647
#NONE#
(Leaf188.txt) (listLeaf188ED.txt) (#NONE#)
(Neighbor1Leaf188.txt) (Neighbor2Leaf188.txt) (Neighbor3Leaf188.txt) (Neighbor4Leaf188.txt)
(#NONE#)
(#NONE#) (Node24.txt)
0.610266227094282 0 0 0.0977473011413432 0.000105382177529208 0 0.000553027343731108 0.0255532723889525 0.000227316081950273 0.0820479030948604 0.0383294852534437 5.76592443493942E-05 0 0.044939834413292 0.0301027140192615 0.0133281555909756 0.00397882195173906 0.0101923867488821 0.00460674595802034 0.0188733404670258 0.013961859576987 0.000326685093795742 3.13507415751796E-05 0.00267809925133445 0.00209243236666899 0.0420065359477124 0.0240375816993464 0.0444003267973856 0.0296111111111111 0.0597826797385621 0.294647058823529 0.031485294117647 0.08709477124183 0.549694444444444 0.214248971193416 0.510866142693025 0.602469324571032 0.490512121432845 0.467207868562419 0 0 0 0 0.00886437908496733 0.214555555555556 0 0.0209950980392157 0.549694444444444 0.0420065359477124 0.0240375816993464 0.0444003267973856 0.0296111111111111 0.0509183006535948 0.0800915032679738 0.031485294117647 0.0660996732026144 0 0.03125 0.0476183127572017 0.687505144032922 0.471354166666667 0.246244855967078 0.21875 0 0 0 0 0.0443790849673203 0.294944444444444 0 0.0608480392156863 0.606666666666667 0 0 0 0 0.0598071895424837 0.291558823529412 0 0.0790980392156863 0.511686274509804
#NONE#
