97
0
True False
0.111765538100916 0 0 0.0304026408832249 0.000302895601070145 0 0.000924838011818554 3.98493693837293E-06 0 0.00959313788498472 0.0319249454345089 0 0 0.0160170499364166 0.108816893062099 0.000123527154250571 0.00183726356714269 0.000107579523708235 0.212498211211769 0.000407385044621499 0.029327015200924 0 3.98641430006539E-06 0.000155499004777184 0.445787609026529 0.773767235926629 0.806576850094877 0.781816571790006 0.810595825426945 0.165356103731815 0.260255534471853 0.83763440860215 0.811387729285262 0.863939278937382 0.771784149741139 0.508522715726746 0.480602744304036 0.452216657694316 0.533311534155722 0 0 0 0 0.0860733712839975 0.199915243516762 0 0.811387729285262 0.863939278937382 0.773767235926629 0.806576850094877 0.781816571790006 0.810595825426945 0.0792827324478179 0.0603402909550917 0.83763440860215 0 0 0.0685483870967742 0.0814655515730784 0.585826363998407 0.415322580645161 0.182230187176424 0.195564516129032 0 0 0 0 0.121154965211891 0.220369386464263 0 0.81981404174573 0.863214421252372 0 0 0 0 0.180178368121442 0.258240354206199 0 0.785179000632511 0.844967741935484
#NONE#
(Leaf108.txt) (listLeaf108ED.txt) (#NONE#)
(Neighbor1Leaf108.txt) (Neighbor2Leaf108.txt) (Neighbor3Leaf108.txt) (Neighbor4Leaf108.txt)
(#NONE#)
(#NONE#) (Node26.txt)
0.0755643282129813 0.000240623136302658 0 0.0805332334491427 0.00137411241177518 0 0.00566703912320136 0.00710454008756201 0.000277553316229258 0.0309939544379489 0.111861557000145 1.29367277582074E-06 1.9221667128751E-05 0.0419293430410728 0.211755681610878 0.00132844929453387 0.00241748395466444 0.00561571155857737 0.130106066156272 0.00346453654978262 0.0744457383492993 0.000845323580722668 1.27400869383533E-06 0.000982837189551329 0.213470098190758 0.689715787345866 0.722312916919345 0.63036021831413 0.758232059834243 0.342492419648272 0.42329128764908 0.759882757226602 0.755314331918335 0.755128764908025 0.734074074074074 0.498772866005376 0.460694714365702 0.4784688005792 0.566327519191401 0 0 0 0 0.266397816858702 0.36586133009905 0 0.755314331918335 0.755128764908025 0.689715787345866 0.722312916919345 0.63036021831413 0.758232059834243 0.0760946027895694 0.0574299575500303 0.759882757226602 0 0 0.0592783505154639 0.0810360188367061 0.770148911798396 0.487113402061856 0.285261550210004 0.250644329896907 0 0 0 0 0.261630078835658 0.446559935314332 0 0.813474833232262 0.856612492419648 0 0 0 0 0.353041034970689 0.403484131797049 0 0.726329088336366 0.711523751768749
#NONE#
