77
0
True False
0.874330846672784 0 0 0.0370486369794612 9.86965475947653E-06 0 0.000115671483620895 8.51150630201216E-05 0 0.0427095493381673 0.0124268497240989 0 3.28741904730595E-06 0.00838495370410952 0.00330007761469988 0.00112098019011163 0.00211110133765226 0.000484117996950733 0.00163461945488306 0.00219283117163743 0.0112410766998205 0.000269746935991324 6.58306178203482E-06 0.00072809767307504 0.00179598782432762 0.0146336429308565 0.0312951496388029 0.0160144478844169 0.0223859649122807 0.0508359133126935 0.0402002063983488 0.0226222910216718 0.0582239422084623 0.037484004127967 0.0402664067576348 0.493923943630352 0.446041587898955 0.494052521011664 0.495173469362781 0 0 0 0 0 0 0 0.00693395252837976 0.00533333333333334 0.0146336429308565 0.0312951496388029 0.0160144478844169 0.0223859649122807 0.0508359133126935 0.0402002063983488 0.0226222910216718 0.0512899896800826 0.0321506707946336 0.0213815789473684 0.0142170240415854 0.374662118258609 0.299342105263158 0.125542560103964 0.141447368421053 0 0 0 0 0.0525108359133127 0.0278390092879257 0 0.0461279669762642 0.0296222910216718 0 0 0 0 0.0510639834881321 0.0427884416924664 0 0.0617296181630547 0.0326057791537668
#NONE#
(Leaf174.txt) (listLeaf174ED.txt) (#NONE#)
(Neighbor1Leaf174.txt) (Neighbor2Leaf174.txt) (Neighbor3Leaf174.txt) (Neighbor4Leaf174.txt)
(#NONE#)
(#NONE#) (Node35.txt)
0.831573900907826 0 0 0.0529839926435382 0.000121843668856829 0 0.00070916917993272 0.000861891337330255 0 0.0430430029418329 0.0183797898306456 0 1.62236264672242E-06 0.0175380422156811 0.0113042380808473 0.00243210862523467 0.00163832259485972 0.00160512253468231 0.00233961206597125 0.00243764570383761 0.0102673299314066 0.00038955843883655 8.12867338601734E-06 0.0011352861930702 0.00122939206957727 0.0221538069773364 0.0253766233766234 0.0173491214667685 0.0259032340208811 0.0612910618792971 0.0433725490196078 0.0292034632034632 0.0543035395976572 0.0307888973771327 0.0658168991502325 0.478340161036606 0.480099659171054 0.496090972924798 0.49239094336774 0 0 0 0 0.00929462694168577 0.0101079704609116 0 0.00975706646294881 0.00263203463203464 0.0221538069773364 0.0253766233766234 0.0173491214667685 0.0259032340208811 0.0519964349376114 0.0332645785586962 0.0292034632034632 0.0445464731347084 0.028156862745098 0.0316558441558442 0.0230575597242264 0.430482603815937 0.330357142857143 0.146565656565657 0.140422077922078 0 0 0 0 0.0487955182072829 0.0248658008658009 0 0.0396389101094983 0.0225561497326203 0 0 0 0 0.063345047109753 0.0442948815889992 0 0.0583101604278075 0.0264043799337917
#NONE#
