95
0
True False
0.0647087964199656 0 0 0.113437893208057 0.0011850227276747 0 0.00134348375703656 0.0642005054954675 0.00516457666389571 0.0575383238961794 0.198822024487591 0 0 0.150381119057584 0.186746968904082 0 0.0112000487359679 0.00638482907262276 0.0198506153258916 0 0.110522836789957 0 0 0 0.00851295545802709 0.413394957983193 0.412677871148459 0.512 0.494901960784314 0.214588235294118 0.576268907563025 0.485333333333333 0.54715406162465 0.195467787114846 0.721728395061728 0.490656680031412 0.494145891710191 0.496131261045533 0.506670703085345 0 0 0 0 0.120207282913165 0.576268907563025 0 0.54715406162465 0.112644257703081 0.413394957983193 0.412677871148459 0.512 0.494901960784314 0.0943809523809523 0 0.485333333333333 0 0.0828235294117647 0.116071428571429 0.0904938271604938 0.886772486772487 0.535714285714286 0.368835978835979 0.258928571428571 0 0 0 0 0.135210084033613 0.83121568627451 0 0.55121568627451 0.0857927170868348 0 0 0 0 0.224285714285714 0.522957983193277 0 0.52163025210084 0.203344537815126
#NONE#
(Leaf130.txt) (listLeaf130ED.txt) (#NONE#)
(Neighbor1Leaf130.txt) (Neighbor2Leaf130.txt) (Neighbor3Leaf130.txt) (Neighbor4Leaf130.txt)
(#NONE#)
(#NONE#) (Node38.txt)
0.076065731454135 0.000302919071774716 0.0018552537926793 0.135897213611106 0.0174375319796473 0 0.0211348680715844 0.0280990708001247 0.00965510271024734 0.0491048578151881 0.217175248416338 0.0002137152548423 0.00538645414859572 0.0830098661659056 0.198497290013349 0.00254953994936986 0.0117272810993396 0.0119278534406899 0.0283068229653002 0.0033783987918417 0.0731909729017994 0.00060424559307503 0.000265363187962097 0.00297409508978762 0.0212403036753169 0.41726604747162 0.460210526315789 0.537936842105263 0.503786584107327 0.249208255933952 0.611287512899897 0.495247471620227 0.547244994840041 0.215317647058823 0.63454840805718 0.483654026485032 0.468850356406533 0.511273153049865 0.529045374011462 0 0 0 0 0.133261919504644 0.605206191950464 0 0.520247265221878 0.0786299277605779 0.41726604747162 0.460210526315789 0.537936842105263 0.503786584107327 0.115946336429309 0.0060813209494324 0.495247471620227 0.026997729618163 0.136687719298246 0.0782894736842105 0.0927589343729694 0.913542560103964 0.55 0.374023391812865 0.276315789473684 0 0 0 0 0.153941382868937 0.727552528379773 0 0.599308152734778 0.10948524251806 0 0 0 0 0.262002063983488 0.567573993808049 0 0.517179360165119 0.234626212590299
#NONE#
