8
0
True False
0.44806692337804 0 0 0.363515770056939 0 0 0 0.0522735032935728 0 0.0202804712051348 0.0331821835832874 0 0 0.00802182913054874 0.0285689915335646 0.00338286017511276 0 6.63305916688775E-05 0.0114634171119601 0.0139294242504643 0.0044220009633933 0 0 0 0.0128262947263123 0.0223529411764706 0.0337647058823529 0.0322745098039216 0.0865098039215687 0.220862745098039 0.264411764705882 0.176470588235294 0.195019607843137 0.149764705882353 0.129876543209877 0.490993582674675 0.477140100418703 0.494016822036595 0.49023317186978 0 0 0 0 0 0 0 0 0 0.0223529411764706 0.0337647058823529 0.0322745098039216 0.0865098039215687 0.220862745098039 0.264411764705882 0.176470588235294 0.195019607843137 0.149764705882353 0.0625 0.0362962962962963 0.868333333333333 0.5625 0.308148148148148 0.25 0 0 0 0 0.107392156862745 0.31321568627451 0 0.193313725490196 0.00721568627450979 0 0 0 0 0.218019607843138 0.245960784313725 0 0.178960784313726 0.148254901960784
#NONE#
(Leaf254.txt) (listLeaf254ED.txt) (#NONE#)
(Neighbor1Leaf254.txt) (Neighbor2Leaf254.txt) (Neighbor3Leaf254.txt) (Neighbor4Leaf254.txt)
(#NONE#)
(#NONE#) (Node24.txt)
0.322293842831336 0 0 0.502564845682554 0 0 0.00296712614755428 0.0298082042615955 0 0.046459341149418 0.0357415088890749 0 0 0.0111414822821708 0.0155894600076558 0.000876579241309054 4.72916290028605E-05 0.000186335734336972 0.0075316314095908 0.00454717087743089 0.0112390116149777 0.000169753086419753 0 0.000339506172839506 0.0084969089827337 0.0478725490196078 0.0865 0.11396568627451 0.0770343137254902 0.178696078431372 0.242343137254902 0.0923382352941176 0.141416666666667 0.215112745098039 0.107561728395062 0.528188929300787 0.537517826286663 0.491152659800638 0.486339974441097 0 0 0 0 0.0385343137254903 0 0 0 0.0826862745098039 0.0478725490196078 0.0865 0.11396568627451 0.0770343137254902 0.140161764705882 0.242343137254902 0.0923382352941176 0.141416666666667 0.132426470588235 0.03125 0.0299845679012346 0.856558641975308 0.5234375 0.300123456790123 0.1875 0 0 0 0 0.0547843137254902 0.301343137254902 0 0.107112745098039 0.0844754901960783 0 0 0 0 0.179235294117647 0.222862745098039 0 0.130740196078431 0.230519607843137
#NONE#
