33
0
True False
0.499716805070376 0 0 0.0103021340658954 0 0 0.000253721007324022 7.26409618937096E-05 0 0.0459505030599764 0.0173115445496126 0 0 0.0263410034857699 0.0410727771882922 0.0112049975431308 0.0863027568792023 0.000581404194401951 0.0362317505785547 0.0103920570191014 0.119779059811932 0 0 0 0.0944868445845363 0.00773109243697478 0.0815126050420168 0.0697703081232493 0.0110812324929972 0.326862745098039 0.712302521008403 0.0672268907563025 0.753686274509804 0.5703081232493 0.464320987654321 0.499001656459934 0.491015512303767 0.50030250633827 0.493625900702733 0 0 0 0 0.326862745098039 0.712302521008403 0 0.753686274509804 0.569187675070028 0.00773109243697478 0.0815126050420168 0.0697703081232493 0.0110812324929972 0 0 0.0672268907563025 0 0.00112044817927171 0.0357142857142857 0.0440740740740741 0.607231040564374 0.464285714285714 0.281869488536155 0.339285714285714 0 0 0 0 0 0.600498599439776 0 0.903551820728291 0.679529411764706 0 0 0 0 0.444274509803922 0.708952380952381 0 0.689843137254902 0.52218487394958
#NONE#
(Leaf342.txt) (listLeaf342ED.txt) (#NONE#)
(Neighbor1Leaf342.txt) (Neighbor2Leaf342.txt) (Neighbor3Leaf342.txt) (Neighbor4Leaf342.txt)
(#NONE#)
(#NONE#) (Node33.txt)
0.352314550402078 0 0 0.0928951125533955 0.0291512297832955 0 0.0132053956876366 0.00141578357292593 3.78740536220852E-06 0.0729925019605503 0.0741997816132766 8.08512014488536E-06 3.7615479522133E-06 0.0630175330211892 0.0862679716321867 0.00268475376524591 0.0231983260270048 0.00915406585647086 0.0311372403187335 0.00399398378676266 0.107435737590351 0.00174276860865264 0 0.00165969062908899 0.0335179391176965 0.0453939393939394 0.115945335710042 0.137607843137255 0.0508972073677956 0.269119429590018 0.636985145573381 0.091319073083779 0.685953654188948 0.664562091503268 0.428417508417509 0.512939671350242 0.536230688095304 0.481826627797952 0.454698452099507 0 0 0 0 0.206854426619132 0.636985145573381 0 0.685953654188948 0.664324420677362 0.0453939393939394 0.115945335710042 0.137607843137255 0.0508972073677956 0.0622650029708854 0 0.091319073083779 0 0.00023767082590612 0.0757575757575758 0.0539019827908717 0.794418256640479 0.53030303030303 0.311451552562664 0.301136363636364 0 0 0 0 0.0964171122994653 0.679592394533571 0 0.890322043969103 0.807454545454545 0 0 0 0 0.30597504456328 0.613323826500297 0 0.633459298871064 0.612061794414736
#NONE#
