45
0
True False
0.15233496687955 0 0 0.183315009052522 0.0597305368535853 0 0.0105769328872511 0.00815580098377769 0.00687608211723967 0.102666507277469 0.178044641822406 0.000333662876915472 0 0.0600439305069154 0.121350659545883 0 0.00516435651196702 0.00844046715160734 0.025705783587514 0.00027207519168934 0.0677275501392028 0 0 0 0.00926103661450567 0.0983843137254901 0.197780392156863 0.413549019607843 0.1776 0.31101568627451 0.459525490196078 0.406996078431373 0.287796078431372 0.644066666666667 0.449506172839506 0.504397306527363 0.575048537994532 0.486872625980927 0.442164568157287 0 0 0 0 0.199623529411765 0.41718431372549 0 0.125549019607843 0.644066666666667 0.0983843137254901 0.197780392156863 0.413549019607843 0.1776 0.111392156862745 0.0423411764705882 0.406996078431373 0.162247058823529 0 0.08125 0.0780740740740741 0.893666666666667 0.53125 0.374481481481481 0.2875 0 0 0 0 0.171862745098039 0.350980392156863 0 0.426 0.78435294117647 0 0 0 0 0.336262745098039 0.454945098039216 0 0.260125490196078 0.589027450980392
#NONE#
(Leaf331.txt) (listLeaf331ED.txt) (#NONE#)
(Neighbor1Leaf331.txt) (Neighbor2Leaf331.txt) (Neighbor3Leaf331.txt) (Neighbor4Leaf331.txt)
(#NONE#)
(#NONE#) (Node34.txt)
0.130726172768975 0 0 0.177882014264792 0.0487295574033424 0 0.0290005940715362 0.0149681022862051 0.00301538102838236 0.0808307969859373 0.156230747208982 7.4147305981216E-05 8.24029063110688E-05 0.0644426482265777 0.145159194531674 0.0106311162277445 0.00707541257169733 0.0182704495683467 0.0177586773746884 0.013614057191471 0.0614739839594373 9.35905101774851E-05 1.65323413928498E-05 0.00280569397413757 0.0171187272922097 0.15322091503268 0.145807407407407 0.40884008714597 0.244678867102397 0.247455337690632 0.528130718954248 0.385442265795207 0.274902832244009 0.658248366013072 0.4940109739369 0.510172370206653 0.567961268886489 0.476415804044066 0.424368645218453 0 0 0 0 0.118007843137255 0.500356427015251 0 0.082316339869281 0.658248366013072 0.15322091503268 0.145807407407407 0.40884008714597 0.244678867102397 0.129447494553377 0.0277742919389978 0.385442265795207 0.192586492374728 0 0.0861111111111111 0.0832126200274349 0.914548696844993 0.545833333333333 0.3779670781893 0.3 0 0 0 0 0.232943790849673 0.431181699346405 0 0.370670152505447 0.841043137254902 0 0 0 0 0.246211764705882 0.521450980392157 0 0.249105882352941 0.601686274509804
#NONE#
