72
0
True False
0.0634538368862999 0 0 0.184250593202789 0.0368580779311361 0 0.0207880349999876 0.0513498153809783 0 0.0674597000161963 0.175931363535629 6.20444019854209E-05 0.000216376301046729 0.0689011990420213 0.169548798986684 0.0355594103785203 0.00893105204464797 0.0301753348955203 0.0132589199550842 0.0272518133575188 0.0173735600804629 0.00730466627819598 0.00035562845597487 0.010103367929232 0.0108664059400887 0.458583333333333 0.599205882352941 0.42681862745098 0.580740196078431 0.248612745098039 0.301794117647059 0.596406862745098 0.604039215686275 0.265656862745098 0.57287037037037 0.498012169411241 0.376427298888915 0.494033036237424 0.634048523830768 0 0 0 0 0.182789215686275 0.227941176470588 0 0.564093137254902 0.0782843137254902 0.458583333333333 0.599205882352941 0.42681862745098 0.580740196078431 0.0658235294117648 0.0738529411764706 0.596406862745098 0.0399460784313725 0.187372549019608 0.0703125 0.0866203703703704 0.910617283950617 0.546875 0.381111111111111 0.28125 0 0 0 0 0.149191176470588 0.375823529411765 0 0.593303921568627 0.263480392156863 0 0 0 0 0.27656862745098 0.298392156862745 0 0.578245098039216 0.258955882352941
#NONE#
(Leaf405.txt) (listLeaf405ED.txt) (#NONE#)
(Neighbor1Leaf405.txt) (Neighbor2Leaf405.txt) (Neighbor3Leaf405.txt) (Neighbor4Leaf405.txt)
(#NONE#)
(#NONE#) (Node11.txt)
0.0751530034329074 0 0 0.176988823886736 0.00948392557596339 0 0.0129551866409291 0.023839961152835 0.00839923745980574 0.0667662764655877 0.208261492847295 0.000187738729850231 2.40418112274144E-05 0.0493697455972118 0.180744204637758 0.0146848041988044 0.00871788256594436 0.00634825926850161 0.0376652331378472 0.00964011285582301 0.0529364122972141 0.000945446213625832 0.00364891811966771 0.00128209010342621 0.0519572030010398 0.447883442265795 0.50206917211329 0.362021241830065 0.599442265795207 0.243978758169935 0.3262848583878 0.586065904139434 0.667909041394336 0.320644335511983 0.578612825788752 0.513130731872178 0.43059782341417 0.47186977026949 0.566806579174856 0 0 0 0 0.127960784313726 0.160510893246187 0 0.663470588235294 0.159912854030501 0.447883442265795 0.50206917211329 0.362021241830065 0.599442265795207 0.116017973856209 0.165773965141612 0.586065904139434 0.00443845315904139 0.160731481481481 0.0876736111111111 0.0914780521262002 0.907494855967078 0.546875 0.365562414266118 0.282118055555556 0 0 0 0 0.137846405228758 0.378752178649237 0 0.79578431372549 0.339164488017429 0 0 0 0 0.268483660130719 0.31619825708061 0 0.628028867102397 0.314708061002179
#NONE#
