21
0
True False
0.854068302297886 0 0 0.0336410735977573 0 0 0.000114642453066464 0.000315768321739214 9.56873702240038E-06 0.055469908571765 0.0153340626931769 0 0 0.0117757957504287 0.00372434573071441 0.000676933069008489 0.00454989646797556 5.74910888812234E-05 0.000422692568102515 0.00213711309265804 0.0139674897447 0 2.90892546063962E-05 0.000344946533287341 0.00336088002722406 0.0165158371040724 0.0334690799396682 0.0188597285067873 0.0310648567119155 0.45395173453997 0.0257797888386124 0.0166334841628959 0.0836349924585219 0.0277797888386124 0.0449477682811016 0.45099585675871 0.386704288335933 0.496097325869792 0.49898610585578 0 0 0 0 0.20763197586727 0 0 0.0519517345399699 0 0.0165158371040724 0.0334690799396682 0.0188597285067873 0.0310648567119155 0.2463197586727 0.0257797888386124 0.0166334841628959 0.031683257918552 0.0277797888386124 0.0192307692307692 0.015707502374169 0.402592592592593 0.307692307692308 0.136809116809117 0.129807692307692 0 0 0 0 0.895037707390648 0.0136349924585219 0 0.0907058823529412 0.0116892911010558 0 0 0 0 0.331788838612368 0.0247028657616893 0 0.0870407239819005 0.0204132730015083
#NONE#
(Leaf186.txt) (listLeaf186ED.txt) (#NONE#)
(Neighbor1Leaf186.txt) (Neighbor2Leaf186.txt) (Neighbor3Leaf186.txt) (Neighbor4Leaf186.txt)
(#NONE#)
(#NONE#) (Node35.txt)
0.80385297955552 0 0 0.0451730697513278 0.00354657688420568 0 0.00110471604051516 0.00382634025522646 5.92350387100976E-06 0.0662323851954832 0.018592414545148 1.81175831144125E-05 3.69330772639976E-05 0.0178774148607612 0.0105679057893774 0.00206194644002475 0.00402370320005332 0.0024563965472326 0.00232102038494616 0.00230759677244089 0.0127291740289054 9.11130212814617E-05 0.000153428917105284 0.000499288334595102 0.00252155531160038 0.0238804855275443 0.0424575163398693 0.0246517273576097 0.0388534080298786 0.409654528478058 0.0466498599439776 0.0272100840336134 0.0868328664799253 0.0662427637721755 0.070817166372722 0.476294894303575 0.425645471602982 0.496297122661253 0.496503806859333 0 0 0 0 0.173346405228758 0.0123417366946779 0 0.0321605975723623 0.0323398692810458 0.0238804855275443 0.0424575163398693 0.0246517273576097 0.0388534080298786 0.2363081232493 0.0343081232492997 0.0272100840336134 0.054672268907563 0.0339028944911298 0.0357142857142857 0.023885949441505 0.486566725455614 0.37202380952381 0.168377425044092 0.154761904761905 0 0 0 0 0.825012138188609 0.0200578898225957 0 0.0907600373482726 0.043499533146592 0 0 0 0 0.31315406162465 0.0490065359477124 0 0.0861213818860878 0.0650345471521942
#NONE#
