73
0
True False
0.13097975031086 0 0 0.0892396999694387 0.00312440747507842 0 0.00610344828973882 0.00328943918619044 0.000151452567809445 0.0702448769554404 0.12396217889855 0 1.37684152554041E-05 0.071581014751507 0.1372687340831 0.00838820301783265 0.0173349490161698 0.0246733841371575 0.061918275325302 0.00325804682162947 0.180659694836851 0.00231510105381751 0 0.000548712097870596 0.0649448627904002 0.599283224400871 0.610211328976035 0.539161220043573 0.672211328976035 0.204185185185185 0.7000174291939 0.548313725490196 0.214071895424837 0.692925925925926 0.618292181069959 0.485951366186188 0.49792318972975 0.501909045668098 0.474323033780759 0 0 0 0 0.0989607843137255 0.7000174291939 0 0.0885729847494553 0.692925925925926 0.599283224400871 0.610211328976035 0.539161220043573 0.672211328976035 0.10522440087146 0 0.548313725490196 0.125498910675381 0 0.0694444444444444 0.0865089163237311 0.886796982167352 0.538194444444444 0.346124828532236 0.302083333333333 0 0 0 0 0.135525054466231 0.732283224400871 0 0.18442265795207 0.679884531590414 0 0 0 0 0.207795206971677 0.66958605664488 0 0.231063180827887 0.674291938997821
#NONE#
(Leaf380.txt) (listLeaf380ED.txt) (#NONE#)
(Neighbor1Leaf380.txt) (Neighbor2Leaf380.txt) (Neighbor3Leaf380.txt) (Neighbor4Leaf380.txt)
(#NONE#)
(#NONE#) (Node27.txt)
0.0993649461918171 2.92301634653907E-05 0.000170253471601341 0.126481928725998 0.0076845560107792 0 0.00947206571060432 0.0304212925881304 0.010050865907622 0.0605509789276132 0.154247956570755 0.00152599719518845 0.00120769553607351 0.0623956344577482 0.199909780830916 0.0113439292133419 0.011873262139551 0.0240817766821075 0.0445053888733155 0.00218281218395762 0.0914086854185348 0.00393636859751644 0.000110117605602784 0.00101654054911412 0.0460279364486459 0.548719312382487 0.554423314531292 0.508613483749664 0.588895514370132 0.276991673381681 0.666305667472468 0.491338705345152 0.214553317217298 0.687293043244695 0.619120581768983 0.480702831885419 0.500454469476591 0.511486525007262 0.481197695393464 0 0 0 0 0.150584474885845 0.656077894171367 0 0.100197690034918 0.687293043244695 0.548719312382487 0.554423314531292 0.508613483749664 0.588895514370132 0.126407198495837 0.0102277733011013 0.491338705345152 0.11435562718238 0 0.0761986301369863 0.094863859293083 0.904063926940639 0.536815068493151 0.366220192795535 0.286815068493151 0 0 0 0 0.239960784313726 0.817298952457696 0 0.162029546065001 0.812315337093742 0 0 0 0 0.273413376309428 0.620078968573731 0 0.219620735965619 0.63807574536664
#NONE#
