85
0
True False
0.120200643774513 0 0 0.0323607856786192 0.000476372812462869 0 0.00191388915561432 0.000193135560173814 0 0.0104698388505902 0.0452076284589207 0 0 0.0140773389657744 0.0978213085289877 0.000149174555569659 0.00183858001137048 0.000138778645460596 0.166722811223526 0.000950446699210158 0.0402982981299617 0 2.4821607025898E-05 0.000203892810037088 0.466952254532182 0.781162352941176 0.799814901960784 0.770139607843137 0.833159215686275 0.150186666666667 0.550512941176471 0.835482352941176 0.131366274509804 0.635025882352941 0.758646913580247 0.498335474369281 0.487704836744731 0.482388810293672 0.51149521427062 0 0 0 0 0.0709223529411765 0.530723137254902 0 0.0688894117647059 0.619281568627451 0.781162352941176 0.799814901960784 0.770139607843137 0.833159215686275 0.0792643137254902 0.0197898039215686 0.835482352941176 0.062476862745098 0.0157443137254902 0.075 0.094153086419753 0.605007407407407 0.4025 0.199471604938272 0.1925 0 0 0 0 0.152103529411765 0.589091764705882 0 0.0551152941176471 0.597841568627451 0 0 0 0 0.151543529411765 0.514098823529412 0 0.146293333333333 0.621436862745098
#NONE#
(Leaf12.txt) (listLeaf12ED.txt) (#NONE#)
(Neighbor1Leaf12.txt) (Neighbor2Leaf12.txt) (Neighbor3Leaf12.txt) (Neighbor4Leaf12.txt)
(#NONE#)
(#NONE#) (Node26.txt)
0.0793867457797707 0 0 0.0759892736665859 0.00755736517853428 0 0.00947914397117311 0.0067824341259966 0.00149076093605225 0.0287939721855022 0.102215043284965 1.45315043013253E-06 1.46127262232679E-06 0.0335357780511032 0.184981953122007 0.00672735305902581 0.00311947271514723 0.00344856303117276 0.110851825520153 0.00818243624151295 0.0760820258873347 0.000732058432976402 1.60258443287879E-05 0.00194408431112003 0.258680770232485 0.740119492502884 0.741740253748558 0.683253979238754 0.797963552479815 0.244406920415225 0.577933564013841 0.797529411764705 0.218818915801615 0.632721107266436 0.722123456790123 0.494183151303055 0.47722543460298 0.494375573681312 0.514110884737714 0 0 0 0 0.136965628604383 0.547452364475202 0 0.121237370242215 0.613526182237601 0.740119492502884 0.741740253748558 0.683253979238754 0.797963552479815 0.107441291810842 0.030481199538639 0.797529411764705 0.0975815455594002 0.0191949250288351 0.0772058823529412 0.0892505446623093 0.725812636165577 0.485294117647059 0.271984023238925 0.254411764705882 0 0 0 0 0.180931487889273 0.640717416378316 0 0.116834602076125 0.693520645905421 0 0 0 0 0.257069896193772 0.547137716262976 0 0.236575317185698 0.611353633217993
#NONE#
