65
0
True False
0.047160236703019 0 0 0.0612794162486972 0.00610511197542964 0 0.0623129293736164 0.000105865852342528 0.0084895336933884 0.048274570464203 0.195081813977425 0 0 0.0130013171315421 0.438036458775555 0.0150369007261794 0.0160953223786249 0 0.00882575925754052 0.00374157092011229 0.0632803379989536 0 1.76453980801807E-05 0 0.0131552091252902 0.579899159663866 0.572952380952381 0.348582633053221 0.631899159663866 0.645843137254902 0.670190476190476 0.656151260504202 0.644481792717087 0.279585434173669 0.683192239858906 0.494402597790899 0.388397569999195 0.495882795985555 0.715992508280661 0 0 0 0 0.645843137254902 0.670190476190476 0 0.644481792717087 0.170296918767507 0.579899159663866 0.572952380952381 0.348582633053221 0.631899159663866 0 0 0.656151260504202 0 0.109288515406162 0.0803571428571429 0.0660670194003527 0.837213403880071 0.508928571428571 0.297354497354497 0.276785714285714 0 0 0 0 0.714913165266106 0.729428571428571 0 0.617361344537815 0.203546218487395 0 0 0 0 0.621697478991597 0.625703081232493 0 0.630470588235294 0.311081232492997
#NONE#
(Leaf356.txt) (listLeaf356ED.txt) (#NONE#)
(Neighbor1Leaf356.txt) (Neighbor2Leaf356.txt) (Neighbor3Leaf356.txt) (Neighbor4Leaf356.txt)
(#NONE#)
(#NONE#) (Node25.txt)
0.0459763905456425 0 0.000135923649744172 0.0721251726633142 0.0101035609680866 0 0.0195547992244413 0.00802424286801055 0.00163654208513088 0.0362643657244549 0.192337645213919 0.000212909541959338 3.88353284983349E-06 0.0459986150219401 0.414488721901163 0.00185686415613512 0.00806511564265428 0.00255818753737574 0.0310865333198159 0.00886280539431756 0.0705055324666979 0.000296304742884525 5.70222974582082E-06 0.00254914137462404 0.0273510401950924 0.59246395173454 0.601325490196079 0.391083559577677 0.663163197586727 0.656183408748115 0.584374057315234 0.662708898944193 0.670530316742082 0.277263348416289 0.745707502374169 0.48860654569657 0.439832414761799 0.508753975655495 0.604129924000054 0 0 0 0 0.656183408748115 0.570468174962293 0 0.670530316742082 0.198859728506787 0.59246395173454 0.601325490196079 0.391083559577677 0.663163197586727 0 0.0139058823529412 0.662708898944193 0 0.0784036199095022 0.0480769230769231 0.0726039886039886 0.864831908831909 0.521153846153846 0.329109211775878 0.25 0 0 0 0 0.677063046757165 0.689092006033182 0 0.702542383107089 0.121720060331825 0 0 0 0 0.635668778280543 0.548065761689291 0 0.648008446455505 0.30505520361991
#NONE#
