87
0
True False
0.0272893247147122 0 0 0.0308401387961704 0.000116266395378411 0 0.000683225100589093 0.00266147560611439 0 0.0248802235889403 0.131660694150838 2.18134225259944E-05 0 0.0207012395054219 0.690021919871676 0.00311064179025174 0.00413649318017249 0.00468953826900705 0.0108100021505259 0.00322709627832557 0.0302248689346314 0.00144691390204664 0 0.000254483638778314 0.0132236407038936 0.471374855824683 0.579566320645905 0.613035755478662 0.552885813148789 0.228110726643599 0.659963091118801 0.560848904267589 0.657439446366782 0.685121107266436 0.843449527959332 0.493187435575177 0.490186662228893 0.502736723113994 0.518723976921009 0 0 0 0 0.202143021914648 0.610675893886967 0 0.657439446366782 0.685121107266436 0.471374855824683 0.579566320645905 0.613035755478662 0.552885813148789 0.0259677047289504 0.0492871972318339 0.560848904267589 0 0 0.0441176470588235 0.071757443718228 0.626521423384169 0.426470588235294 0.196899055918664 0.139705882352941 0 0 0 0 0.01319723183391 0.930761245674741 0 0.651840830449827 0.686486735870819 0 0 0 0 0.328574394463668 0.584597462514417 0 0.641757785467128 0.669324106113033
#NONE#
(Leaf88.txt) (listLeaf88ED.txt) (#NONE#)
(Neighbor1Leaf88.txt) (Neighbor2Leaf88.txt) (Neighbor3Leaf88.txt) (Neighbor4Leaf88.txt)
(#NONE#)
(#NONE#) (Node21.txt)
0.0517147018116034 0 0.000232995006481954 0.0876036933388216 0.00890410461215643 0 0.0149771963829662 0.00520251468010231 0.0191026257360674 0.035904008776312 0.222022232675851 4.26239290737821E-06 0.000165066232345113 0.0500445728294877 0.335420611861783 0.00623647326912836 0.00537969098238859 0.015032071011645 0.0307011292573442 0.00304698281905294 0.0722244232387702 0.000883366806375394 1.98718675691132E-05 0.00223059112715409 0.0329468132836866 0.359281947261663 0.522730223123732 0.576048681541582 0.465115618661257 0.243591165201713 0.637173766058147 0.455431147171512 0.650815415821501 0.677294568402073 0.731612033489428 0.502886567097747 0.501167981902663 0.478418422565004 0.475438935588349 0 0 0 0 0.148537299977462 0.596963263466306 0 0.647731800766284 0.677294568402073 0.359281947261663 0.522730223123732 0.576048681541582 0.465115618661257 0.0950538652242506 0.0402105025918413 0.455431147171512 0.00308361505521749 0 0.0502873563218391 0.0804626082020718 0.841881651766709 0.522270114942529 0.326855399460763 0.258620689655172 0 0 0 0 0.0872030651340996 0.78001938246563 0 0.715855758395312 0.755390128465179 0 0 0 0 0.276174892945684 0.593869281045752 0 0.621879197656074 0.640404778003155
#NONE#
