51
0
True False
0.137836946559188 0 0 0.182318372038714 0.0127162629757785 0 0.0127539961787463 0.0291357737009736 0 0.0574710972697094 0.253256722597633 0 0 0.0734718810243783 0.122029298786637 0.0121089684609668 0.0053486445661709 0.0240728347173605 0.00944210347453587 0.0080762740261201 0.04498562105238 0 0.000296296296296296 0.00108720317807764 0.0135917030963344 0.257776470588235 0.399443137254902 0.441466666666667 0.311090196078431 0.605933333333333 0.545541176470588 0.339674509803922 0.355552941176471 0.147176470588235 0.519148148148148 0.480520374271174 0.496830917519978 0.511885701925109 0.485263998582226 0 0 0 0 0.605933333333333 0.502713725490196 0 0.282294117647059 0.0672666666666666 0.257776470588235 0.399443137254902 0.441466666666667 0.311090196078431 0 0.0428274509803922 0.339674509803922 0.0732588235294117 0.0799098039215685 0.09375 0.0968641975308641 0.927975308641975 0.54375 0.359395061728395 0.3 0 0 0 0 0.797133333333333 0.841733333333333 0 0.422235294117647 0.102349019607843 0 0 0 0 0.560078431372549 0.448392156862745 0 0.332109803921569 0.155576470588235
#NONE#
(Leaf324.txt) (listLeaf324ED.txt) (#NONE#)
(Neighbor1Leaf324.txt) (Neighbor2Leaf324.txt) (Neighbor3Leaf324.txt) (Neighbor4Leaf324.txt)
(#NONE#)
(#NONE#) (Node8.txt)
0.153081545040779 0.00847310368795147 0 0.192099472946234 0.0104053344669286 0 0.031027852004623 0.0187454436111244 8.08088532897209E-05 0.0878931581364699 0.198822346759276 2.44212767931933E-06 8.9644161136591E-05 0.0733734519376937 0.0991040567053055 0.00682961124389788 0.00473507669499429 0.0112806527164397 0.021185825510488 0.00506889745514834 0.05393140929582 0.000352106065435271 0.00011888012979374 0.00227597401713152 0.0210229064323602 0.2819969242599 0.351324875048059 0.337832372164552 0.374508266051519 0.690637447135717 0.605488658208382 0.310866589773164 0.347948481353326 0.147748558246828 0.461926894214476 0.453381362832718 0.474500524719659 0.526972279734124 0.522417551896124 0 0 0 0 0.690637447135717 0.590873510188389 0 0.213508650519031 0.0275101883890811 0.2819969242599 0.351324875048059 0.337832372164552 0.374508266051519 0 0.0146151480199923 0.310866589773164 0.134439830834294 0.120238369857747 0.0992647058823529 0.0835076252723311 0.906564996368918 0.547794117647059 0.362369886226096 0.306372549019608 0 0 0 0 0.87278431372549 0.838442137639369 0 0.4859661668589 0.106882737408689 0 0 0 0 0.634286043829296 0.540579777008843 0 0.318708189158016 0.156636678200692
#NONE#
