17
0
True False
0.0274552784561729 0 0 0.0922505805828058 0.000401619808159639 0 0.00756866640242538 0.0264978687076263 0 0.0610167567737983 0.533004710355011 3.08832612723902E-05 0 0.13554377926361 0.0928488681719568 0 0.000401440459149337 0.000864719874557059 0.00185388121788528 0 0.0181289481486997 0 0 0 0.0021319985168706 0.348676470588235 0.431843137254902 0.442421568627451 0.455450980392157 0.531127450980392 0.490352941176471 0.450549019607843 0.501137254901961 0.149617647058824 0.815895061728395 0.494220930770909 0.469049399761904 0.5019213938251 0.600559281780715 0 0 0 0 0.422833333333334 0.490352941176471 0 0.501137254901961 0.136696078431373 0.348676470588235 0.431843137254902 0.442421568627451 0.455450980392157 0.108294117647059 0 0.450549019607843 0 0.012921568627451 0.0625 0.0798148148148149 0.67141975308642 0.421875 0.24537037037037 0.25 0 0 0 0 0.743039215686275 0.817460784313725 0 0.503362745098039 0 0 0 0 0 0.474578431372549 0.415588235294118 0 0.488509803921569 0.209901960784314
#NONE#
(Leaf320.txt) (listLeaf320ED.txt) (#NONE#)
(Neighbor1Leaf320.txt) (Neighbor2Leaf320.txt) (Neighbor3Leaf320.txt) (Neighbor4Leaf320.txt)
(#NONE#)
(#NONE#) (Node38.txt)
0.0303282513416753 0 0 0.0956256193117063 0.00459729711704642 0 0.0277880137412459 0.0214560446311831 0 0.0364340334721148 0.552401574040706 7.99834554865339E-05 0 0.0553652234772485 0.131653885168005 0.000210602759622368 0.0021371854630973 0.00417974379019875 0.00819623614251725 0 0.0212028903296873 1.45404843435335E-05 0 0 0.00832887527411573 0.351497116493656 0.461847750865052 0.504283737024221 0.445769319492503 0.559681660899654 0.529446366782007 0.418283737024221 0.447409457900807 0.309155709342561 0.772498184458969 0.482111975276768 0.483677481265986 0.524025048397871 0.537364750904335 0 0 0 0 0.534200692041523 0.505151095732411 0 0.373896193771626 0.26557785467128 0.351497116493656 0.461847750865052 0.504283737024221 0.445769319492503 0.0254809688581315 0.0242952710495963 0.418283737024221 0.0735132641291811 0.0435778546712803 0.0808823529411765 0.0815395787944808 0.850973129992738 0.511029411764706 0.347806826434277 0.272058823529412 0 0 0 0 0.745017301038062 0.871005767012688 0 0.637815455594002 0.126205305651672 0 0 0 0 0.510495963091119 0.459974625144175 0 0.41277508650519 0.343395617070358
#NONE#
