28
0
True False
0.0222469684567063 0 0 0.0939519282215912 0.00116053041146674 0 0.0104943759250875 0.000864231066478256 0 0.170865968821025 0.264823317617325 0 0 0.14145792423695 0.115510264184422 0.00471605548010042 0.0321248805293749 4.93827160493828E-05 0.0051359213681311 0.00879016004109636 0.12252401226184 0 0 0.000123456790123457 0.00516062187223236 0.345403921568627 0.436690196078431 0.285937254901961 0.39563137254902 0.370454901960784 0.591403921568627 0.494094117647059 0.267247058823529 0.346250980392157 0.814888888888889 0.489011201360764 0.482204527158287 0.477916306481591 0.556627788397686 0 0 0 0 0.370454901960784 0.591403921568627 0 0.210729411764706 0.346250980392157 0.345403921568627 0.436690196078431 0.285937254901961 0.39563137254902 0 0 0.494094117647059 0.0565176470588236 0 0.075 0.0860000000000001 0.955555555555556 0.5625 0.479555555555556 0.325 0 0 0 0 0 0.770509803921569 0 0.0236705882352941 0.0964941176470588 0 0 0 0 0.419874509803922 0.520658823529412 0 0.30563137254902 0.369388235294118
#NONE#
(Leaf256.txt) (listLeaf256ED.txt) (#NONE#)
(Neighbor1Leaf256.txt) (Neighbor2Leaf256.txt) (Neighbor3Leaf256.txt) (Neighbor4Leaf256.txt)
(#NONE#)
(#NONE#) (Node38.txt)
0.0516989708780994 0.000260688216892596 0 0.143133027002793 0.0060944512560721 0 0.0271120028513174 0.0340659353564463 0.000954529122058845 0.0874567919762121 0.237551569735511 0.000578523095877827 0.000763352042077025 0.131737422206476 0.148462204221358 0.0116142873501951 0.0222920774051219 0.00664122870866262 0.0122735033795024 0.00775464031643704 0.056256680581597 8.83688870822361E-06 0.000216503773351479 0.000370726851015168 0.0127020467842169 0.281298319327731 0.443382352941176 0.349156862745098 0.49709943977591 0.366973389355742 0.554389355742297 0.429595238095238 0.270697478991597 0.402668067226891 0.676953262786596 0.483002390839615 0.484793973483673 0.508991758906643 0.512579088277412 0 0 0 0 0.357897759103641 0.554389355742297 0 0.159901960784314 0.383396358543418 0.281298319327731 0.443382352941176 0.349156862745098 0.49709943977591 0.00907563025210086 0 0.429595238095238 0.110795518207283 0.0192717086834734 0.0848214285714286 0.0991975308641976 0.949563492063492 0.560267857142857 0.436521164021164 0.354910714285714 0 0 0 0 0.148859943977591 0.730375350140056 0 0.0902394957983193 0.240824929971989 0 0 0 0 0.400775910364145 0.507459383753501 0 0.289593837535014 0.4123081232493
#NONE#
