44
0
True False
0.145738950843598 0 0 0.186352158626715 0.000525477620664948 0 0.00290529561754538 0.00645352458923679 0.000772940885481079 0.122443003800001 0.0868623526184384 0 0 0.113722243785774 0.124406243021386 0.00140544264003545 0.0058214838373551 0.0188651413218566 0.0735434319833183 0.00220909097724981 0.101824505933393 1.54320987654321E-05 0 0.000725308641975309 0.00540797115720996 0.666269607843137 0.387156862745098 0.452745098039216 0.595549019607843 0.218622549019608 0.163004901960784 0.733308823529412 0.240441176470588 0.489421568627451 0.465570987654321 0.519144347776662 0.455727489001134 0.476041154444274 0.530935528978386 0 0 0 0 0.128588235294118 0.098921568627451 0 0.153926470588235 0.345357843137255 0.666269607843137 0.387156862745098 0.452745098039216 0.595549019607843 0.0900343137254902 0.0640833333333333 0.733308823529412 0.086514705882353 0.144063725490196 0.0703125 0.115524691358025 0.925216049382716 0.5546875 0.410555555555555 0.359375 0 0 0 0 0.073357843137255 0.0957107843137255 0 0.130666666666667 0.953303921568627 0 0 0 0 0.259323529411765 0.164348039215686 0 0.257710784313725 0.400710784313725
#NONE#
(Leaf402.txt) (listLeaf402ED.txt) (#NONE#)
(Neighbor1Leaf402.txt) (Neighbor2Leaf402.txt) (Neighbor3Leaf402.txt) (Neighbor4Leaf402.txt)
(#NONE#)
(#NONE#) (Node11.txt)
0.153995767421337 0 0 0.180883134442878 0.00179305620228836 0 0.00522144285718223 0.020427847930907 0.000249097302929429 0.0986643597092623 0.122976298358064 3.37284167279282E-05 3.43961751453239E-05 0.0816142970738049 0.135890140897012 0.00913786261787583 0.00735305955915949 0.00962949872050699 0.0505792275135553 0.00626943507942538 0.0670555035001649 2.80583613916948E-06 3.37967113118096E-05 0.00047171620680559 0.0476835274675166 0.711036541889483 0.409442067736185 0.37604367201426 0.734410873440285 0.226112299465241 0.21517825311943 0.712630124777184 0.250953654188948 0.487040998217469 0.475002805836139 0.493998170813657 0.420088992248874 0.491808977589448 0.553001057078727 0 0 0 0 0.139001782531194 0.122663101604278 0 0.130694295900178 0.344404634581105 0.711036541889483 0.409442067736185 0.37604367201426 0.734410873440285 0.0871105169340464 0.0925151515151516 0.712630124777184 0.12025935828877 0.142636363636364 0.0909090909090909 0.0989421997755331 0.913829966329967 0.555397727272727 0.396840628507295 0.319602272727273 0 0 0 0 0.121742424242424 0.172844919786096 0 0.195629233511586 0.902701426024955 0 0 0 0 0.249657754010695 0.219420677361854 0 0.257381461675579 0.4074688057041
#NONE#
