58
0
True False
0.0303240419886043 0 0 0.0861514478327654 0 0 7.40786482419186E-05 0.000531414187172259 0 0.00754488442095921 0.17863094533853 0 0 0.00999575212262504 0.465666168372243 0 0 0 0.0824762106221526 0 0.0214966229996498 0 0 0 0.117108433467057 0.44298431372549 0.665396078431373 0.810305882352941 0.516443137254902 0.291105882352941 0.182003921568628 0.495517647058824 0.697043137254902 0.670439215686275 0.785716049382716 0.510885791007275 0.483122145895276 0.433691503297343 0.530428012746225 0 0 0 0 0.135082352941176 0.0350666666666667 0 0.697043137254902 0.628509803921569 0.44298431372549 0.665396078431373 0.810305882352941 0.516443137254902 0.156023529411765 0.146937254901961 0.495517647058824 0 0.0419294117647059 0.0625 0.0776172839506173 0.73362962962963 0.5125 0.186864197530864 0.2375 0 0 0 0 0.333513725490196 0.0902235294117647 0 0.696588235294118 0.827717647058823 0 0 0 0 0.273145098039215 0.194003921568627 0 0.681435294117647 0.637345098039216
#NONE#
(Leaf122.txt) (listLeaf122ED.txt) (#NONE#)
(Neighbor1Leaf122.txt) (Neighbor2Leaf122.txt) (Neighbor3Leaf122.txt) (Neighbor4Leaf122.txt)
(#NONE#)
(#NONE#) (Node21.txt)
0.0542589074613251 4.25713069391231E-06 0 0.0936591607703143 0.00329595272126682 0 0.00934833539040363 0.0140454111974761 0.00331237901419376 0.0291543294001471 0.194790244617524 0.000151322593748848 4.25976180064526E-06 0.03926062481304 0.427991421394076 0.00216112401665702 0.00234690970143054 0.00367677306269682 0.0349937220871252 0.00318533987004144 0.0470889233997754 2.55717263375363E-05 0.000204594859554153 0.000481723195272533 0.036558711815099 0.451189317106153 0.589252197430696 0.67304800540906 0.528870858688303 0.377368492224476 0.212946585530764 0.566740365111562 0.655657200811359 0.690389452332657 0.735038314176245 0.501822501324299 0.473068870713778 0.471112766218872 0.54173512649523 0 0 0 0 0.313533468559838 0.0646713995943205 0 0.649676132521974 0.683160243407708 0.451189317106153 0.589252197430696 0.67304800540906 0.528870858688303 0.0638350236646383 0.148275185936444 0.566740365111562 0.00598106828938472 0.00722920892494929 0.0646551724137931 0.087522349936143 0.810506598552575 0.511853448275862 0.297560664112388 0.254310344827586 0 0 0 0 0.287306964164976 0.168918864097363 0 0.748075050709939 0.779768086544963 0 0 0 0 0.38641108857336 0.222200811359026 0 0.616192021636241 0.652350912778904
#NONE#
