68
0
True False
0.414789128708347 0 0 0.0201662895406418 0 0 0.000651135155508343 0 0 0.00887532761181688 0.0231337540028587 0 0 0.00237700911723978 0.13652524095973 0.0209479017724423 0.00781154583194771 0.000277333058252672 0.0641725758566963 0.00122711237752667 0.0352680924209145 0 6.66670125413766E-06 0 0.263770886884823 0.00800412796697626 0.0103013415892673 0.00758720330237358 0.0181001031991744 0.826732714138287 0.762069143446853 0.0267151702786377 0.821196078431373 0.793952528379773 0.553300844704354 0.502943669040312 0.496602368956462 0.483486233366072 0.482750099571012 0 0 0 0 0.826732714138287 0.760108359133127 0 0.821196078431373 0.793952528379773 0.00800412796697626 0.0103013415892673 0.00758720330237358 0.0181001031991744 0 0.00196078431372549 0.0267151702786377 0 0 0.0740131578947368 0.0562735542560104 0.568664717348928 0.419407894736842 0.218866146848603 0.228618421052632 0 0 0 0 0.883025799793602 0.816824561403509 0 0.885284829721362 0.79719298245614 0 0 0 0 0.786005159958721 0.737752321981424 0 0.774265221878225 0.765743034055727
#NONE#
(Leaf159.txt) (listLeaf159ED.txt) (#NONE#)
(Neighbor1Leaf159.txt) (Neighbor2Leaf159.txt) (Neighbor3Leaf159.txt) (Neighbor4Leaf159.txt)
(#NONE#)
(#NONE#) (Node8.txt)
0.404726056585553 0 0.000846474187127716 0.047772005131653 0.0240873226441097 0 0.00817378270457246 0.000538437948661305 0.00564809086277152 0.0183113335773173 0.0515511133304137 5.7355235385886E-06 0 0.0177864958740286 0.132737041524434 0.016071900644944 0.00582553181996253 0.0128080180939758 0.0469194113331306 0.00158606395328853 0.0449788188971457 0.000239663756139972 3.72550952437104E-06 0.00299891080072421 0.156384065296983 0.0418137254901961 0.0377450980392157 0.0320726643598616 0.0355409457900807 0.762298731257209 0.736517301038062 0.0463321799307958 0.76957785467128 0.734948673587082 0.48788489469862 0.502001880688941 0.501620887937979 0.484072022759439 0.482290687736087 0 0 0 0 0.762298731257209 0.735421568627451 0 0.76957785467128 0.734948673587082 0.0418137254901961 0.0377450980392157 0.0320726643598616 0.0355409457900807 0 0.0010957324106113 0.0463321799307958 0 0 0.0689338235294118 0.0549727668845316 0.668718228031953 0.475183823529412 0.262242193173566 0.260110294117647 0 0 0 0 0.842963667820069 0.797309111880046 0 0.856912341407151 0.788259515570934 0 0 0 0 0.721790080738178 0.710919261822376 0 0.727735870818916 0.704536908881199
#NONE#
