28
0
True False
0.0790022067255101 0 0 0.0748597722451698 0 0 3.08641975308643E-05 0.00179206439017614 0 0.0976468664979162 0.119508092410916 6.17283950617285E-05 0 0.303095037776938 0.141169687732437 0 0.000956973067576509 0.0120855053899362 0.0310088168693285 0.0143849900967284 0.0979959320332201 0 0 0.0136444327153062 0.0127570294562476 0.258892156862745 0.770509803921569 0.527176470588235 0.396049019607843 0.698549019607843 0.55921568627451 0.387666666666666 0.443411764705882 0.520598039215686 0.659475308641975 0.479937992342074 0.509803471232716 0.544381837164207 0.471854995224355 0 0 0 0 0.698549019607843 0.55921568627451 0 0.443411764705882 0.520598039215686 0.258892156862745 0.770509803921569 0.527176470588235 0.396049019607843 0 0 0.387666666666666 0 0 0.15625 0.106450617283951 0.948950617283951 0.5625 0.419074074074074 0.421875 0 0 0 0 0.618421568627451 0.585941176470588 0 0.36521568627451 0.557 0 0 0 0 0.668205882352941 0.531274509803922 0 0.434764705882353 0.501980392156863
#NONE#
(Leaf288.txt) (listLeaf288ED.txt) (#NONE#)
(Neighbor1Leaf288.txt) (Neighbor2Leaf288.txt) (Neighbor3Leaf288.txt) (Neighbor4Leaf288.txt)
(#NONE#)
(#NONE#) (Node38.txt)
0.0468197123359768 0 0 0.0733001964587127 0.0095860156027221 0 0.0152896451699594 0.00518928187990583 0.000930539820183354 0.063229016591545 0.191217421570783 0.000141240610280284 0.000264615601735878 0.116322425190712 0.262358739317758 0.00169333356922566 0.0224132100813496 0.00959391625285655 0.05358556392527 0.0136216900180283 0.0693182354197171 0.00223564858385657 4.41026002893132E-06 0.00277852507162023 0.040106616667772 0.275735294117647 0.66962324929972 0.642977591036415 0.427071428571429 0.661182072829132 0.679696078431373 0.39413025210084 0.481137254901961 0.431291316526611 0.740590828924162 0.487752349217299 0.517679862000621 0.515677453178774 0.453030314623646 0 0 0 0 0.661182072829132 0.679696078431373 0 0.462523809523809 0.415114845938375 0.275735294117647 0.66962324929972 0.642977591036415 0.427071428571429 0 0 0.39413025210084 0.0186134453781513 0.0161764705882353 0.078125 0.0853395061728395 0.917425044091711 0.546875 0.395837742504409 0.308035714285714 0 0 0 0 0.769236694677871 0.832949579831933 0 0.315595238095238 0.299801120448179 0 0 0 0 0.619483193277311 0.622563025210084 0 0.485187675070028 0.442131652661064
#NONE#
