75
0
True False
0.0979714545990315 0 0 0.302437305335109 0.00320698222459549 0 0.00750536836043843 0.0360239824910617 0.00897085208388481 0.0290223479795732 0.184022854354176 5.87962064687586E-06 0 0.057690950538018 0.164670656701883 0.00032494387333097 0.000565337804018222 0.0019345487977335 0.0364935991019212 6.49887746661938E-05 0.0170568553094976 0 0 0 0.0520310920504142 0.658438842203548 0.420974789915966 0.227303454715219 0.677639589169001 0.267352007469654 0.210763772175537 0.688084033613445 0.278082166199813 0.250515406162465 0.472057613168724 0.470901306911151 0.37466669070928 0.508428976395771 0.575993557391879 0 0 0 0 0.16468720821662 0.0434696545284781 0 0.107185807656396 0.135861811391223 0.658438842203548 0.420974789915966 0.227303454715219 0.677639589169001 0.102664799253034 0.167294117647059 0.688084033613445 0.170896358543417 0.114653594771242 0.0773809523809524 0.0859670781893004 0.911804820693709 0.550595238095238 0.376513815402704 0.318452380952381 0 0 0 0 0.12911858076564 0.201503267973856 0 0.203389355742297 0.283142857142857 0 0 0 0 0.28813258636788 0.208909430438842 0 0.283602240896359 0.245137254901961
#NONE#
(Leaf220.txt) (listLeaf220ED.txt) (#NONE#)
(Neighbor1Leaf220.txt) (Neighbor2Leaf220.txt) (Neighbor3Leaf220.txt) (Neighbor4Leaf220.txt)
(#NONE#)
(#NONE#) (Node32.txt)
0.114349433320322 0 0 0.271589679808976 0.012580774699797 0 0.0336029940137112 0.0216719334972646 0.00666601198403789 0.0503528781548616 0.167231287603632 0.000606410016970871 0.000388575226257856 0.0494657150284484 0.142864473412789 0.0152459379620647 0.00670616692914242 0.00457380067371204 0.0344596823435881 0.00229712293493673 0.0287427335693697 2.56107159686987E-05 4.14453564608799E-05 5.46783675045115E-05 0.0364826543801836 0.590029803921569 0.387956078431372 0.219917385620915 0.660209150326797 0.252624836601307 0.215500130718954 0.667741176470588 0.26933908496732 0.253463529411765 0.417389300411523 0.490665726036219 0.372234913317697 0.495180970402992 0.564752328479249 0 0 0 0 0.102849150326797 0.0285312418300654 0 0.0900156862745098 0.0695749019607843 0.590029803921569 0.387956078431372 0.219917385620915 0.660209150326797 0.14977568627451 0.186968888888889 0.667741176470588 0.17932339869281 0.18388862745098 0.0675 0.0834798353909465 0.916981069958847 0.545833333333333 0.366655144032922 0.3 0 0 0 0 0.183380392156863 0.23058614379085 0 0.19315660130719 0.342670849673203 0 0 0 0 0.263174379084967 0.211058823529412 0 0.27588339869281 0.234472156862745
#NONE#
