90
0
True False
0.209685795964158 0 0 0.221221040716146 0.0109569652359202 0 0.0177149490876935 0.0212564179645548 0 0.0700731473409831 0.178820504934905 0 0 0.0969297128803533 0.0841339931985369 0.00532670900890678 0.00273648780701645 0.0043650829986591 0.00780734108463549 0.011171131779492 0.0486314336493497 0 1.78170544845526E-05 0.000495086923658352 0.00865638237054737 0.192607843137255 0.265529411764706 0.400168067226891 0.237294117647059 0.291935574229692 0.159176470588235 0.172817927170868 0.368170868347339 0.573823529411765 0.412477954144621 0.473134170031447 0.517523493342936 0.511403864680215 0.471919739120727 0 0 0 0 0.175801120448179 0.102574229691877 0 0.26312324929972 0.573823529411765 0.192607843137255 0.265529411764706 0.400168067226891 0.237294117647059 0.116134453781513 0.0566022408963585 0.172817927170868 0.105047619047619 0 0.0982142857142857 0.0929188712522046 0.927354497354497 0.5625 0.376675485008818 0.308035714285714 0 0 0 0 0.383467787114846 0.0573445378151261 0 0.577210084033614 0.810364145658263 0 0 0 0 0.275932773109244 0.188997198879552 0 0.320812324929972 0.517075630252101
#NONE#
(Leaf260.txt) (listLeaf260ED.txt) (#NONE#)
(Neighbor1Leaf260.txt) (Neighbor2Leaf260.txt) (Neighbor3Leaf260.txt) (Neighbor4Leaf260.txt)
(#NONE#)
(#NONE#) (Node33.txt)
0.222188790348456 0 0 0.237954602387849 0.03601592303631 0 0.0273549978974441 0.0239639918224418 1.52575540918753E-05 0.0808905766445548 0.128644426819905 0.000235179779871435 3.27067756695739E-05 0.0595597644689648 0.0727852045823262 0.00910412752866234 0.00610660746181326 0.00668432146076962 0.0119626409976162 0.00791066567904065 0.0496955183331538 0.000583541973282588 0.000318431690953012 0.00334522809541822 0.0146474946614055 0.14720697167756 0.19417037037037 0.248879302832244 0.192334204793028 0.247120261437909 0.224113725490196 0.164405664488017 0.440558169934641 0.684539869281046 0.345637860082305 0.531310521912387 0.542116637610768 0.474958878961099 0.465762104926737 0 0 0 0 0.0843856209150327 0.121023965141612 0 0.348049673202614 0.6736 0.14720697167756 0.19417037037037 0.248879302832244 0.192334204793028 0.162734640522876 0.103089760348584 0.164405664488017 0.0925084967320261 0.0109398692810458 0.0805555555555556 0.0735582990397806 0.891766803840878 0.547916666666667 0.358337448559671 0.288194444444444 0 0 0 0 0.288491067538126 0.135894989106754 0 0.610867973856209 0.874825272331155 0 0 0 0 0.23901568627451 0.241738997821351 0 0.399623529411765 0.618893246187364
#NONE#
