66
0
True False
0.183631491412378 0 0 0.228783032810694 0 0 0.000171246497014273 0.0289270074387976 0 0.180205315459338 0.0448357826710344 0 0.000995400901279622 0.0374709340819643 0.0149212691307141 0.14876705761899 0.0397433080802059 0.00027815370405261 0.00277806074706427 0.0465596049741873 0.0333061384139837 0 0.00549157002647916 4.62962962962963E-05 0.0030883297355261 0.16525 0.214495098039216 0.26346568627451 0.139328431372549 0.293696078431373 0.170950980392157 0.25025 0.208926470588235 0.455803921568627 0.334969135802469 0.50739953641553 0.461634682634816 0.479711377225237 0.513361276809335 0 0 0 0 0.181333333333333 0.0804901960784314 0 0.126122549019608 0.455803921568627 0.16525 0.214495098039216 0.26346568627451 0.139328431372549 0.112362745098039 0.0904607843137255 0.25025 0.0828039215686276 0 0.0703125 0.0852932098765432 0.93216049382716 0.5546875 0.396219135802469 0.3125 0 0 0 0 0.176450980392157 0.115735294117647 0 0.0833088235294117 0.550137254901961 0 0 0 0 0.29306862745098 0.169485294117647 0 0.22846568627451 0.432558823529412
#NONE#
(Leaf374.txt) (listLeaf374ED.txt) (#NONE#)
(Neighbor1Leaf374.txt) (Neighbor2Leaf374.txt) (Neighbor3Leaf374.txt) (Neighbor4Leaf374.txt)
(#NONE#)
(#NONE#) (Node15.txt)
0.202924965100412 0 5.74283581232412E-06 0.219787401773431 0.0223967843481768 0 0.0235242701481809 0.0190042238973982 0.000773368556059648 0.160587959266366 0.0996031213015021 5.33015835017276E-05 0.000145161477350381 0.0753516994829064 0.0476841309941511 0.0366445489021959 0.0104562036914086 0.0036621842095746 0.00597039783717248 0.0195835108368957 0.0404316109091928 0.000560283332939507 0.000866714008976823 0.00426694457062453 0.00571547093577141 0.163155080213904 0.189021984551396 0.189247771836007 0.181273321449792 0.270178847296495 0.174698752228164 0.209667855020796 0.23492394533571 0.448661319073084 0.336223344556678 0.537380705831587 0.531210126506749 0.471118319452411 0.470574723700375 0 0 0 0 0.130115270350565 0.0463588829471182 0 0.140745098039216 0.448661319073084 0.163155080213904 0.189021984551396 0.189247771836007 0.181273321449792 0.14006357694593 0.128339869281046 0.209667855020796 0.0941788472964944 0 0.09375 0.0780602319491209 0.908552188552189 0.555871212121212 0.370381593714927 0.295454545454545 0 0 0 0 0.217906120023767 0.109255496137849 0 0.153199643493761 0.393663695781343 0 0 0 0 0.270395127748069 0.183039215686275 0 0.246309566250743 0.442118835412953
#NONE#
