72
0
True False
0.103191147697868 0 0 0.173331735507815 0.00366766467065868 0 0.013518539983767 0.00596633139789837 0 0.0282501355029351 0.1202582775638 0 0 0.0288121638148049 0.164833714633258 0 0.000494265162705761 0 0.0731298490859105 0 0.099711704892187 0 0 0 0.184834470086391 0.801937254901961 0.751788235294118 0.282058823529412 0.831611764705882 0.578 0.186733333333333 0.76298431372549 0.583674509803922 0.202490196078431 0.59141975308642 0.504438579850822 0.396619067907617 0.478972484360529 0.619671300028826 0 0 0 0 0.560737254901961 0.0871254901960784 0 0.550607843137255 0.0677725490196078 0.801937254901961 0.751788235294118 0.282058823529412 0.831611764705882 0.0172627450980392 0.0996078431372549 0.76298431372549 0.0330666666666667 0.134717647058824 0.09375 0.0927654320987656 0.848938271604938 0.54375 0.333320987654321 0.24375 0 0 0 0 0.628050980392157 0.145407843137255 0 0.557564705882353 0.119964705882353 0 0 0 0 0.554901960784314 0.184862745098039 0 0.555050980392157 0.229117647058824
#NONE#
(Leaf304.txt) (listLeaf304ED.txt) (#NONE#)
(Neighbor1Leaf304.txt) (Neighbor2Leaf304.txt) (Neighbor3Leaf304.txt) (Neighbor4Leaf304.txt)
(#NONE#)
(#NONE#) (Node25.txt)
0.0999521382617345 0 5.16315572077654E-06 0.127913373097458 0.00625918298740092 0 0.0149006496126813 0.0158131204262701 0.00164432760789075 0.0472867718387542 0.161408999888431 0.000315726521314943 0.00251861121474067 0.0462046762034194 0.201365697736233 0.00340862510019679 0.00995433275435781 0.00802176546815951 0.0617381177017538 0.00109053663096677 0.0924543534779927 0.00277444232607995 0.00386588145152675 0.00174069667133105 0.0893628098655855 0.723775054466231 0.626914488017429 0.344993464052288 0.738179193899782 0.704889433551198 0.245472222222222 0.703350762527233 0.551983660130719 0.195474945533769 0.625715020576132 0.485250824235267 0.417477489054997 0.507035228391512 0.604965003426207 0 0 0 0 0.702491830065359 0.130711873638344 0 0.508662309368191 0.0758518518518519 0.723775054466231 0.626914488017429 0.344993464052288 0.738179193899782 0.00239760348583878 0.114760348583878 0.703350762527233 0.0433213507625272 0.119623093681917 0.0659722222222222 0.0853600823045267 0.887673182441701 0.540798611111111 0.356829561042524 0.276909722222222 0 0 0 0 0.801923747276688 0.155202069716776 0 0.636062091503268 0.120871459694989 0 0 0 0 0.657210784313725 0.257367102396514 0 0.521002723311547 0.20910348583878
#NONE#
