2
0
True False
0.0509392138835143 0 0 0.171489257566817 0 0 0.000926177505157373 0 0 0.116008512526359 0.028215845832247 0 0 0.143357027522768 0.0992684990783052 0.00413733481536372 0.00697780156345056 0.000432144507110544 0.0500785842035687 0.0100037050759541 0.225106738206652 0 0.000308756329504755 0.000123502531801902 0.0926268988514265 0.619254901960784 0.125431372549019 0.779058823529412 0.0802549019607843 0.46178431372549 0.738627450980392 0.236196078431373 0.542862745098039 0.603901960784313 0.614197530864197 0.482350075588574 0.554326701889801 0.51872780906181 0.408993465087615 0 0 0 0 0.46178431372549 0.738627450980392 0 0.542862745098039 0.603901960784313 0.619254901960784 0.125431372549019 0.779058823529412 0.0802549019607843 0 0 0.236196078431373 0 0 0.0625 0.0882716049382716 0.883703703703703 0.53125 0.318518518518519 0.21875 0 0 0 0 0.538372549019608 0.851490196078432 0 0.468176470588236 0.645098039215686 0 0 0 0 0.440960784313725 0.716450980392156 0 0.533294117647059 0.584294117647059
#NONE#
(Leaf426.txt) (listLeaf426ED.txt) (#NONE#)
(Neighbor1Leaf426.txt) (Neighbor2Leaf426.txt) (Neighbor3Leaf426.txt) (Neighbor4Leaf426.txt)
(#NONE#)
(#NONE#) (Node37.txt)
0.0509392138835143 0 0 0.171489257566817 0 0 0.000926177505157373 0 0 0.116008512526359 0.028215845832247 0 0 0.143357027522768 0.0992684990783052 0.00413733481536372 0.00697780156345056 0.000432144507110544 0.0500785842035687 0.0100037050759541 0.225106738206652 0 0.000308756329504755 0.000123502531801902 0.0926268988514265 0.619254901960784 0.125431372549019 0.779058823529412 0.0802549019607843 0.46178431372549 0.738627450980392 0.236196078431373 0.542862745098039 0.603901960784313 0.614197530864197 0.482350075588574 0.554326701889801 0.51872780906181 0.408993465087615 0 0 0 0 0.46178431372549 0.738627450980392 0 0.542862745098039 0.603901960784313 0.619254901960784 0.125431372549019 0.779058823529412 0.0802549019607843 0 0 0.236196078431373 0 0 0.0625 0.0882716049382716 0.883703703703703 0.53125 0.318518518518519 0.21875 0 0 0 0 0.538372549019608 0.851490196078432 0 0.468176470588236 0.645098039215686 0 0 0 0 0.440960784313725 0.716450980392156 0 0.533294117647059 0.584294117647059
#NONE#
