99
0
True False
0.148973697619594 0.00285524638353018 0 0.296413563454819 0 0 0.000892984346882692 0.0214229259787894 0.000976875330881654 0.100428294152015 0.0723977909102668 0.000209235029356052 0.00249688397837202 0.0450304955393254 0.0250062663876389 0.024209598815477 0.053780810710542 0.0144630324557132 0.0205148831869147 0.0171160502139261 0.110405459368568 0.00589239256330993 0.0127255193759407 0.0127862914656877 0.0110017027324495 0.317460030165913 0.245288084464555 0.373432880844645 0.499945701357466 0.68347209653092 0.525966817496229 0.390588235294118 0.210690799396682 0.260681749622926 0.431766381766382 0.44786885172884 0.441543555786952 0.521851576566416 0.523177649018189 0 0 0 0 0.68347209653092 0.509463046757164 0 0.0777948717948718 0.161405731523379 0.317460030165913 0.245288084464555 0.373432880844645 0.499945701357466 0 0.0165037707390648 0.390588235294118 0.13289592760181 0.0992760180995476 0.100961538461538 0.0909686609686609 0.943865147198481 0.552884615384615 0.401329534662868 0.331730769230769 0 0 0 0 0.847822021116139 0.777954751131222 0 0.110322775263952 0.164220211161388 0 0 0 0 0.633788838612368 0.463785822021116 0 0.209140271493213 0.269125188536953
#NONE#
(Leaf200.txt) (listLeaf200ED.txt) (#NONE#)
(Neighbor1Leaf200.txt) (Neighbor2Leaf200.txt) (Neighbor3Leaf200.txt) (Neighbor4Leaf200.txt)
(#NONE#)
(#NONE#) (Node17.txt)
0.131588919000194 0.000374931343291841 1.88047684620558E-05 0.219416164983872 0.0117978383955414 0 0.0221019325774401 0.0319962745334096 0.00182453016924813 0.0999799666115274 0.151301341429255 0.00154379851521818 0.00399368381135187 0.0956053763625443 0.0915221641174498 0.0039653720406046 0.0167549794930316 0.00763845548239348 0.0210698392306115 0.00441629324262289 0.0652282096283962 0.000951763257956194 0.00167977650640603 0.00262575764513412 0.012603826854037 0.289565062388592 0.312662705486235 0.364480887304417 0.389091701326995 0.630239651416122 0.522857199445435 0.362266587443058 0.222020598138245 0.278482471776589 0.483082678638234 0.446590529096413 0.468575155311733 0.530040137228617 0.507674918083591 0 0 0 0 0.604665082194494 0.456777183600713 0 0.0715064369182016 0.132898395721925 0.289565062388592 0.312662705486235 0.364480887304417 0.389091701326995 0.025574569221628 0.0660800158447218 0.362266587443058 0.150514161220044 0.145584076054664 0.0871212121212121 0.0906721536351166 0.93387704202519 0.551136363636364 0.399978800349171 0.319444444444444 0 0 0 0 0.868348979996039 0.74577936224995 0 0.121878391760745 0.235469994058229 0 0 0 0 0.568718558130323 0.467801148742325 0 0.238439691027926 0.271900178253119
#NONE#
