80
0
True False
0.252720281429052 0 0 0.110889852768018 0.000180913613749435 0 0.00631865803096874 0.00326870836178924 0 0.133624132794753 0.0628734546758244 0 0 0.106125859314851 0.0599622938515071 0.000833701567749237 0.00421438095121397 0.00578210249812002 0.0271641198210152 0.0033764688681832 0.150559532649949 0.000482842256557672 0 0.00302261926370608 0.0686000772829938 0.0863351158645276 0.191368983957219 0.132128342245989 0.101536541889483 0.608520499108734 0.587147950089126 0.129960784313726 0.24678431372549 0.774331550802139 0.455297418630752 0.544059494156277 0.545317801172545 0.450495134441016 0.454144149086175 0 0 0 0 0.608520499108734 0.557893048128342 0 0.136071301247772 0.774331550802139 0.0863351158645276 0.191368983957219 0.132128342245989 0.101536541889483 0 0.0292549019607843 0.129960784313726 0.110713012477718 0 0.0738636363636364 0.0659259259259259 0.880022446689113 0.522727272727273 0.349506172839506 0.267045454545455 0 0 0 0 0.809921568627451 0.639782531194296 0 0.232688057040998 0.810335115864528 0 0 0 0 0.565860962566845 0.563372549019608 0 0.236449197860963 0.753550802139037
#NONE#
(Leaf422.txt) (listLeaf422ED.txt) (#NONE#)
(Neighbor1Leaf422.txt) (Neighbor2Leaf422.txt) (Neighbor3Leaf422.txt) (Neighbor4Leaf422.txt)
(#NONE#)
(#NONE#) (Node33.txt)
0.21954134750302 0 2.20249390078613E-05 0.149689474485661 0.0354768523711317 0 0.0351723423279183 0.0078517969919383 0.00299695089179733 0.0919343639011179 0.139394108056943 7.13842333954066E-05 0.00114455327868533 0.0726181406787292 0.0950336666004431 0.00479692696845457 0.00810176824056237 0.00818528319884415 0.02579535173479 0.00417087053129709 0.072917487876597 0.000267886312370139 0.000310973599783629 0.0011907684269251 0.023315676850587 0.148041666666667 0.179110294117647 0.178678921568627 0.197789705882353 0.578406862745098 0.688064705882353 0.17183137254902 0.268926960784314 0.622970588235294 0.434023148148148 0.49130564721875 0.541715302461112 0.490933726690234 0.457932652622796 0 0 0 0 0.541321078431372 0.677030392156863 0 0.16263431372549 0.591227941176471 0.148041666666667 0.179110294117647 0.178678921568627 0.197789705882353 0.0370857843137255 0.0110343137254902 0.17183137254902 0.106292647058824 0.0317426470588235 0.0734375 0.0688996913580247 0.880217592592593 0.5390625 0.354378086419753 0.2984375 0 0 0 0 0.752082352941177 0.848297058823529 0 0.224090196078431 0.781549509803922 0 0 0 0 0.529079901960784 0.633807352941176 0 0.273972058823529 0.581457352941177
#NONE#
