52
0
True False
0.0439953093731352 0 0 0.0994645779334025 0.0750133810286339 0 0.00964439106690694 0.000550517364965193 0.0149452622699083 0.0378660442754407 0.13872854501427 0 0.000417070042845275 0.00319255200452706 0.230538221100012 0.212448895552077 0.0139379626567953 0.00287377788279929 0.029311881524339 0.00120343954515978 0.0432827663787604 0.00127896596926055 0.000145792836430875 0.00203200718048668 0.0391286389998445 0.443370242214533 0.63161014994233 0.539414071510957 0.743305651672434 0.261305651672434 0.253552479815456 0.727856978085352 0.239693194925029 0.213617070357555 0.485911401597676 0.515772063872368 0.459924006555551 0.476289040495374 0.527523448604755 0 0 0 0 0.122673587081892 0.0705236447520185 0 0.0538592848904268 0.0591349480968858 0.443370242214533 0.63161014994233 0.539414071510957 0.743305651672434 0.138632064590542 0.183028835063437 0.727856978085352 0.185833910034602 0.154482122260669 0.0477941176470588 0.110682643427742 0.885257806826434 0.488970588235294 0.319469862018882 0.147058823529412 0 0 0 0 0.145836216839677 0.266978085351788 0 0.209114186851211 0.17917877739331 0 0 0 0 0.284459054209919 0.249333333333333 0 0.23557324106113 0.224625144175317
#NONE#
(Leaf290.txt) (listLeaf290ED.txt) (#NONE#)
(Neighbor1Leaf290.txt) (Neighbor2Leaf290.txt) (Neighbor3Leaf290.txt) (Neighbor4Leaf290.txt)
(#NONE#)
(#NONE#) (Node32.txt)
0.0938981291126267 0 0 0.155683229553234 0.0288800202693511 0 0.0196278672874449 0.00629460970361322 0.00685126314427379 0.0546198852964597 0.179823393723147 0.000401631240731587 0.000470235587145201 0.0313428697930586 0.188781625691062 0.0758391232232275 0.00841988416443108 0.00582161305222889 0.0288579654038051 0.00814535707471216 0.0577548651029669 0.0014586312934921 0.000104762207788955 0.00275688138049064 0.0441661566947088 0.463355957767722 0.668205128205128 0.555540723981901 0.677266968325792 0.294628959276018 0.267171945701357 0.707107088989442 0.24439592760181 0.198697586726998 0.491467236467237 0.480151849522164 0.425901714818299 0.507216008037808 0.552223358787061 0 0 0 0 0.171090497737557 0.0468476621417798 0 0.0898318250377074 0.0289012066365007 0.463355957767722 0.668205128205128 0.555540723981901 0.677266968325792 0.123538461538462 0.220324283559578 0.707107088989442 0.154564102564103 0.169796380090498 0.0576923076923077 0.0963247863247863 0.909311490978158 0.530048076923077 0.352630579297246 0.241586538461538 0 0 0 0 0.218279034690799 0.410013574660633 0 0.175283559577677 0.152531674208145 0 0 0 0 0.310684012066365 0.240155354449472 0 0.244534690799397 0.201481146304676
#NONE#
