1
0
True False
0.518666666666667 0 0 0.0522666666666667 0.352266666666667 0 0.024 0.000266666666666667 0 0 0.0337333333333333 0 0 0 0.0132 0 0 0 0.00306666666666667 0 0.000133333333333333 0 0 0 0.0024 0.107607843137255 0.0530196078431373 0.0355294117647059 0.211843137254902 0.0996862745098039 0.0427450980392157 0.110274509803922 0.24 0.0610588235294118 0.0306172839506173 0.419060166886254 0.592753623188406 0.49552275409635 0.500872150948024 0 0 0 0 0 0 0 0 0 0.107607843137255 0.0530196078431373 0.0355294117647059 0.211843137254902 0.0996862745098039 0.0427450980392157 0.110274509803922 0.24 0.0610588235294118 0 0.0135802469135802 0.847777777777778 0.5625 0.273333333333333 0.125 0 0 0 0 0.118156862745098 0 0 0.25678431372549 0.17478431372549 0 0 0 0 0.0789019607843137 0.0623529411764706 0 0.223176470588235 0.0316078431372549
#NONE#
(Leaf370.txt) (listLeaf370ED.txt) (#NONE#)
(Neighbor1Leaf370.txt) (Neighbor2Leaf370.txt) (Neighbor3Leaf370.txt) (Neighbor4Leaf370.txt)
(#NONE#)
(#NONE#) (Node35.txt)
0.518666666666667 0 0 0.0522666666666667 0.352266666666667 0 0.024 0.000266666666666667 0 0 0.0337333333333333 0 0 0 0.0132 0 0 0 0.00306666666666667 0 0.000133333333333333 0 0 0 0.0024 0.107607843137255 0.0530196078431373 0.0355294117647059 0.211843137254902 0.0996862745098039 0.0427450980392157 0.110274509803922 0.24 0.0610588235294118 0.0306172839506173 0.419060166886254 0.592753623188406 0.49552275409635 0.500872150948024 0 0 0 0 0 0 0 0 0 0.107607843137255 0.0530196078431373 0.0355294117647059 0.211843137254902 0.0996862745098039 0.0427450980392157 0.110274509803922 0.24 0.0610588235294118 0 0.0135802469135802 0.847777777777778 0.5625 0.273333333333333 0.125 0 0 0 0 0.118156862745098 0 0 0.25678431372549 0.17478431372549 0 0 0 0 0.0789019607843137 0.0623529411764706 0 0.223176470588235 0.0316078431372549
#NONE#
