33
0
True False
0.040624286549604 0 0 0.0261352289951266 0 0 0.0018520246110758 0 0 0.296581056930414 0.157831775620475 0 0 0.444053547259946 0.0260494030431738 0 0.00563802778045347 0 0 4.11522633744857E-05 0.00119349694635773 0 0 0 0 0.319790849673203 0.367019607843137 0.257764705882353 0.397006535947712 0.334169934640523 0.249320261437908 0.406392156862745 0.206313725490196 0.341385620915033 0.809259259259259 0.492803318546837 0.483663017093999 0.499300718536374 0.524664392411317 0 0 0 0 0.215464052287582 0.119673202614379 0 0.206313725490196 0.341385620915033 0.319790849673203 0.367019607843137 0.257764705882353 0.397006535947712 0.118705882352941 0.129647058823529 0.406392156862745 0 0 0 0.0820164609053498 0.904938271604938 0.5625 0.386625514403292 0.375 0 0 0 0 0.654601307189542 0.333333333333333 0 0 0.590078431372549 0 0 0 0 0.288954248366013 0.255738562091503 0 0.269071895424837 0.297529411764706
#NONE#
(Leaf236.txt) (listLeaf236ED.txt) (#NONE#)
(Neighbor1Leaf236.txt) (Neighbor2Leaf236.txt) (Neighbor3Leaf236.txt) (Neighbor4Leaf236.txt)
(#NONE#)
(#NONE#) (Node17.txt)
0.106280365695478 0.00079616339375913 1.1266463119233E-05 0.208634664184093 0.0261501342367959 0.000567078643668061 0.0114575335266585 0.0372197242936236 0.0290035946227038 0.121866869060207 0.152714816128754 3.74991093961518E-06 0.0050623760493706 0.11351834240275 0.0873238902552342 0.00236891390376855 0.00739891506883529 0.00836509632574825 0.0233516321399996 0.00617628567315821 0.0291553819917145 2.638519947286E-05 0.00509994115177253 0.00359530269246367 0.0138515769859116 0.321224004753417 0.286502673796792 0.37501247771836 0.295638740344623 0.396823529411765 0.27288651218063 0.328199643493761 0.21858110516934 0.478398098633393 0.519266741488964 0.513828894617725 0.519588851525368 0.471884330460916 0.472299369891052 0 0 0 0 0.0638514557338087 0.16789780154486 0 0.14235531788473 0.432796197266785 0.321224004753417 0.286502673796792 0.37501247771836 0.295638740344623 0.332972073677956 0.104988710635769 0.328199643493761 0.0762257872846108 0.0456019013666072 0.071969696969697 0.0966030677141788 0.924410774410774 0.553030303030303 0.399270482603816 0.303030303030303 0 0 0 0 0.875393939393939 0.195726678550208 0 0.0903755199049317 0.586470588235294 0 0 0 0 0.310997029114676 0.275231134878194 0 0.241171717171717 0.444007130124777
#NONE#
