79
0
True False
0.0820537095460672 0 0 0.108721902879141 0.00212927338465108 0 0.00324272463640273 0.0254644717945559 0 0.0587355821752451 0.428399083858816 0 0 0.109584595939387 0.0834605009583782 0.0140326955691006 0.00963521889367511 0.00610280040919141 0.00664498011668778 0.00484601074908388 0.0490955095000688 0 0.00177006293214567 0 0.00608087665740219 0.378976034858388 0.426997821350763 0.38278431372549 0.572461873638344 0.507930283224401 0.0687494553376906 0.536514161220043 0.380888888888889 0.485084967320261 0.644320987654321 0.505844479215689 0.44959247559671 0.481504251343653 0.569001447979394 0 0 0 0 0.507930283224401 0 0 0.322527233115468 0.485084967320261 0.378976034858388 0.426997821350763 0.38278431372549 0.572461873638344 0 0.0687494553376906 0.536514161220043 0.0583616557734204 0 0.0833333333333333 0.0869547325102881 0.845363511659808 0.5 0.303813443072702 0.263888888888889 0 0 0 0 0.475159041394336 0.0108453159041394 0 0.15762962962963 0.631511982570806 0 0 0 0 0.47881917211329 0.074483660130719 0 0.426714596949891 0.446623093681917
#NONE#
(Leaf325.txt) (listLeaf325ED.txt) (#NONE#)
(Neighbor1Leaf325.txt) (Neighbor2Leaf325.txt) (Neighbor3Leaf325.txt) (Neighbor4Leaf325.txt)
(#NONE#)
(#NONE#) (Node11.txt)
0.044497612059624 0.000655287047692111 0.000533391067332377 0.103708567463007 0.00594001964927888 0 0.0132452463901086 0.0284653038844131 0.00173907788515635 0.051483881724233 0.372975155344622 0.00164069757089669 2.81504605856375E-05 0.0984920071478856 0.152368612421321 0.00922919846125254 0.00792344625502434 0.0148421624922681 0.0138798059434422 0.00395332663270994 0.0627798323390045 0.00210815922298751 0.000665811126694335 0.000459526345657847 0.00838572106480326 0.408127575080665 0.436488955075701 0.432910896003971 0.539609332340531 0.490085380987838 0.154584760486473 0.495269793993547 0.401003723008191 0.57077240009928 0.725629004531958 0.501772891133811 0.470137162567886 0.478765109384514 0.545145637381907 0 0 0 0 0.486722759990072 0.0786314221891288 0 0.366707371556218 0.56693670886076 0.408127575080665 0.436488955075701 0.432910896003971 0.539609332340531 0.00336262099776619 0.0759533382973442 0.495269793993547 0.0342963514519732 0.00383569123852072 0.064873417721519 0.085411783091108 0.877951242381622 0.522943037974684 0.349387404281919 0.268987341772152 0 0 0 0 0.447169520972946 0.029945892280963 0 0.255630677587491 0.736139488706875 0 0 0 0 0.475931496649292 0.186919831223629 0 0.414312732688012 0.524669148672127
#NONE#
