84
0
True False
0.160497922612424 0 0 0.250626901849442 0 0 0.00484925053428395 0.0206960905396887 0 0.117948190858485 0.198467425112923 0 0 0.0953704086034415 0.0859862244765494 0.0104293144923697 0.00551180851277556 0.0022242841748929 0.00579399626039744 0.00423974528698709 0.029892264028763 0 6.73909054210537E-05 0.000356085098686442 0.00704269665246988 0.31022816399287 0.285162210338681 0.333880570409982 0.388944741532977 0.41372192513369 0.145550802139038 0.335258467023173 0.464618538324421 0.155395721925134 0.411391694725028 0.504220492894303 0.444163498211229 0.493369417780109 0.530927757777388 0 0 0 0 0.343311942959002 0.0326702317290553 0 0.417557932263815 0.0561105169340464 0.31022816399287 0.285162210338681 0.333880570409982 0.388944741532977 0.0704099821746881 0.112880570409982 0.335258467023173 0.0470606060606061 0.0992852049910873 0.0625 0.0849607182940517 0.896576879910213 0.539772727272727 0.364163860830527 0.255681818181818 0 0 0 0 0.493322638146168 0.152944741532977 0 0.494540106951872 0.141859180035651 0 0 0 0 0.387664884135472 0.14173440285205 0 0.447830659536542 0.15856862745098
#NONE#
(Leaf251.txt) (listLeaf251ED.txt) (#NONE#)
(Neighbor1Leaf251.txt) (Neighbor2Leaf251.txt) (Neighbor3Leaf251.txt) (Neighbor4Leaf251.txt)
(#NONE#)
(#NONE#) (Node31.txt)
0.132693139565044 0 0 0.253839548817848 0.00743751388832342 0 0.00906770749436722 0.0439296796513757 0.00409045118089336 0.0921825181239601 0.168447408898164 0.000126721743276499 0.000685628237361287 0.103077479905407 0.0783557816530683 0.0132025523516538 0.00974061154662852 0.00726614522308929 0.00878175228443091 0.0151039939321578 0.0405699106418327 0.000568455700297105 0.000363564306032587 0.00377544673594378 0.00669398811884499 0.287304855275444 0.301989729225023 0.318114379084967 0.36233893557423 0.456933239962652 0.169802521008403 0.367419234360411 0.467594304388422 0.190334267040149 0.444369488536155 0.500044704879256 0.431950773328191 0.486398156011686 0.537326024841064 0 0 0 0 0.411102240896359 0.0286311858076564 0 0.423141923436041 0.0607983193277311 0.287304855275444 0.301989729225023 0.318114379084967 0.36233893557423 0.0458309990662932 0.141171335200747 0.367419234360411 0.044452380952381 0.129535947712418 0.0625 0.0811992945326279 0.903067313345091 0.54985119047619 0.345485008818342 0.24702380952381 0 0 0 0 0.520578898225957 0.13662091503268 0 0.544329598506069 0.138484593837535 0 0 0 0 0.432329598506069 0.172599906629318 0 0.4434360410831 0.19347152194211
#NONE#
