88
0
True False
0.217725777889687 0 0 0.187165366677957 0 0 0.00320216986391737 0.00929054445752897 0 0.0921437292431633 0.0627664207822285 0 0.00248660431313366 0.0529940688441468 0.0235507734946675 0.0422707294337806 0.0604583167631239 0.0449506654826282 0.023616410303179 0.0506531751760232 0.0932398533920447 0.00784512904402467 0.00418571406242247 0.01360919117932 0.0078453595970236 0.119803921568627 0.18499245852187 0.0937466063348415 0.205441930618401 0.284428355957768 0.57721568627451 0.198811463046757 0.564748114630467 0.433586726998492 0.484387464387464 0.518886799471625 0.487365545774547 0.454852661602115 0.495744484905605 0 0 0 0 0.21294419306184 0.57721568627451 0 0.532108597285068 0.343749622926093 0.119803921568627 0.18499245852187 0.0937466063348415 0.205441930618401 0.0714841628959276 0 0.198811463046757 0.0326395173453997 0.0898371040723982 0.0528846153846154 0.0745868945868946 0.898300094966762 0.548076923076923 0.358499525166192 0.293269230769231 0 0 0 0 0.104844645550528 0.686162895927602 0 0.646009049773756 0.51984012066365 0 0 0 0 0.307861236802413 0.544754147812971 0 0.543143288084464 0.392814479638009
#NONE#
(Leaf341.txt) (listLeaf341ED.txt) (#NONE#)
(Neighbor1Leaf341.txt) (Neighbor2Leaf341.txt) (Neighbor3Leaf341.txt) (Neighbor4Leaf341.txt)
(#NONE#)
(#NONE#) (Node33.txt)
0.195157013843408 4.34334425925711E-05 1.09446139990994E-05 0.195923078994115 0.0447381932834008 0 0.0257168807709236 0.0202251803410512 0.00127620597236213 0.0830830775246744 0.115136623653802 0.000143891499983938 0.00634965919161586 0.0809989658651211 0.0752231711442973 0.0129256986556658 0.0158378021128838 0.0211685327637295 0.0169571739355936 0.0177401936823646 0.0521155400125331 0.0024076854475005 0.000952128737738885 0.00550390804100503 0.0103650164696384 0.119176024955437 0.161242424242424 0.206802139037433 0.169095365418895 0.257864973262032 0.521685828877005 0.178480392156863 0.575730392156863 0.414604723707665 0.428421717171717 0.518663190996998 0.540049541061661 0.474129009890002 0.455493521204784 0 0 0 0 0.120488413547237 0.493913101604278 0 0.531534759358289 0.360309714795009 0.119176024955437 0.161242424242424 0.206802139037433 0.169095365418895 0.137376559714795 0.0277727272727273 0.178480392156863 0.044195632798574 0.054295008912656 0.0625 0.0767690796857464 0.899548260381593 0.550426136363636 0.364772727272727 0.313210227272727 0 0 0 0 0.173372994652406 0.625304812834225 0 0.768804812834225 0.396627450980392 0 0 0 0 0.264272281639929 0.490870766488413 0 0.529671122994652 0.405095365418895
#NONE#
