5
0
True False
0.0972360624985704 0 0 0.0837217761306705 0.00438279230434882 0 0.0182728250177293 6.17665225447805E-05 0.109882643607165 0.01 0.54347669266961 0 0 0.000246951707729965 0.129508041086176 0 0 0 0.000494132180358246 0 0.000432175020398204 0 0 0 0.00228414125469921 0.377019607843137 0.480745098039216 0.510549019607843 0.443411764705883 0.535215686274509 0.566117647058824 0.448294117647059 0.556549019607844 0.280686274509804 0.713024691358024 0.477840316803049 0.420287530307269 0.54004635881905 0.63269212835616 0 0 0 0 0.535215686274509 0.566117647058824 0 0.556549019607844 0 0.377019607843137 0.480745098039216 0.510549019607843 0.443411764705883 0 0 0.448294117647059 0 0.280686274509804 0.0625 0.0582098765432098 0.674753086419753 0.46875 0.122592592592593 0.15625 0 0 0 0 0.535294117647059 0.580549019607843 0 0.556607843137255 0.608333333333334 0 0 0 0 0.520666666666667 0.543980392156863 0 0.540470588235294 0.181529411764706
#NONE#
(Leaf316.txt) (listLeaf316ED.txt) (#NONE#)
(Neighbor1Leaf316.txt) (Neighbor2Leaf316.txt) (Neighbor3Leaf316.txt) (Neighbor4Leaf316.txt)
(#NONE#)
(#NONE#) (Node38.txt)
0.067678693968165 0 0 0.163384635979994 0.00468990139162505 0 0.0165143606954606 0.000893678526095369 0.043953057442866 0.0208920065426245 0.44425738683702 0 0 0.0202518957261479 0.175182953948998 0 0 0 0.0135625410307188 0 0.0143980742195329 0 0 0 0.0143408136907532 0.394274509803922 0.474243137254902 0.52996862745098 0.477050980392157 0.558203921568627 0.542909803921569 0.454556862745098 0.536454901960784 0.295137254901961 0.673061728395062 0.466504443539856 0.409722171258069 0.552573236674869 0.633632048259892 0 0 0 0 0.558203921568627 0.542909803921569 0 0.536454901960784 0 0.394274509803922 0.474243137254902 0.52996862745098 0.477050980392157 0 0 0.454556862745098 0 0.295137254901961 0.05 0.0691111111111111 0.80916049382716 0.525 0.256814814814815 0.2375 0 0 0 0 0.626109803921569 0.66441568627451 0 0.493780392156863 0.616541176470588 0 0 0 0 0.537450980392157 0.511074509803922 0 0.52358431372549 0.225443137254902
#NONE#
