55
0
True False
0.0851267735192959 0 0 0.0264673686772388 0.000910910009950277 0 0.00182034859849009 1.3248777101399E-05 0 0.00829595162425906 0.0327629025964351 0 0 0.0104669461306473 0.117991442795403 0.000331024199970458 0.00160794470649474 0.000110413682842763 0.184040473285632 0.000516603666718947 0.0263229403078711 0 0 6.63792792219995E-05 0.503148328142427 0.764071428571429 0.824463585434174 0.795994397759104 0.822988795518207 0.791673669467787 0.825658263305322 0.836481792717087 0.31815406162465 0.337082633053221 0.800987654320988 0.49199199921346 0.489687489968841 0.504937928749247 0.513370731884967 0 0 0 0 0.786483193277311 0.810404761904762 0 0.259316526610644 0.269001400560224 0.764071428571429 0.824463585434174 0.795994397759104 0.822988795518207 0.00519047619047618 0.0152535014005602 0.836481792717087 0.0588375350140056 0.0680812324929972 0.0758928571428571 0.0847795414462081 0.561477072310406 0.361607142857143 0.180238095238095 0.198660714285714 0 0 0 0 0.794459383753501 0.904768907563025 0 0.319204481792717 0.324117647058824 0 0 0 0 0.772498599439776 0.776421568627451 0 0.312694677871148 0.342238095238095
#NONE#
(Leaf106.txt) (listLeaf106ED.txt) (#NONE#)
(Neighbor1Leaf106.txt) (Neighbor2Leaf106.txt) (Neighbor3Leaf106.txt) (Neighbor4Leaf106.txt)
(#NONE#)
(#NONE#) (Node26.txt)
0.0695060258018615 0 4.48989213034156E-06 0.0616279153206049 0.0040529736935755 0 0.00831453780524149 0.00738730683687611 0.00354625099668477 0.0300634020470469 0.0778720767176271 0 5.1649571512634E-05 0.0242589689938189 0.166547241960649 0.0246858153712629 0.00316104417252144 0.00379920171654413 0.134683757558198 0.00214336544916944 0.0447787890654616 0.000730894968749493 6.73705789252402E-06 0.0037556606145088 0.329021894388063 0.724738680926916 0.791642067736186 0.742997504456328 0.806684491978609 0.787791800356506 0.772111229946524 0.80435008912656 0.269531550802139 0.295668449197861 0.725656565656566 0.477240645040117 0.476813428756158 0.531346498825418 0.531508180551391 0 0 0 0 0.785149376114082 0.764345811051694 0 0.165368983957219 0.200656684491979 0.724738680926916 0.791642067736186 0.742997504456328 0.806684491978609 0.00264242424242424 0.00776541889483065 0.80435008912656 0.10416256684492 0.0950117647058824 0.0704545454545455 0.0863501683501683 0.6945544332211 0.428409090909091 0.248024691358025 0.2125 0 0 0 0 0.801981461675579 0.877856684491979 0 0.223492335115864 0.306133333333333 0 0 0 0 0.765372549019608 0.718469875222816 0 0.27148449197861 0.292397147950089
#NONE#
