35
0
True False
0.0478898157421951 0 0 0.11365182212971 0.000317573596559104 0 0.0110097786079078 0.1036107730226 0 0.0541973735659709 0.262286905944528 0.0010940146809712 0.000141093474426808 0.089078295897953 0.148450672916091 0.0333686589975263 0.0211867816842885 0.0197804912478826 0.0135863056127813 0.00356275832689762 0.0689704610119747 0 5.29100529100529E-05 0 0.0077635134868264 0.438677871148459 0.431086834733894 0.520397759103642 0.547512605042017 0.4063081232493 0.574834733893557 0.648464985994398 0.270834733893557 0.290952380952381 0.711410934744268 0.488205797642715 0.514722446732932 0.505499848706673 0.484822657516253 0 0 0 0 0.310347338935574 0.574834733893557 0 0.212560224089636 0.288829131652661 0.438677871148459 0.431086834733894 0.520397759103642 0.547512605042017 0.0959607843137254 0 0.648464985994398 0.0582745098039215 0.00212324929971989 0.0446428571428571 0.0906701940035273 0.90952380952381 0.553571428571429 0.38668430335097 0.267857142857143 0 0 0 0 0.300341736694678 0.755406162464986 0 0.122453781512605 0.11709243697479 0 0 0 0 0.416156862745098 0.507725490196078 0 0.316565826330532 0.329983193277311
#NONE#
(Leaf114.txt) (listLeaf114ED.txt) (#NONE#)
(Neighbor1Leaf114.txt) (Neighbor2Leaf114.txt) (Neighbor3Leaf114.txt) (Neighbor4Leaf114.txt)
(#NONE#)
(#NONE#) (Node11.txt)
0.0528678760712748 0 0.000190736960673213 0.157088041869682 0.00435821686731725 0 0.0099205370930614 0.0366012237256389 0.0137078752361818 0.0562533974613648 0.268820869972731 0.000218802936194241 0.000116543872860595 0.0784827554790233 0.164518096373553 0.0206447686230708 0.00951405114605103 0.00914623381090924 0.0302420258050721 0.0064253267364992 0.0530935189517175 0.000346072265729367 4.24667205751738E-05 0.000420258440430524 0.0269803035803891 0.516988235294118 0.400019047619048 0.388955742296919 0.640712605042017 0.344700280112045 0.558129971988795 0.702351820728292 0.315927170868347 0.359434173669468 0.642878306878307 0.492275801600961 0.472557209444399 0.493165573303754 0.522477465874174 0 0 0 0 0.271075630252101 0.546234173669468 0 0.242124369747899 0.287336694677871 0.516988235294118 0.400019047619048 0.388955742296919 0.640712605042017 0.0736246498599439 0.0118957983193277 0.702351820728292 0.0738028011204481 0.0720974789915966 0.0696428571428571 0.0900246913580247 0.916250440917108 0.555357142857143 0.379516754850088 0.278571428571429 0 0 0 0 0.195751260504202 0.624966946778712 0 0.184890756302521 0.257264985994398 0 0 0 0 0.365686274509804 0.530375350140056 0 0.344943417366947 0.367842016806723
#NONE#
