73
0
True False
0.0443486472733837 0 0 0.0561006094080444 0 0 0.00131403657590923 0.000493946419351997 0 0.0695054834943275 0.130198800262097 0 0 0.0359688703667521 0.53406338892042 3.08641975308642E-05 0.000798170494880895 0.00123326964417439 0.065416117824026 9.7007752977872E-05 0.016916766036583 0 0 8.81943097031379E-06 0.0435052018985714 0.621635854341737 0.619663865546219 0.579732492997199 0.729780112044818 0.44678431372549 0.320696078431373 0.73913025210084 0.639140056022409 0.280417366946779 0.741582892416226 0.503741696532645 0.469989174832654 0.46835495418522 0.555006978541788 0 0 0 0 0.392872549019608 0.186983193277311 0 0.611813725490196 0.128546218487395 0.621635854341737 0.619663865546219 0.579732492997199 0.729780112044818 0.0539117647058824 0.133712885154062 0.73913025210084 0.0273263305322129 0.151871148459384 0.0625 0.0843871252204585 0.734589947089947 0.493303571428571 0.218915343915344 0.245535714285714 0 0 0 0 0.422584033613445 0.342312324929972 0 0.751415966386555 0.276924369747899 0 0 0 0 0.450457983193277 0.318176470588235 0 0.606387955182073 0.264079831932773
#NONE#
(Leaf359.txt) (listLeaf359ED.txt) (#NONE#)
(Neighbor1Leaf359.txt) (Neighbor2Leaf359.txt) (Neighbor3Leaf359.txt) (Neighbor4Leaf359.txt)
(#NONE#)
(#NONE#) (Node25.txt)
0.0521885290857108 0.0006313614448611 0 0.0728425375557421 0.00161104175882483 0 0.00645938228021443 0.00265584739732223 0.000809309019697218 0.0724236740548148 0.147660856088616 0 3.29557064027568E-05 0.0660613887508239 0.358161111683045 0.00194253902685704 0.0053370013718648 0.0132301911904461 0.0600046716627097 0.00217632286552901 0.0871410872765928 2.37205716657771E-05 1.0167216826066E-05 0.000541153527827219 0.0480551504636067 0.63936449100188 0.645959709911362 0.649557346226162 0.720584474885844 0.450699435938759 0.352724147193124 0.721523502551706 0.585601933924255 0.290207359656191 0.717070860815153 0.49531040500599 0.457732664813692 0.491118846857835 0.568419564062145 0 0 0 0 0.392159548751007 0.231036261079774 0 0.547190975020145 0.171241471931238 0.63936449100188 0.645959709911362 0.649557346226162 0.720584474885844 0.0585398871877518 0.121687886113349 0.721523502551706 0.0384109589041096 0.118965887724953 0.0659246575342466 0.088557415863352 0.82454253340098 0.514554794520548 0.309496025706071 0.299657534246575 0 0 0 0 0.403283373623422 0.347146387322052 0 0.704893365565404 0.250488853075477 0 0 0 0 0.453051839914048 0.342899274778405 0 0.550478646253022 0.287301101262423
#NONE#
