47
0
True False
0.243990525562142 0 0 0.227868748329719 0.000409061690398738 0 0.000993888769435818 0.0343433175039421 0 0.147792892529191 0.0694462952625206 0 0 0.122820490454887 0.0357719059549643 0.0303855688660322 0.00335361241492931 0.00865337837572477 0.0038726482509859 0.00322411556547972 0.0611890667694184 0 0.000116042624538611 0 0.00576844107569068 0.180027149321267 0.134404223227753 0.45852790346908 0.104748114630468 0.129634992458522 0.16083257918552 0.164693815987934 0.306699849170437 0.113441930618401 0.303684710351377 0.470826472710663 0.606417426475052 0.508195004070456 0.443179449867951 0 0 0 0 0.0358250377073907 0.0699306184012066 0 0 0 0.180027149321267 0.134404223227753 0.45852790346908 0.104748114630468 0.0938099547511313 0.0909019607843138 0.164693815987934 0.306699849170437 0.113441930618401 0.0769230769230769 0.085679012345679 0.922564102564103 0.557692307692308 0.373770180436847 0.288461538461538 0 0 0 0 0.0657526395173453 0.0964253393665158 0 0.738147812971342 0.115659125188537 0 0 0 0 0.147966817496229 0.164021116138763 0 0.231487179487179 0.116811463046757
#NONE#
(Leaf104.txt) (listLeaf104ED.txt) (#NONE#)
(Neighbor1Leaf104.txt) (Neighbor2Leaf104.txt) (Neighbor3Leaf104.txt) (Neighbor4Leaf104.txt)
(#NONE#)
(#NONE#) (Node19.txt)
0.232123322852855 0 0 0.287392367889629 0.00207197069449571 0 0.00824300483430639 0.028693748706125 0 0.136399881147305 0.0911968477232815 0.000115865254852435 0.000253430622294587 0.0773346594912297 0.0424580282778653 0.0155334942489055 0.00343927932020981 0.00553495317179429 0.00920213222064862 0.00713274827397297 0.0411541759839671 0.000448987046276459 5.85415326007836E-05 0.000612724153626627 0.0105998365537587 0.166529828952858 0.152921985815603 0.343164789319983 0.137289111389237 0.168203587818106 0.182503128911139 0.175602836879433 0.306783479349186 0.169819774718398 0.273328079852903 0.512094546376145 0.545781666346318 0.489923662615793 0.469482819824768 0 0 0 0 0.028636629119733 0.0439307467667918 0 0.0330538172715895 0.040685857321652 0.166529828952858 0.152921985815603 0.343164789319983 0.137289111389237 0.139566958698373 0.138572382144347 0.175602836879433 0.273729662077597 0.129133917396746 0.074468085106383 0.0771394799054374 0.921985815602837 0.555851063829787 0.377914368268978 0.300531914893617 0 0 0 0 0.0928527325823946 0.136584897788903 0 0.667212348769295 0.101908218606592 0 0 0 0 0.178765957446808 0.193424280350438 0 0.249491864831039 0.187078848560701
#NONE#
