57
0
True False
0.169280141531847 0 0 0.113720742320766 0.00188002473716759 0 0.00912596429805629 0.0134998054226139 0 0.139483877038688 0.119290369835158 0 0 0.105595155215429 0.102474128893237 0 0.00470601492664952 0.00668322628293891 0.0338490922479194 0.00726445888475435 0.124384820096999 0 0 0.00277993769040289 0.045982240577374 0.51178431372549 0.349262745098039 0.358180392156863 0.610141176470588 0.220941176470588 0.220956862745098 0.616070588235294 0.647666666666667 0.720619607843137 0.491197530864197 0.549665479228233 0.449230741068109 0.439948534264204 0.535500060583959 0 0 0 0 0.118094117647059 0.121098039215686 0 0.614419607843137 0.720619607843137 0.51178431372549 0.349262745098039 0.358180392156863 0.610141176470588 0.102847058823529 0.0998588235294118 0.616070588235294 0.0332470588235294 0 0.05625 0.0842716049382716 0.897345679012346 0.55 0.360728395061728 0.2875 0 0 0 0 0.0860745098039216 0.200156862745098 0 0.8522 0.748666666666666 0 0 0 0 0.232701960784314 0.232321568627451 0 0.606662745098039 0.693749019607843
#NONE#
(Leaf431.txt) (listLeaf431ED.txt) (#NONE#)
(Neighbor1Leaf431.txt) (Neighbor2Leaf431.txt) (Neighbor3Leaf431.txt) (Neighbor4Leaf431.txt)
(#NONE#)
(#NONE#) (Node11.txt)
0.103118839672192 0 0 0.13555537337189 0.0153141044950439 0 0.0119570405636356 0.0221963083140843 0.0042001069996232 0.0977069467737371 0.147602954308427 0.000110508958691627 0.00171860344131892 0.108019281389988 0.155743783154462 0.0112852273718719 0.00482293449110369 0.0133402900422022 0.0350562783366451 0.00920630627033537 0.0915174238836534 0.00236067792071744 0.000336140546175204 0.00272148478560324 0.0261093849085978 0.405290677674578 0.379579635362917 0.360987272101823 0.549023735810113 0.260679050567595 0.209735810113519 0.581050567595459 0.645118679050568 0.683298245614035 0.573859649122807 0.525042485708847 0.466030472480813 0.460193580181796 0.523216914797432 0 0 0 0 0.160289645682834 0.0918445132438941 0 0.633494324045408 0.678260061919505 0.405290677674578 0.379579635362917 0.360987272101823 0.549023735810113 0.100389404884761 0.117891296869625 0.581050567595459 0.01162435500516 0.00503818369453044 0.0734649122807018 0.0911825860948668 0.912913147065194 0.542763157894737 0.379683777344596 0.308114035087719 0 0 0 0 0.112080495356037 0.12896869625043 0 0.81659993120055 0.828745098039216 0 0 0 0 0.283984864121087 0.233402820777434 0 0.600150670794633 0.629060199518404
#NONE#
