58
0
True False
0.125671408804221 0 0 0.27365539215646 0.0331990274952092 0 0.0686403485592121 0.0130785131832577 0.00285210291703202 0.0045479401679122 0.168789632790805 0 0 0.0134064807500977 0.197840383470004 0 0 0 0.0312437150186176 0 0.00341929481276938 0 0 0 0.0636557598744027 0.648833333333333 0.437767973856209 0.211813725490196 0.678303921568627 0.632039215686274 0.186738562091503 0.659787581699346 0.298222222222222 0.202022875816993 0.400977366255144 0.454666695541709 0.279928773731861 0.527164877498073 0.616828468602362 0 0 0 0 0.632039215686274 0.0369248366013072 0 0.125258169934641 0.0321307189542483 0.648833333333333 0.437767973856209 0.211813725490196 0.678303921568627 0 0.149813725490196 0.659787581699346 0.172964052287582 0.169892156862745 0.0364583333333333 0.0538374485596708 0.920617283950617 0.5625 0.351635802469136 0.291666666666667 0 0 0 0 0.706633986928105 0.103359477124183 0 0.119758169934641 0.244640522875817 0 0 0 0 0.60062091503268 0.191065359477124 0 0.305343137254902 0.186849673202614
#NONE#
(Leaf376.txt) (listLeaf376ED.txt) (#NONE#)
(Neighbor1Leaf376.txt) (Neighbor2Leaf376.txt) (Neighbor3Leaf376.txt) (Neighbor4Leaf376.txt)
(#NONE#)
(#NONE#) (Node31.txt)
0.141072929553683 0 1.29132787245124E-05 0.232460763446678 0.0186886957880905 0 0.0316341150750586 0.00709351820984392 0.00104577194017078 0.043390079136397 0.165160926382135 0 1.30605961357785E-05 0.0321664572464443 0.165051269117612 0.00996330384037508 0.00319313368441794 0.00397012508766353 0.0454796055332262 0.00188283651435509 0.0345628842095876 0.001304705696923 3.64503818469052E-05 0.00294572364323386 0.0588707316373978 0.673960784313726 0.506261663286004 0.317165652467884 0.713152805949966 0.666250845165653 0.21090060851927 0.709182555780933 0.237787018255578 0.163856659905341 0.435193699446573 0.450855213917009 0.346401352866735 0.526833094119432 0.595168138503568 0 0 0 0 0.666250845165653 0.0605584854631508 0 0.0798397565922921 0.0192839756592292 0.673960784313726 0.506261663286004 0.317165652467884 0.713152805949966 0 0.150342123056119 0.709182555780933 0.157947261663286 0.144572684246112 0.0668103448275862 0.078690932311622 0.894208173690933 0.547413793103448 0.349897828863346 0.286637931034483 0 0 0 0 0.790968897903989 0.13632183908046 0 0.121033806626099 0.139083840432725 0 0 0 0 0.623395537525355 0.214740365111562 0 0.253774171737661 0.164072346179851
#NONE#
