81
0
True False
0.14221830785908 0 0 0.214402369103189 0.0470863834140797 0 0.0901335042137274 0.00700972644419234 0 0.0236923851297619 0.297161963806859 0 0 0.0198167130421209 0.112587360846741 0 0 0.000179843751451477 0.0132988785004026 0 0.00531082405961599 0 0 0 0.0271017398287784 0.25675816993464 0.375729847494553 0.20681045751634 0.322488017429194 0.635294117647059 0.233315904139434 0.370261437908497 0.403355119825708 0.303250544662309 0.414074074074074 0.496648705704402 0.364473956723964 0.496698077668292 0.58558421741957 0 0 0 0 0.635294117647059 0 0 0.310479302832244 0.0329891067538127 0.25675816993464 0.375729847494553 0.20681045751634 0.322488017429194 0 0.233315904139434 0.370261437908497 0.092875816993464 0.270261437908497 0.0416666666666667 0.0656104252400549 0.919684499314129 0.555555555555556 0.329286694101509 0.263888888888889 0 0 0 0 0.84557734204793 0.176980392156863 0 0.16080174291939 0.487816993464052 0 0 0 0 0.56558605664488 0.228004357298475 0 0.417237472766885 0.267673202614379
#NONE#
(Leaf350.txt) (listLeaf350ED.txt) (#NONE#)
(Neighbor1Leaf350.txt) (Neighbor2Leaf350.txt) (Neighbor3Leaf350.txt) (Neighbor4Leaf350.txt)
(#NONE#)
(#NONE#) (Node17.txt)
0.127505662275818 1.22827300209881E-05 4.77035510523404E-06 0.258850836314752 0.0224457137094212 0 0.0448397313318076 0.0385286462204684 0.00261359018530878 0.075546945077373 0.177081920933977 0.000108742279669044 0.00425922351001349 0.0575023508843814 0.0940833899363066 0.00313021308730559 0.0081850004077533 0.00527833153673207 0.0162930178595347 0.00552221808949631 0.0376265057753263 0.000102371183541563 1.37448454246808E-05 0.00013326571256951 0.0203315257578933 0.224605180343742 0.310773178407165 0.290020818203825 0.297648511256354 0.698395061728395 0.215554103122731 0.277916243040426 0.294190268700073 0.274313241345921 0.413914037494284 0.467099105859132 0.460169716242183 0.506275319043485 0.516200420611075 0 0 0 0 0.698395061728395 0.0406884531590414 0 0.160494795449044 0.0629784555797628 0.224605180343742 0.310773178407165 0.290020818203825 0.297648511256354 0 0.174865649963689 0.277916243040426 0.133695473251029 0.211334785766158 0.0763888888888889 0.0849184575522024 0.930853528425545 0.550925925925926 0.384206675811614 0.310185185185185 0 0 0 0 0.924690873880416 0.159428225611232 0 0.168262890341322 0.347825223916727 0 0 0 0 0.619965625756476 0.223371096586783 0 0.303428225611232 0.260243524570322
#NONE#
