93
0
True False
0.122601217897033 0 0 0.0459265868078928 0.000123456790123457 0 0.00862745835917424 7.11351389802779E-05 0 0.185880184629036 0.115812230001914 0 0 0.156483956199903 0.0460102431260147 0.0168456770709231 0.0175802607868032 0.000476800753712231 0.0202054639644112 0.0356589267624793 0.205547487190396 0 0 0.00215167548500881 0.0199972390361941 0.339042016806723 0.378313725490196 0.502414565826331 0.355921568627451 0.537613445378151 0.276801120448179 0.363434173669468 0.680868347338936 0.74435294117647 0.566860670194004 0.504472510121243 0.495708763028986 0.484044893388791 0.489658196112827 0 0 0 0 0.537613445378151 0.174700280112045 0 0.680868347338936 0.74435294117647 0.339042016806723 0.378313725490196 0.502414565826331 0.355921568627451 0 0.102100840336134 0.363434173669468 0 0 0.0625 0.0876190476190477 0.890194003527337 0.553571428571429 0.349065255731922 0.214285714285714 0 0 0 0 0.479574229691877 0.209983193277311 0 0.834929971988795 0.866957983193277 0 0 0 0 0.506952380952381 0.276515406162465 0 0.612890756302521 0.705949579831933
#NONE#
(Leaf146.txt) (listLeaf146ED.txt) (#NONE#)
(Neighbor1Leaf146.txt) (Neighbor2Leaf146.txt) (Neighbor3Leaf146.txt) (Neighbor4Leaf146.txt)
(#NONE#)
(#NONE#) (Node21.txt)
0.0530310707443789 0.000168764990651097 0.000312488796177755 0.0973315750665905 0.0252338733375938 0 0.0339921465345742 0.0321022357718747 0.00711484581010622 0.0824992532695606 0.1990724931874 0.000441075916083219 0.000800005297194175 0.127071334112396 0.147914416464865 0.00698638961755305 0.0157901208217639 0.0240449599363899 0.0218569613911761 0.0133121642813291 0.0854049229158464 0.000738239112368855 0.00232022614015803 0.00364853230398496 0.0188119041799831 0.253905545013704 0.406820999367489 0.495499894581489 0.3215770609319 0.427594349567784 0.328149272612271 0.345243938435589 0.619687961205988 0.653116171199663 0.687425992300544 0.505522012991605 0.510814804507904 0.471675534381355 0.466137177459823 0 0 0 0 0.388516129032258 0.277771452667088 0 0.614846299810247 0.648457938013915 0.253905545013704 0.406820999367489 0.495499894581489 0.3215770609319 0.0390782205355261 0.0503778199451824 0.345243938435589 0.0048416613957411 0.00465823318574742 0.0645161290322581 0.0890734103278906 0.937812292579318 0.556451612903226 0.415862206292314 0.324596774193548 0 0 0 0 0.359228758169935 0.125141049968374 0 0.739375500737929 0.887897533206831 0 0 0 0 0.430368543116171 0.356746363061354 0 0.581322791482184 0.591176892262281
#NONE#
