65
0
True False
0.0280058623307633 0 0 0.152927284798608 0 0 0.000300542711934327 0.516087845350888 0 0.0318995820375337 0.0441915152113923 0.0039357430107262 0 0.0766524754155664 0.0702570723982234 0 0.00215333967282839 0.0526943974826924 0.00519321603563336 0.00183736315014618 0.00882957472731413 0.000812309804345889 0 0 0.00422187586140384 0.332028011204482 0.471563025210084 0.425680672268907 0.452420168067227 0.455686274509804 0.55740056022409 0.47290756302521 0.508980392156863 0.400274509803922 0.750599647266314 0.485247506662194 0.487364025474718 0.510252874533854 0.528645968436095 0 0 0 0 0.455686274509804 0.55740056022409 0 0.508980392156863 0.329098039215686 0.332028011204482 0.471563025210084 0.425680672268907 0.452420168067227 0 0 0.47290756302521 0 0.0711764705882353 0.0535714285714286 0.0935097001763669 0.951322751322751 0.5625 0.435784832451499 0.392857142857143 0 0 0 0 0.22278431372549 0.889439775910364 0 0.575098039215686 0.168470588235294 0 0 0 0 0.462521008403361 0.474392156862745 0 0.482319327731093 0.415736694677871
#NONE#
(Leaf210.txt) (listLeaf210ED.txt) (#NONE#)
(Neighbor1Leaf210.txt) (Neighbor2Leaf210.txt) (Neighbor3Leaf210.txt) (Neighbor4Leaf210.txt)
(#NONE#)
(#NONE#) (Node38.txt)
0.0514959198123126 1.8995697474522E-06 0 0.130592868674738 0.00585780186815073 0 0.00970756803258044 0.0900459631779598 0.000854147734081122 0.066901366976724 0.174848788460715 0.00273271128945804 0.00090635581648911 0.139668228880121 0.156764618973904 0.0045996208142418 0.0150105033192294 0.0200524076975691 0.0202679140494499 0.00999108981708047 0.0796153042605722 0.00102407882978516 0.000570003005643745 0.00400427136236123 0.0144865675770859 0.360913423831071 0.403434690799397 0.400530920060332 0.438033785822021 0.433450377073907 0.619171040723982 0.438091101055807 0.558066365007541 0.372580392156863 0.699597340930674 0.484871196091187 0.482376444193767 0.510182173392303 0.517192019522605 0 0 0 0 0.414134539969834 0.60553665158371 0 0.558066365007541 0.333018401206637 0.360913423831071 0.403434690799397 0.400530920060332 0.438033785822021 0.0193158371040724 0.0136343891402715 0.438091101055807 0 0.0395619909502262 0.0576923076923077 0.0884083570750238 0.937236467236467 0.561538461538462 0.413365622032289 0.324038461538462 0 0 0 0 0.239826847662142 0.893584917043741 0 0.671668174962293 0.168380693815988 0 0 0 0 0.443832277526395 0.55827209653092 0 0.524273303167421 0.396713122171946
#NONE#
