71
0
True False
0.283039730270958 0 0 0.173765796503579 0 0 0.000698401459305347 0.0196324378264209 0 0.0443121159192473 0.0457646319894912 8.82160941442157E-06 0.000714326127681786 0.0698906795897042 0.0401583974262267 0.00749362816995079 0.0650613424810428 0.0426698703812646 0.00569172754999184 0.0296641419163204 0.129353740588364 2.649757363827E-05 0.00431392006169131 0.0262955110051583 0.0114442815505484 0.203187675070028 0.155834733893557 0.156095238095238 0.191114845938375 0.602509803921569 0.439792717086835 0.164224089635854 0.648095238095238 0.601683473389356 0.475952380952381 0.496729383686863 0.461328014174229 0.491876281064283 0.507214182011417 0 0 0 0 0.602509803921569 0.428434173669468 0 0.648095238095238 0.601683473389356 0.203187675070028 0.155834733893557 0.156095238095238 0.191114845938375 0 0.011358543417367 0.164224089635854 0 0 0.0669642857142857 0.0556966490299824 0.88842151675485 0.558035714285714 0.336269841269841 0.276785714285714 0 0 0 0 0.661011204481793 0.444204481792717 0 0.642960784313726 0.752840336134454 0 0 0 0 0.578114845938375 0.426582633053221 0 0.630789915966386 0.57006162464986
#NONE#
(Leaf414.txt) (listLeaf414ED.txt) (#NONE#)
(Neighbor1Leaf414.txt) (Neighbor2Leaf414.txt) (Neighbor3Leaf414.txt) (Neighbor4Leaf414.txt)
(#NONE#)
(#NONE#) (Node8.txt)
0.151320451918961 6.96994038958482E-06 0 0.166439662723827 0.00833295875543061 0 0.0174123589641947 0.0279045269810119 0.0025872639462425 0.076614172500363 0.143848710641232 0.00018488448095324 0.000153064031247298 0.135315849599219 0.101227583236114 0.00311858262742523 0.0164854278070599 0.0233647356636507 0.0188012237194749 0.00802061719878823 0.0741127493956572 0.000276380904501878 0.000877001022198728 0.0117162248082529 0.0118785991338038 0.195485777409555 0.26226567246617 0.206217619442143 0.283727699530516 0.574891466445733 0.389130626898647 0.275962441314554 0.634148025407346 0.593817177575255 0.567440445139976 0.508722684118199 0.484270912449567 0.473015046688076 0.505210514563808 0 0 0 0 0.568704777685722 0.313127865230599 0 0.634148025407346 0.593817177575255 0.195485777409555 0.26226567246617 0.206217619442143 0.283727699530516 0.00618668876001104 0.0760027616680475 0.275962441314554 0 0 0.0765845070422535 0.0740236480612068 0.904955659885237 0.555457746478873 0.361245000869414 0.310739436619718 0 0 0 0 0.686859431096382 0.437626070146368 0 0.725386909693455 0.780651201325601 0 0 0 0 0.543828224247445 0.372358464512566 0 0.600703673018503 0.552616404308202
#NONE#
