64
0
True False
0.172724046631326 0 0 0.278852604596805 0 0 0.000442063173981425 0.0405757422381907 3.42935528120713E-05 0.15055649748263 0.0224976764317417 0.00167377487809917 0.00289349343431767 0.0213606390101083 0.0162557155155773 0.19952553792003 0.0286873407473447 0.00704510791344595 0.00541568863880352 0.0188942537537147 0.0183525681563447 7.62457091651499E-05 0.0082976245798909 0.00354493824713115 0.00229414738853992 0.199187363834423 0.248701525054466 0.217808278867102 0.253313725490196 0.250633986928105 0.278581699346405 0.237333333333333 0.20136165577342 0.199381263616558 0.381001371742112 0.517013862548045 0.460619117084364 0.480092867219866 0.517095687252281 0 0 0 0 0.164128540305011 0.0940196078431373 0 0.144764705882353 0.119993464052288 0.199187363834423 0.248701525054466 0.217808278867102 0.253313725490196 0.0865054466230936 0.184562091503268 0.237333333333333 0.0565969498910675 0.0793877995642701 0.0798611111111111 0.0841495198902606 0.941399176954733 0.5625 0.390246913580247 0.302083333333333 0 0 0 0 0.245100217864924 0.495522875816994 0 0.205579520697168 0.21962091503268 0 0 0 0 0.243705882352941 0.243150326797386 0 0.190764705882353 0.190893246187364
#NONE#
(Leaf339.txt) (listLeaf339ED.txt) (#NONE#)
(Neighbor1Leaf339.txt) (Neighbor2Leaf339.txt) (Neighbor3Leaf339.txt) (Neighbor4Leaf339.txt)
(#NONE#)
(#NONE#) (Node15.txt)
0.155290692824969 0 0 0.290227538473429 0.00147632991440526 0 0.00611444869141128 0.0349524603679367 2.51326097397939E-05 0.180851475130951 0.0750653472162296 0.00050772912965722 0.000813795028401846 0.0801378982251384 0.0348680905064614 0.0628284061313369 0.00962918740028849 0.00535342728034804 0.00752664398520968 0.0131264532887108 0.0302488604928272 0.000127863291004879 0.00233370691309432 0.00258134198403663 0.00591317111441258 0.17334375 0.229540441176471 0.223023284313726 0.248564950980392 0.317999387254902 0.296518382352941 0.212846200980392 0.207848039215686 0.215887254901961 0.346188271604938 0.492138439480225 0.477098981422314 0.490705826480198 0.500298152024811 0 0 0 0 0.233801470588235 0.092014705882353 0 0.100479166666667 0.0883345588235294 0.17334375 0.229540441176471 0.223023284313726 0.248564950980392 0.0841979166666667 0.204503676470588 0.212846200980392 0.10736887254902 0.127552696078431 0.0751953125 0.0828877314814815 0.930102237654321 0.5595703125 0.380655864197531 0.2978515625 0 0 0 0 0.245870098039216 0.522123161764706 0 0.147636642156863 0.212140931372549 0 0 0 0 0.316083946078431 0.258149509803921 0 0.208555759803922 0.210639705882353
#NONE#
