57
0
True False
0.179068357407509 0 0 0.330910908759908 0.000484869227917058 0 0.00203049483030494 0.0287495036506775 0 0.11787614257105 0.0702166363327222 0.00039003786221199 0.000418775587215019 0.0372448982566988 0.0253336181195452 0.0126746300378424 0.0635491963848235 0.00648930029620261 0.0158527716020808 0.0410874818496996 0.0552650977523683 0.000152073581810327 0.00220059671908987 0.00538462007664906 0.00461998909367436 0.194395173453997 0.248817496229261 0.162057315233786 0.228814479638009 0.588150829562594 0.250069381598793 0.192129713423831 0.651849170437406 0.287812971342383 0.415384615384615 0.492617976295763 0.431270186708156 0.48688269274756 0.536794568755588 0 0 0 0 0.588150829562594 0.134911010558069 0 0.651849170437406 0.194760180995475 0.194395173453997 0.248817496229261 0.162057315233786 0.228814479638009 0 0.115158371040724 0.192129713423831 0 0.093052790346908 0.0865384615384615 0.0673789173789174 0.900579297245964 0.557692307692308 0.338433048433049 0.269230769230769 0 0 0 0 0.766730015082956 0.224174962292609 0 0.85110407239819 0.363665158371041 0 0 0 0 0.546491704374057 0.237879336349925 0 0.606606334841629 0.269779788838612
#NONE#
(Leaf330.txt) (listLeaf330ED.txt) (#NONE#)
(Neighbor1Leaf330.txt) (Neighbor2Leaf330.txt) (Neighbor3Leaf330.txt) (Neighbor4Leaf330.txt)
(#NONE#)
(#NONE#) (Node8.txt)
0.172471710423795 0 0 0.232960686687896 0.0100823350045492 0 0.020863060564147 0.0191195767371234 0.00186967506198683 0.110510188855032 0.116073553806012 0.000202556436712055 0.000775172551038302 0.0887746224051494 0.0686512152662772 0.00793196096434104 0.0255117087836107 0.0167122364137768 0.0171982100550238 0.0187959592217396 0.0520939960537119 0.00203338709131606 0.000556705215735117 0.00545651580478991 0.0113549665962366 0.170442380460956 0.222539387684898 0.152024767801858 0.246414860681115 0.596959064327486 0.270481596147231 0.243267285861713 0.653826625386997 0.344086687306502 0.447201646090535 0.507147532771059 0.457772767974005 0.479564117603651 0.512574791643903 0 0 0 0 0.596959064327486 0.177927760577915 0 0.653826625386997 0.232050911592707 0.170442380460956 0.222539387684898 0.152024767801858 0.246414860681115 0 0.0925538355693154 0.243267285861713 0 0.112035775713794 0.081140350877193 0.0767814598223955 0.910803552090102 0.56030701754386 0.368624648039853 0.322368421052632 0 0 0 0 0.780304781561747 0.234222910216718 0 0.857186790505676 0.381910560715514 0 0 0 0 0.549385620915033 0.266875128998968 0 0.601183350533196 0.326910216718266
#NONE#
