66
0
True False
0.115707302600847 0 0 0.164810082866087 0.000550600154168043 0 0.00523507498295743 0.0352190741500523 1.37650038542011E-05 0.0940454876684667 0.173908467763728 2.74619651782281E-05 0 0.101574565717099 0.104889683945782 0.00429726649916938 0.00313223379531721 0.0510026298644406 0.03916285862181 0.000302044290676442 0.0804634947878423 0.000562651562418164 0 0.00318299934726568 0.0219122544128406 0.32080174291939 0.470732026143791 0.615965141612201 0.358021786492375 0.619272331154684 0.413446623093682 0.440732026143791 0.146657952069717 0.492248366013072 0.519259259259259 0.462935372472167 0.481551197466509 0.523099493785298 0.518196700573569 0 0 0 0 0.568535947712418 0.338954248366013 0 0 0.415633986928105 0.32080174291939 0.470732026143791 0.615965141612201 0.358021786492375 0.0507363834422658 0.0744923747276688 0.440732026143791 0.146657952069717 0.0766143790849673 0.0416666666666667 0.0908916323731138 0.934087791495199 0.5625 0.391742112482853 0.263888888888889 0 0 0 0 0.876570806100218 0.405525054466231 0 0.123363834422658 0.47841394335512 0 0 0 0 0.557084967320262 0.402204793028322 0 0.143376906318083 0.477102396514161
#NONE#
(Leaf361.txt) (listLeaf361ED.txt) (#NONE#)
(Neighbor1Leaf361.txt) (Neighbor2Leaf361.txt) (Neighbor3Leaf361.txt) (Neighbor4Leaf361.txt)
(#NONE#)
(#NONE#) (Node17.txt)
0.0879354747763075 0 4.43647165480392E-05 0.149360080389495 0.0158061909709479 0 0.024744420014241 0.0330615867051188 0.00449215888203463 0.0709505947340034 0.227242892432302 0.000270607828329728 0.00260396548515358 0.0723001846240804 0.154118413119823 0.0091168735392557 0.00981399006743741 0.0161155364610889 0.0182210321256053 0.0195468492721354 0.0673770287648426 0.000313466543525299 0.000809500694106532 0.00178120801095965 0.0139735798426586 0.274211527035056 0.495658942364825 0.566699346405229 0.29365834818776 0.557812834224599 0.392399286987522 0.330524064171123 0.201065359477124 0.51153238265003 0.595802469135802 0.468478468499913 0.510631801770891 0.522336557301292 0.475561595426953 0 0 0 0 0.550894236482472 0.337283422459893 0 0.071048128342246 0.479538324420677 0.274211527035056 0.495658942364825 0.566699346405229 0.29365834818776 0.00691859774212715 0.0551158645276292 0.330524064171123 0.130017231134878 0.0319940582293523 0.0625 0.088660680882903 0.930112233445567 0.557765151515151 0.391762065095398 0.296401515151515 0 0 0 0 0.651393939393939 0.322426024955437 0 0.0944884135472371 0.540059417706477 0 0 0 0 0.525824123588829 0.392587046939988 0 0.230706476530006 0.486504456327986
#NONE#
