23
0
True False
0.0421181213335897 0 0 0.182767161775069 0 0 0.000926612305411415 0.0488632182961316 0 0.117365835689903 0.096640446970321 0.000246913580246914 0 0.198063334523058 0.152710260915722 0 0.0015440335319258 0.0330556928314526 0.0185200971913351 0.000154435384235236 0.0700460789427926 3.08641975308643E-05 0 0.000555830107349753 0.0363910624239262 0.616607843137255 0.351382352941176 0.240529411764706 0.703264705882353 0.337009803921569 0.481745098039216 0.588901960784314 0.227862745098039 0.674333333333333 0.57858024691358 0.511462438421236 0.51557027687393 0.481038932368884 0.467054203830766 0 0 0 0 0.111205882352941 0.481745098039216 0 0 0.579970588235294 0.616607843137255 0.351382352941176 0.240529411764706 0.703264705882353 0.225803921568627 0 0.588901960784314 0.227862745098039 0.0943627450980393 0.03125 0.110432098765432 0.943796296296296 0.5625 0.402376543209877 0.234375 0 0 0 0 0.701196078431372 0.651049019607843 0 0.509117647058824 0.990401960784314 0 0 0 0 0.277460784313725 0.447333333333333 0 0.186392156862745 0.584686274509804
#NONE#
(Leaf148.txt) (listLeaf148ED.txt) (#NONE#)
(Neighbor1Leaf148.txt) (Neighbor2Leaf148.txt) (Neighbor3Leaf148.txt) (Neighbor4Leaf148.txt)
(#NONE#)
(#NONE#) (Node11.txt)
0.0879217155183017 0 0 0.174178107770808 0.00264972773277478 0 0.0156745901185132 0.0451378119285349 7.55674304374813E-05 0.0767312316119809 0.147465977594125 0.00223898953052531 0 0.132682317370271 0.173420883291612 0.00292217412532374 0.00588633474523997 0.0184210101922764 0.0281559862610093 0.00154705301001312 0.0507607432201475 5.36768652710683E-06 2.68583276930845E-05 0.000257818729543237 0.0338397338043417 0.702961636828644 0.346518329070759 0.248528559249787 0.724242114236999 0.32324126172208 0.485716965046888 0.679171355498721 0.380821824381927 0.573667519181586 0.570418679549114 0.493040124620669 0.471254561452615 0.490366273298745 0.513601487670048 0 0 0 0 0.172535379369139 0.439831202046036 0 0.189355498721228 0.483544757033248 0.702961636828644 0.346518329070759 0.248528559249787 0.724242114236999 0.150705882352941 0.0458857630008525 0.679171355498721 0.191466325660699 0.0901227621483376 0.0733695652173913 0.0903381642512077 0.917622114868492 0.557065217391304 0.389940955448202 0.271739130434783 0 0 0 0 0.363393009377664 0.551009377664109 0 0.679832907075874 0.797520886615516 0 0 0 0 0.316056265984655 0.455399829497016 0 0.323024722932651 0.50752600170503
#NONE#
