43
0
True False
0.0932058967102221 0 0 0.0282918673137989 0.00066510354071422 0 0.000777667640682784 4.12184163884423E-05 0 0.0129636331194265 0.048586714964235 0 0 0.0200043157058886 0.155175283544938 0.00475080070683126 0.00198527817018619 0.000234301162726158 0.139015245715364 0.00140534561186084 0.0289709752583121 0 0.000158566274241918 6.20604893121783E-05 0.463705725654871 0.715394335511983 0.794803921568628 0.754758169934641 0.816283224400872 0.447797385620915 0.140010893246187 0.850161220043573 0.367023965141612 0.152076252723312 0.784862825788752 0.494348279426595 0.480679016048657 0.493116952119707 0.541042316672583 0 0 0 0 0.365790849673203 0.0971089324618736 0 0.321995642701525 0.0696514161220043 0.715394335511983 0.794803921568628 0.754758169934641 0.816283224400872 0.0820065359477124 0.0429019607843137 0.850161220043573 0.0450283224400872 0.0824248366013072 0.0763888888888889 0.0917695473251029 0.633786008230453 0.392361111111111 0.204142661179698 0.1875 0 0 0 0 0.424901960784314 0.113525054466231 0 0.238520697167756 0.0712113289760348 0 0 0 0 0.446265795206972 0.159531590413943 0 0.378949891067538 0.200056644880174
#NONE#
(Leaf360.txt) (listLeaf360ED.txt) (#NONE#)
(Neighbor1Leaf360.txt) (Neighbor2Leaf360.txt) (Neighbor3Leaf360.txt) (Neighbor4Leaf360.txt)
(#NONE#)
(#NONE#) (Node25.txt)
0.0715365529298583 0 0 0.0839262505006954 0.00560911429553424 0 0.00680915853552044 0.00258391788678113 8.72093023255814E-06 0.0534452256144356 0.089789844855161 0 0 0.0297255672739424 0.15922497684441 0.00914260290324696 0.00423631037198335 0.00140524963408937 0.112049475954386 0.00608453786255249 0.0553642980480824 3.16053809597693E-05 0.000121062281043474 0.000307485185766547 0.308598042711319 0.768461468308254 0.802911992704059 0.777212038303693 0.829129958960328 0.454032831737346 0.261713634290926 0.831906064751482 0.34389876880985 0.232154126766986 0.687002583979328 0.477969061892816 0.454493558347246 0.507077492072745 0.550021269334695 0 0 0 0 0.384756953944368 0.161666210670315 0 0.220665754673963 0.124943000455996 0.768461468308254 0.802911992704059 0.777212038303693 0.829129958960328 0.0692758777929777 0.100047423620611 0.831906064751482 0.123233014135887 0.107211126310989 0.0668604651162791 0.0912144702842377 0.744292276772897 0.473837209302326 0.282483491243181 0.242732558139535 0 0 0 0 0.433183766529868 0.237601459188326 0 0.282458732330141 0.153681714546284 0 0 0 0 0.450491564067488 0.264958504331965 0 0.350391244870041 0.258559963520292
#NONE#
