30
0
True False
0.415033807322362 0 0 0.3088525660561 2.55004462578096E-05 0 0.000357006247609334 0.0250047593819554 0.000816014280249904 0.0599969304112851 0.0346694876959193 0 0 0.041714971910076 0.022930073715795 0.010066930691454 0.00172667345236445 0.0232831891752913 0.0110916375389055 0.0264425795740716 0.0133190356154846 0.000128238009746089 0 0.000873363852561325 0.00366723462251134 0.0500862745098039 0.130478431372549 0.187419607843137 0.0974588235294118 0.129113725490196 0.560690196078431 0.0818745098039216 0.0499607843137255 0.20355294117647 0.249753086419753 0.458182592615684 0.585555601096978 0.499079430288194 0.466508985986103 0 0 0 0 0 0.560690196078431 0 0 0.104541176470588 0.0500862745098039 0.130478431372549 0.187419607843137 0.0974588235294118 0.129113725490196 0 0.0818745098039216 0.0499607843137255 0.0990117647058823 0.025 0.0641481481481482 0.805950617283951 0.5 0.298493827160494 0.2375 0 0 0 0 0.0878823529411764 0.428454901960784 0 0.00538823529411766 0.116250980392157 0 0 0 0 0.123388235294118 0.558054901960784 0 0.0704156862745099 0.21364705882353
#NONE#
(Leaf196.txt) (listLeaf196ED.txt) (#NONE#)
(Neighbor1Leaf196.txt) (Neighbor2Leaf196.txt) (Neighbor3Leaf196.txt) (Neighbor4Leaf196.txt)
(#NONE#)
(#NONE#) (Node24.txt)
0.348779146308892 0 0 0.272906400257049 0.049089813526449 0 0.00951190490941134 0.0220372226304552 0.00196448633995518 0.0995572799147617 0.0597772385907897 1.67378023265545E-05 4.22797226450193E-05 0.0525463256164656 0.0214753273067849 0.00340884816808863 0.00212362578306611 0.00760554942954374 0.00576354620321006 0.00890362049536162 0.0256336927409972 0.000241600198181045 4.22797226450193E-06 0.00126744249753082 0.00734368358577103 0.0511660130718954 0.116281045751634 0.16516339869281 0.0958993464052287 0.132882352941176 0.475390849673203 0.110244444444444 0.163577777777778 0.240243137254902 0.214814814814815 0.493429064241233 0.625493046793416 0.490290777533559 0.457082824407593 0 0 0 0 0.00517777777777777 0.454098039215686 0 0.0201320261437909 0.143903267973856 0.0511660130718954 0.116281045751634 0.16516339869281 0.0958993464052287 0.127704575163399 0.0212928104575163 0.110244444444444 0.143445751633987 0.0963398692810457 0.05625 0.0523909465020576 0.835353909465021 0.525 0.313888888888889 0.258333333333333 0 0 0 0 0.151580392156863 0.379406535947713 0 0.0937137254901961 0.148545098039216 0 0 0 0 0.12901045751634 0.470790849673203 0 0.165309803921569 0.247790849673203
#NONE#
