19
0
True False
0.0604202387675548 0 0 0.228933620008933 0 0 0.000123563573458544 0.152489832825531 0 0.0454898411485765 0.0636095667125437 0.0114143228158368 0.00261865036130097 0.0871980298841029 0.184976506185311 0.00476953287461685 0.020086636268343 0.0249777361853222 0.0449720945368981 0.00202647934514551 0.0481783151232035 0.000222332015810276 0.000518774703557312 4.94193259726584E-05 0.0169245073379817 0.550180392156863 0.198917647058824 0.481796078431372 0.184705882352941 0.426141176470588 0.638462745098039 0.597686274509804 0.478894117647059 0.622039215686274 0.639753086419753 0.481965280519749 0.522023480254767 0.509376974472747 0.466604250706725 0 0 0 0 0.299435294117647 0.638462745098039 0 0.400776470588235 0.622039215686274 0.550180392156863 0.198917647058824 0.481796078431372 0.184705882352941 0.126705882352941 0 0.597686274509804 0.0781176470588236 0 0.1 0.111654320987654 0.954024691358025 0.5625 0.45279012345679 0.35 0 0 0 0 0.756878431372549 0.506549019607843 0 0.923576470588235 0.887678431372549 0 0 0 0 0.355388235294118 0.664039215686275 0 0.392078431372549 0.55601568627451
#NONE#
(Leaf232.txt) (listLeaf232ED.txt) (#NONE#)
(Neighbor1Leaf232.txt) (Neighbor2Leaf232.txt) (Neighbor3Leaf232.txt) (Neighbor4Leaf232.txt)
(#NONE#)
(#NONE#) (Node21.txt)
0.0946119031209481 0 0 0.172313084408488 0.00876184665836904 0 0.0180287394263704 0.05230118522445 0.0035447615049702 0.0487904820390362 0.149377674941373 0.00304276033056264 0.000689118516131835 0.0982957817314569 0.189342076896322 0.00125514023016233 0.00748456823970018 0.0102680208631337 0.0385914284621004 0.000607919511758266 0.0605569056450195 5.85084252132305E-05 0.000136519658830872 1.30050857822785E-05 0.0419285690798206 0.308753353973168 0.314311661506708 0.525661506707947 0.210460268317853 0.420392156862745 0.587574819401445 0.653384932920537 0.477742002063983 0.673289989680083 0.616042884990253 0.496186487982521 0.523764349642148 0.492240890785878 0.448612776878739 0 0 0 0 0.244045407636739 0.587574819401445 0 0.394416924664603 0.673289989680083 0.308753353973168 0.314311661506708 0.525661506707947 0.210460268317853 0.176346749226006 0 0.653384932920537 0.0833250773993808 0 0.0953947368421053 0.110123456790123 0.946120857699805 0.555921052631579 0.43093567251462 0.322368421052632 0 0 0 0 0.805378740970072 0.38425386996904 0 0.79878431372549 0.930582043343653 0 0 0 0 0.34608875128999 0.613195046439628 0 0.412396284829721 0.603805985552116
#NONE#
