41
0
True False
0.0685502080641657 0 0 0.0271873501261257 0 0 0.00376954937732895 0.0191822846931039 0 0.174741332257463 0.0175056152109756 0.000304981970183527 0.0292679706758117 0.0201448132709535 0.0104265097451948 0.166034118011979 0.139338764663244 0.0160893029107297 0.00348284042694084 0.185309812073573 0.0444923599111238 0.0013856746181247 0.0610186403336254 0.00892758533319176 0.00284028632616196 0.233663865546218 0.270873949579832 0.323579831932773 0.301014005602241 0.268084033613445 0.408885154061625 0.256212885154062 0.300011204481793 0.549731092436975 0.616296296296296 0.501777526213677 0.499692479054833 0.481168786878127 0.513910985130308 0 0 0 0 0.184011204481793 0.408885154061625 0 0.24333893557423 0.549731092436975 0.233663865546218 0.270873949579832 0.323579831932773 0.301014005602241 0.0840728291316526 0 0.256212885154062 0.056672268907563 0 0.0714285714285714 0.0870723104056437 0.931640211640212 0.553571428571429 0.385978835978836 0.25 0 0 0 0 0.21259943977591 0.455966386554622 0 0.0873053221288516 0.813120448179272 0 0 0 0 0.269775910364146 0.389781512605042 0 0.344016806722689 0.494627450980392
#NONE#
(Leaf354.txt) (listLeaf354ED.txt) (#NONE#)
(Neighbor1Leaf354.txt) (Neighbor2Leaf354.txt) (Neighbor3Leaf354.txt) (Neighbor4Leaf354.txt)
(#NONE#)
(#NONE#) (Node34.txt)
0.105535462862644 0 0 0.148217280718597 0.00577330719287161 0 0.0175972519822441 0.024954054624166 0.00601864557272757 0.124796375954853 0.135268950685335 0.0010951939900435 0.0134544632020872 0.119741262420206 0.0551360207323509 0.0600600812941165 0.0281350823415535 0.0109349084729372 0.0106945075053646 0.0407251445444119 0.0574331361748141 0.000577610057010526 0.0104358961379295 0.0100393307575365 0.0133760327761999 0.280585365853658 0.275538020086083 0.294309899569584 0.335363940698231 0.238395982783357 0.500465805834529 0.329592539454806 0.242142515542803 0.566980392156863 0.528105992171033 0.496667980896783 0.512945740484636 0.480508265750888 0.479706654159486 0 0 0 0 0.126482065997131 0.500465805834529 0 0.156395982783357 0.536596843615495 0.280585365853658 0.275538020086083 0.294309899569584 0.335363940698231 0.111913916786227 0 0.329592539454806 0.0857465327594452 0.0303835485413678 0.076219512195122 0.0886540198735321 0.909807286961759 0.548780487804878 0.367157482685938 0.285060975609756 0 0 0 0 0.184799617407939 0.610033476805356 0 0.0740315638450502 0.766562410329986 0 0 0 0 0.243375418460067 0.4688818747011 0 0.266284074605452 0.521957914873266
#NONE#
