80
0
True False
0.101775002891014 0 0 0.0855425532805666 5.49239303564563E-05 0 0.00271957411230801 0.00148172903202024 0 0.12896550558967 0.192768484907943 0 0 0.10487941732594 0.184489119368921 0.00229211080459096 0.00220933516355941 0.00109792411669306 0.0306233788211898 0.0108848803372487 0.123215215160599 0 0 0.000205913845646981 0.0267949313117318 0.39522440087146 0.483633986928105 0.459403050108932 0.608588235294117 0.732352941176471 0.364178649237473 0.483407407407407 0.267795206971677 0.521651416122004 0.599986282578875 0.478758609300795 0.493157391473677 0.528740591628343 0.513244082855612 0 0 0 0 0.732352941176471 0.312488017429194 0 0.144 0.521651416122004 0.39522440087146 0.483633986928105 0.459403050108932 0.608588235294117 0 0.0516906318082788 0.483407407407407 0.123795206971678 0 0.0625 0.0972016460905349 0.934046639231824 0.555555555555556 0.371481481481482 0.277777777777778 0 0 0 0 0.906235294117647 0.369838779956427 0 0.1340174291939 0.539041394335512 0 0 0 0 0.658026143790849 0.36158605664488 0 0.291651416122004 0.501119825708061
#NONE#
(Leaf362.txt) (listLeaf362ED.txt) (#NONE#)
(Neighbor1Leaf362.txt) (Neighbor2Leaf362.txt) (Neighbor3Leaf362.txt) (Neighbor4Leaf362.txt)
(#NONE#)
(#NONE#) (Node17.txt)
0.074582465529508 0.00016874949276411 2.05744238901299E-05 0.145076329767969 0.0111675290257176 0 0.0150879162595572 0.0259268268124043 0.0199473504536912 0.0668578474908414 0.233346368605025 0.00137312903013009 0.00165147171994851 0.0785896296378388 0.156534013647466 0.0029939562151622 0.0214386341965169 0.0120204219096833 0.0282938704962753 0.0056596903489198 0.0744104446740087 0.000937486624124242 8.02816482076932E-05 0.00190816256487937 0.0219268494254708 0.397569607843138 0.471864705882353 0.448825980392157 0.545027450980392 0.68422205882353 0.352426470588235 0.474328921568627 0.286478431372549 0.577022549019608 0.635890432098765 0.479796761896797 0.478705675155665 0.510329172788264 0.510144080142308 0 0 0 0 0.68422205882353 0.273674019607843 0 0.194091666666667 0.555879411764706 0.397569607843138 0.471864705882353 0.448825980392157 0.545027450980392 0 0.0787524509803921 0.474328921568627 0.0923867647058823 0.021143137254902 0.0609375 0.0913472222222222 0.910674382716049 0.54609375 0.376908950617284 0.28984375 0 0 0 0 0.87205294117647 0.298648039215686 0 0.117389705882353 0.764945588235294 0 0 0 0 0.623634803921569 0.349563235294118 0 0.309363725490196 0.530856862745098
#NONE#
