56
0
True False
0.0514573629648121 0 0 0.0226733345557482 0.000654271020121414 0 0.00141562349991497 3.0940648428354E-05 0 0.00883547902153001 0.0411861429065391 0 0 0.0209573576635349 0.166420438597693 0.000729428466253607 0.00209466054431135 4.32518997344326E-05 0.148637485786423 0.000884458916110857 0.0302441287572179 0 0.000240948968244161 0.000185849211048534 0.503308836572334 0.750090196078432 0.715290196078431 0.665329411764706 0.868629411764706 0.693982352941176 0.86194705882353 0.875254901960785 0.802133333333333 0.865662745098039 0.833950617283951 0.49639293206913 0.48445150893631 0.485527188617628 0.536833054484535 0 0 0 0 0.693982352941176 0.86194705882353 0 0.802133333333333 0.865662745098039 0.750090196078432 0.715290196078431 0.665329411764706 0.868629411764706 0 0 0.875254901960785 0 0 0.021875 0.0708024691358025 0.602043209876543 0.3625 0.170216049382716 0.14375 0 0 0 0 0.56425294117647 0.919296078431373 0 0.820872549019608 0.873127450980392 0 0 0 0 0.701680392156863 0.826637254901961 0 0.785670588235294 0.838239215686275
#NONE#
(Leaf110.txt) (listLeaf110ED.txt) (#NONE#)
(Neighbor1Leaf110.txt) (Neighbor2Leaf110.txt) (Neighbor3Leaf110.txt) (Neighbor4Leaf110.txt)
(#NONE#)
(#NONE#) (Node26.txt)
0.0348565676879669 0 0.00209509887595563 0.0387554456003414 0.00459640121141115 0 0.00703615182601325 0.000442595948977922 0.00336878523230024 0.0154790536195489 0.0872188507697056 0 6.63645036167738E-06 0.025749295581355 0.20781185576338 0.0157748466753747 0.00317155373443743 0.0114227451128927 0.150592828682329 0.00304318617636051 0.0977415027992669 0.0020508530375697 8.60532029443434E-05 0.00547428949349697 0.283225402518009 0.700912464985994 0.666691876750701 0.626082633053221 0.80493837535014 0.728577030812325 0.812727591036414 0.781504901960785 0.791245798319328 0.812443277310924 0.814982363315697 0.495291365551243 0.484992847245619 0.495461447556644 0.529928987608396 0 0 0 0 0.728577030812325 0.812727591036414 0 0.791245798319328 0.812443277310924 0.700912464985994 0.666691876750701 0.626082633053221 0.80493837535014 0 0 0.781504901960785 0 0 0.03125 0.0694422398589065 0.75244708994709 0.443080357142857 0.259179894179894 0.205357142857143 0 0 0 0 0.69359243697479 0.87638025210084 0 0.838423669467787 0.872553921568628 0 0 0 0 0.717168067226891 0.774013305322129 0 0.76284943977591 0.776443977591036
#NONE#
