100
0
True False
0.101962207049702 0 0 0.153039764809711 0.0273215120531608 0 0.0283332715910626 0.0138866663376052 0.00412313717131544 0.0404752960869041 0.196747693055016 0.000544751016054078 0.000125932480651776 0.0562421611626614 0.210706954106076 0.00012486049081255 0.00364062302305089 0.0228234571337507 0.0634403726984581 0.00438361361585423 0.0507300064556973 0.00303448188443084 0 0.00246024958687702 0.0158529881911484 0.372425098039216 0.461362745098039 0.408590980392157 0.379536078431372 0.489201176470588 0.481172549019608 0.402618431372549 0.462703137254902 0.490113333333333 0.597608641975309 0.503531341947135 0.488402038233668 0.482603349747255 0.511203726039598 0 0 0 0 0.422202745098039 0.423702745098039 0 0.389370980392157 0.435383921568627 0.372425098039216 0.461362745098039 0.408590980392157 0.379536078431372 0.066998431372549 0.0574698039215686 0.402618431372549 0.0733321568627451 0.0547294117647059 0.061875 0.0820802469135802 0.941587654320988 0.55625 0.407198765432099 0.34875 0 0 0 0 0.50543137254902 0.46771568627451 0 0.487771764705882 0.482478823529412 0 0 0 0 0.475648235294118 0.465958431372549 0 0.452741960784314 0.476552941176471
#NONE#
(Leaf433.txt) (listLeaf433ED.txt) (#NONE#)
(Neighbor1Leaf433.txt) (Neighbor2Leaf433.txt) (Neighbor3Leaf433.txt) (Neighbor4Leaf433.txt)
(#NONE#)
(#NONE#) (Node37.txt)
0.101962207049702 0 0 0.153039764809711 0.0273215120531608 0 0.0283332715910626 0.0138866663376052 0.00412313717131544 0.0404752960869041 0.196747693055016 0.000544751016054078 0.000125932480651776 0.0562421611626614 0.210706954106076 0.00012486049081255 0.00364062302305089 0.0228234571337507 0.0634403726984581 0.00438361361585423 0.0507300064556973 0.00303448188443084 0 0.00246024958687702 0.0158529881911484 0.372425098039216 0.461362745098039 0.408590980392157 0.379536078431372 0.489201176470588 0.481172549019608 0.402618431372549 0.462703137254902 0.490113333333333 0.597608641975309 0.503531341947135 0.488402038233668 0.482603349747255 0.511203726039598 0 0 0 0 0.422202745098039 0.423702745098039 0 0.389370980392157 0.435383921568627 0.372425098039216 0.461362745098039 0.408590980392157 0.379536078431372 0.066998431372549 0.0574698039215686 0.402618431372549 0.0733321568627451 0.0547294117647059 0.061875 0.0820802469135802 0.941587654320988 0.55625 0.407198765432099 0.34875 0 0 0 0 0.50543137254902 0.46771568627451 0 0.487771764705882 0.482478823529412 0 0 0 0 0.475648235294118 0.465958431372549 0 0.452741960784314 0.476552941176471
#NONE#
