10
0
True False
0.814711337513464 0 0 0.0737332292490189 0 0 0 0.000372670582937138 0 0.021979468946237 0.038143739830978 0 0 0.0149033130635272 0.0240644011277966 0 0 0.00173214509853144 0.00242337231034357 0 0.00638753327314826 0 0 0 0.00154878900401813 0.0130117647058824 0.0117333333333333 0.0138588235294117 0.0106588235294118 0.0761803921568628 0.0157098039215686 0.0106588235294118 0.462611764705883 0.057270588235294 0.117407407407407 0.562624094120372 0.521255003630627 0.485882106920038 0.48768023514842 0 0 0 0 0.066486274509804 0 0 0.331066666666667 0.0391450980392156 0.0130117647058824 0.0117333333333333 0.0138588235294117 0.0106588235294118 0.00969411764705882 0.0157098039215686 0.0106588235294118 0.131545098039216 0.0181254901960784 0.025 0.0361234567901235 0.367604938271605 0.2625 0.132197530864198 0.0875 0 0 0 0 0.105654901960784 0.00858039215686276 0 0.8768 0.0333176470588235 0 0 0 0 0.0616 0.0198666666666667 0 0.371482352941177 0.0469254901960784
#NONE#
(Leaf268.txt) (listLeaf268ED.txt) (#NONE#)
(Neighbor1Leaf268.txt) (Neighbor2Leaf268.txt) (Neighbor3Leaf268.txt) (Neighbor4Leaf268.txt)
(#NONE#)
(#NONE#) (Node36.txt)
0.827878223198314 0 0 0.0648106031438845 0 0 0.00522574264924984 0.000186335291468569 0 0.0290739777507023 0.0342882042877774 0 0 0.0133313907898556 0.0138761091759106 0 0.000604178232955896 0.000964947842801749 0.00145905037148229 3.78692249431962E-05 0.00672111338754579 0 0 0 0.001542254653108 0.0166313725490196 0.0153098039215686 0.0148666666666667 0.0140901960784314 0.0463882352941177 0.0179450980392157 0.0147921568627451 0.434372549019608 0.0561960784313725 0.0811975308641975 0.574589586820898 0.459274871223898 0.487762033535438 0.493406323608632 0 0 0 0 0.033243137254902 0 0 0.302709803921569 0.0195725490196078 0.0166313725490196 0.0153098039215686 0.0148666666666667 0.0140901960784314 0.0131450980392157 0.0179450980392157 0.0147921568627451 0.131662745098039 0.0366235294117647 0.01875 0.0260987654320988 0.374308641975309 0.29375 0.123666666666667 0.10625 0 0 0 0 0.0551215686274509 0.0154313725490196 0 0.788901960784314 0.0299686274509804 0 0 0 0 0.0406352941176471 0.0156235294117647 0 0.366705882352941 0.0516823529411764
#NONE#
