17
0
True False
0.140531791214438 0 0 0.249105882490674 0.000272749814034218 0 0.0209330152525315 0.000444624400926506 0 0.010273562901908 0.181152860071703 0 0 0.00568003072634418 0.190488169384154 0 4.93888134337572E-05 0 0.0705298369738848 0 0.0189933020861786 0 0 0 0.111544785869789 0.738901960784314 0.780392156862745 0.19716862745098 0.833450980392157 0.305788235294118 0.292423529411765 0.787709803921569 0.747921568627451 0.163874509803921 0.500691358024691 0.499334321518641 0.323127029813476 0.478371840460465 0.662863719638554 0 0 0 0 0.226478431372549 0.113192156862745 0 0.747921568627451 0.046713725490196 0.738901960784314 0.780392156862745 0.19716862745098 0.833450980392157 0.0793098039215686 0.17923137254902 0.787709803921569 0 0.117160784313725 0.0625 0.0687654320987654 0.885382716049383 0.5625 0.355358024691358 0.3375 0 0 0 0 0.130909803921569 0.348305882352941 0 0.796298039215686 0 0 0 0 0 0.323827450980392 0.265694117647059 0 0.724054901960784 0.195019607843137
#NONE#
(Leaf308.txt) (listLeaf308ED.txt) (#NONE#)
(Neighbor1Leaf308.txt) (Neighbor2Leaf308.txt) (Neighbor3Leaf308.txt) (Neighbor4Leaf308.txt)
(#NONE#)
(#NONE#) (Node25.txt)
0.0903601297333382 0 0 0.18056889414635 0.00490840617878297 0 0.0155327014968352 0.0297340637744101 0 0.0506737325719088 0.101124394545547 0.000188909555917229 0 0.0468858393029912 0.152522806258121 0.00873978954769489 0.00385106574019118 0.011854538947914 0.0901769633886897 0.00743235706662309 0.0360251855166792 0.00428626433900718 0.0067417843683043 0.000537599256078867 0.157854574264617 0.766057670126874 0.768846597462514 0.330020761245675 0.836982698961938 0.285635524798155 0.305983852364475 0.823252595155709 0.79763783160323 0.203321799307958 0.560522875816994 0.507242686419025 0.380452311419212 0.484081869326122 0.619378592299304 0 0 0 0 0.165001153402537 0.155437139561707 0 0.79763783160323 0.0620207612456747 0.766057670126874 0.768846597462514 0.330020761245675 0.836982698961938 0.120634371395617 0.150546712802768 0.823252595155709 0 0.141301038062284 0.0698529411764706 0.0773420479302832 0.842302106027596 0.511029411764706 0.325802469135802 0.264705882352941 0 0 0 0 0.0989342560553633 0.341162629757786 0 0.884449826989619 0.0904267589388696 0 0 0 0 0.303460207612457 0.283822376009227 0 0.76083044982699 0.214318339100346
#NONE#
