51
0
True False
0.107680523185791 0.00104759547966675 0 0.223422631698081 0.000346234697662916 0 0.00911103656496803 0.0433660018546739 0.000912379425160723 0.0755376625321446 0.0816809378657522 0 0.0158588291750153 0.015213343858145 0.0231545288196548 0.0638182484666475 0.107198954557254 0.00701592571549392 0.0196974186557997 0.0660567407163861 0.0791632062160674 0.0309519452383368 0.015756923881023 0.00874124000632451 0.00426769138995063 0.266350326797386 0.211006535947713 0.207681045751634 0.23197908496732 0.571754248366013 0.374083660130719 0.389016993464052 0.350070588235294 0.437419607843137 0.584831275720164 0.497345752132645 0.488409853181906 0.469551389632648 0.504838351027216 0 0 0 0 0.571754248366013 0.31356862745098 0 0.309132026143791 0.397471895424837 0.266350326797386 0.211006535947713 0.207681045751634 0.23197908496732 0 0.0605150326797385 0.389016993464052 0.0409385620915033 0.0399477124183007 0.0583333333333333 0.0802633744855967 0.934798353909465 0.5625 0.370979423868313 0.195833333333333 0 0 0 0 0.679532026143791 0.310279738562092 0 0.196086274509804 0.556062745098039 0 0 0 0 0.534185620915033 0.372109803921569 0 0.361992156862745 0.417641830065359
#NONE#
(Leaf407.txt) (listLeaf407ED.txt) (#NONE#)
(Neighbor1Leaf407.txt) (Neighbor2Leaf407.txt) (Neighbor3Leaf407.txt) (Neighbor4Leaf407.txt)
(#NONE#)
(#NONE#) (Node17.txt)
0.0798411694675202 0.000313000572907682 8.10349469743904E-05 0.190225412624077 0.020043687488325 0 0.0279729656326346 0.0301109700935248 0.00679379248410063 0.103055615223482 0.158874284555744 5.32926981444852E-05 0.00632826417165456 0.125622327918516 0.0537410083576035 0.0268808566936138 0.0497621744962944 0.00513681599129923 0.00940210697591472 0.0372792773239502 0.0471011337984479 0.00921527066654739 0.00476532341015037 0.00485433676359402 0.0025458776449791 0.258285274894271 0.254022299115725 0.248459054209919 0.268978854286813 0.523881584006152 0.34841138023837 0.396023836985775 0.320272971933872 0.438197616301422 0.602829823287339 0.500162283052354 0.494394311643852 0.471981130087687 0.496452199764231 0 0 0 0 0.523881584006152 0.288911956939638 0 0.265011149557862 0.418518262206843 0.258285274894271 0.254022299115725 0.248459054209919 0.268978854286813 0 0.0594994232987313 0.396023836985775 0.0552618223760093 0.019679354094579 0.0625 0.0825950133139676 0.928131203098523 0.555147058823529 0.382067296054224 0.258578431372549 0 0 0 0 0.691334102268358 0.23598308342945 0 0.182878123798539 0.483633217993079 0 0 0 0 0.481377162629758 0.355534794309881 0 0.327216455209535 0.42475970780469
#NONE#
