47
0
True False
0.125661450652921 0 0 0.0758147652889867 0.0342283332572145 0 0.00527253579764435 0.000423280423280423 0 0.100525865041218 0.054078583753716 0 0 0.105933464621189 0.133014117885746 0.00105820105820106 0.0237495801695238 0.0165931734425439 0.0590878663340162 0.0336511963240876 0.188124821435722 0.000564373897707231 0 0.00994774883277635 0.0322706417835051 0.737333333333334 0.605658263305322 0.542089635854342 0.74055462184874 0.526918767507003 0.168257703081232 0.769512605042017 0.350425770308123 0.542644257703081 0.57610229276896 0.464301129883794 0.47517984916679 0.526289813632648 0.499463461368723 0 0 0 0 0.526918767507003 0 0 0.19940056022409 0.542644257703081 0.737333333333334 0.605658263305322 0.542089635854342 0.74055462184874 0 0.168257703081232 0.769512605042017 0.151025210084033 0 0.0892857142857143 0.0902645502645503 0.889223985890653 0.535714285714286 0.349664902998236 0.276785714285714 0 0 0 0 0.667008403361345 0.0898711484593837 0 0.306302521008403 0.602084033613445 0 0 0 0 0.491848739495798 0.164767507002801 0 0.344885154061625 0.52127731092437
#NONE#
(Leaf126.txt) (listLeaf126ED.txt) (#NONE#)
(Neighbor1Leaf126.txt) (Neighbor2Leaf126.txt) (Neighbor3Leaf126.txt) (Neighbor4Leaf126.txt)
(#NONE#)
(#NONE#) (Node11.txt)
0.0646023579575014 0 0 0.141637580701363 0.010417589627084 0 0.013586855673972 0.0346443970636802 0.000157959119735629 0.0431942801077158 0.181786076840747 0.0014897101174656 3.68701504717902E-05 0.078026054159655 0.244535463064067 0.00483136011661857 0.00746708792501659 0.0126333523818959 0.0433838875296404 0.00639699927213967 0.0764209438499397 0.000218019437877594 1.05245602271454E-05 0.00193360092726863 0.0325890294159174 0.683229870671673 0.514754276178556 0.483894868585732 0.729911556111806 0.505221526908636 0.238955360867752 0.733852315394243 0.391533583646224 0.478317897371715 0.638854741266089 0.484505998939894 0.454205569144672 0.505450205432965 0.556371747627826 0 0 0 0 0.488578222778473 0.0929044639132249 0 0.335270755110555 0.380332081768878 0.683229870671673 0.514754276178556 0.483894868585732 0.729911556111806 0.0166433041301627 0.146050896954526 0.733852315394243 0.0562628285356696 0.0979858156028369 0.0811170212765957 0.0954977672708169 0.896012608353034 0.539893617021277 0.364512739690045 0.311170212765957 0 0 0 0 0.48763370880267 0.209252398831873 0 0.163659574468085 0.54939090529829 0 0 0 0 0.490965373383396 0.239091364205257 0 0.408264497288277 0.450990404672507
#NONE#
