93
0
True False
0.146713035265279 0 0 0.198623180289997 0.00159754321845523 0 0.00502938281610798 0.0401939892755762 4.40971548515689E-05 0.0683985765199774 0.181503225274825 7.93944847297939E-05 0 0.0958191161240361 0.141908223406115 0.00778556066400684 0.00360815714122485 0.00448764899968242 0.0251074639454517 0.00342302908600276 0.0554072733091149 0.000194075407117275 5.7346454404128E-05 1.32340485601355E-05 0.0200064471144846 0.40596218487395 0.339917366946779 0.344204481792717 0.506288515406162 0.592711484593837 0.201120448179272 0.537378151260504 0.240495798319328 0.138327731092437 0.494109347442681 0.477988317067662 0.465897223233248 0.500971774955529 0.527536108857764 0 0 0 0 0.570719887955182 0.0366064425770308 0 0.150142857142857 0.0304621848739496 0.40596218487395 0.339917366946779 0.344204481792717 0.506288515406162 0.0219915966386554 0.164514005602241 0.537378151260504 0.0903529411764706 0.107865546218487 0.0669642857142857 0.0931746031746031 0.919695767195767 0.542410714285714 0.374541446208113 0.314732142857143 0 0 0 0 0.853362745098039 0.268519607843137 0 0.0358543417366947 0.0845840336134454 0 0 0 0 0.528357142857143 0.187217086834734 0 0.267924369747899 0.151957983193277
#NONE#
(Leaf261.txt) (listLeaf261ED.txt) (#NONE#)
(Neighbor1Leaf261.txt) (Neighbor2Leaf261.txt) (Neighbor3Leaf261.txt) (Neighbor4Leaf261.txt)
(#NONE#)
(#NONE#) (Node31.txt)
0.138444286524727 0 0.00057589153151155 0.198380415684847 0.0135199053430807 0 0.0155400197254067 0.0303705033228872 0.00952216668986033 0.0702248401121407 0.185802717336029 5.84717112006984E-05 0.00188758836446505 0.0929692520365895 0.116281388580276 0.00535265955837039 0.00869074603873045 0.0126251563912851 0.0205176180894583 0.00522066449422859 0.0530366478720947 0.00131850331815848 0.000410951844819996 0.00184099506260999 0.0174086103672229 0.334285895003162 0.337344718532574 0.337499472907442 0.5137128399747 0.604192705039005 0.229695551338815 0.523806451612903 0.276849673202615 0.164439384355893 0.488849064117881 0.488810946675861 0.429713303946153 0.500550962425864 0.556129630264972 0 0 0 0 0.594285473329117 0.08112376133249 0 0.175849884039637 0.0538254269449715 0.334285895003162 0.337344718532574 0.337499472907442 0.5137128399747 0.00990723170988825 0.148571790006325 0.523806451612903 0.100999789162977 0.110613957410921 0.081989247311828 0.0896535244922341 0.913641311562459 0.541666666666667 0.372328421611576 0.298387096774194 0 0 0 0 0.781587181109003 0.237131773139363 0 0.118232764073371 0.079640312038794 0 0 0 0 0.554507695551339 0.22756862745098 0 0.301133881509593 0.181229179843981
#NONE#
