36
0
True False
0.12351250291096 0 0 0.175877827502401 0.0252276802245137 0 0.114632190543983 0.000575090281957927 0 0.00580934252474494 0.463029393007705 0 0 0.0108856433387694 0.0603385079723784 5.613751445541E-05 8.99391366765519E-05 4.4937761200737E-05 0.00547252077526853 0 0.00347950009798088 0 0 0 0.0109687864070048 0.300755793226382 0.392363636363636 0.26795008912656 0.354577540106952 0.367839572192513 0.139429590017825 0.3534688057041 0.45329055258467 0.228795008912656 0.48364758698092 0.511166136025553 0.413094304996229 0.479406741074436 0.580249111118011 0 0 0 0 0.346791443850268 0 0 0.45329055258467 0.0424670231729055 0.300755793226382 0.392363636363636 0.26795008912656 0.354577540106952 0.021048128342246 0.139429590017825 0.3534688057041 0 0.186327985739751 0.0681818181818182 0.0682267115600449 0.7603367003367 0.454545454545455 0.248866442199776 0.164772727272727 0 0 0 0 0.297048128342246 0.145679144385027 0 0.565761140819964 0.148998217468806 0 0 0 0 0.366855614973262 0.126256684491979 0 0.415893048128342 0.22602495543672
#NONE#
(Leaf400.txt) (listLeaf400ED.txt) (#NONE#)
(Neighbor1Leaf400.txt) (Neighbor2Leaf400.txt) (Neighbor3Leaf400.txt) (Neighbor4Leaf400.txt)
(#NONE#)
(#NONE#) (Node31.txt)
0.104387174508374 0 0 0.161877068213068 0.0149280820101604 0 0.0560541514210093 0.00440542882827867 6.52553329743603E-05 0.0297105904609462 0.465141925962778 0 0 0.029908163664117 0.0879995967004056 0.000850589356111584 0.00121821464285352 0.000309419011000934 0.0101159987442247 0.000140711620152992 0.0142433642869602 0 0 6.52141082142317E-05 0.0185790511283702 0.311601307189543 0.444529411764706 0.34858605664488 0.360442265795207 0.421503267973856 0.171654684095861 0.341190631808279 0.46488779956427 0.224765795206972 0.569019204389575 0.488598539190283 0.427947759255043 0.502535311500024 0.565840439717354 0 0 0 0 0.415071895424837 0.0304237472766884 0 0.46488779956427 0.0609422657952069 0.311601307189543 0.444529411764706 0.34858605664488 0.360442265795207 0.0064313725490196 0.141230936819172 0.341190631808279 0 0.163823529411765 0.0659722222222222 0.0771982167352538 0.818936899862826 0.493055555555556 0.292263374485597 0.213541666666667 0 0 0 0 0.327093681917211 0.130954248366013 0 0.455955337690632 0.142797385620915 0 0 0 0 0.419519607843137 0.174183006535948 0 0.452227668845316 0.235915032679739
#NONE#
