47
0
True False
0.0138739577143882 7.06077562620254E-05 0 0.0247836471114416 6.18375329596452E-05 0 0.000582752390084403 0.0114610448026035 0.00178196510171316 0.0154956610444969 0.316261645497979 0.000344420147856902 0 0.0239005243024662 0.520717121250781 0.00209984649734143 0.00375849605322801 0.00415635701613637 0.00949338872523369 0.00922985605253889 0.0335487485577805 2.64582929109414E-05 0.000246913580246914 0.000997160398077215 0.00710759017347367 0.398364145658263 0.494476190476191 0.538445378151261 0.511355742296919 0.528638655462185 0.577834733893557 0.521823529411765 0.601803921568627 0.644705882352941 0.876922398589065 0.491766939850509 0.488879739105093 0.511405670506986 0.531296077340589 0 0 0 0 0.496901960784314 0.577834733893557 0 0.601803921568627 0.644705882352941 0.398364145658263 0.494476190476191 0.538445378151261 0.511355742296919 0.0317366946778711 0 0.521823529411765 0 0 0.0267857142857143 0.0614814814814815 0.626463844797178 0.401785714285714 0.19294532627866 0.174107142857143 0 0 0 0 0.513366946778712 0.604921568627451 0 0.607288515406162 0.640266106442577 0 0 0 0 0.513327731092437 0.542352941176471 0 0.585450980392157 0.629759103641457
#NONE#
(Leaf387.txt) (listLeaf387ED.txt) (#NONE#)
(Neighbor1Leaf387.txt) (Neighbor2Leaf387.txt) (Neighbor3Leaf387.txt) (Neighbor4Leaf387.txt)
(#NONE#)
(#NONE#) (Node21.txt)
0.0327402384031784 2.36853705548061E-05 0.00011939728251785 0.0525381033250714 0.00607929159420269 0 0.0143051253118276 0.00906488255178528 0.0270644509699518 0.0275905562833539 0.341140300520602 0.000102593235531843 0 0.0490286885992428 0.320511887007283 0.00442168670586021 0.00548450455457555 0.0113995545618817 0.0177542383895071 0.0116391266484717 0.0551925639494382 0.000475553571873486 7.35487260309955E-05 0.0012295575846784 0.0120204648525788 0.398376303712974 0.47520901126408 0.468663329161452 0.495540258656654 0.531880684188569 0.581705465164789 0.507739674593241 0.58524488944514 0.657549436795995 0.808066719201471 0.494825884121788 0.472416877307339 0.492847368479449 0.548580892728216 0 0 0 0 0.517719649561952 0.578273675427618 0 0.580164372131831 0.657549436795995 0.398376303712974 0.47520901126408 0.468663329161452 0.495540258656654 0.0141610346266166 0.00343178973717147 0.507739674593241 0.0050805173133083 0 0.0372340425531915 0.0685132650380877 0.790262674021539 0.485372340425532 0.288967691095351 0.232712765957447 0 0 0 0 0.614449728827701 0.685122236128494 0 0.66740675844806 0.752862745098039 0 0 0 0 0.501475177304964 0.545236545682103 0 0.559232373800584 0.622628285356696
#NONE#
