72
0
True False
0.141400412466374 0 0 0.209322680675268 0.191625232986082 0 0.121296181368291 0.00187002394053942 0.00339150662645665 0.0403163949395574 0.188792085050472 0 0 0.0104708333642558 0.0657226609098807 0 0.000469419636260679 0.00121853397094943 0.00979267914001191 0 0.0105257294181721 0.000271722864718034 0 0 0.0035139026427114 0.216888888888889 0.256909803921569 0.241772549019608 0.193772549019608 0.237816993464052 0.236935947712418 0.204271895424837 0.229239215686275 0.207278431372549 0.282921810699588 0.480535678371443 0.534189079799954 0.495238649946489 0.464149759101927 0 0 0 0 0.0263555555555555 0.0954588235294117 0 0.0198143790849673 0.0273777777777778 0.216888888888889 0.256909803921569 0.241772549019608 0.193772549019608 0.211461437908497 0.141477124183007 0.204271895424837 0.209424836601307 0.179900653594771 0.0583333333333333 0.0675473251028806 0.808493827160494 0.504166666666667 0.300288065843621 0.25 0 0 0 0 0.249009150326797 0.170528104575163 0 0.290745098039216 0.235806535947713 0 0 0 0 0.241254901960784 0.245926797385621 0 0.210977777777778 0.198750326797386
#NONE#
(Leaf348.txt) (listLeaf348ED.txt) (#NONE#)
(Neighbor1Leaf348.txt) (Neighbor2Leaf348.txt) (Neighbor3Leaf348.txt) (Neighbor4Leaf348.txt)
(#NONE#)
(#NONE#) (Node15.txt)
0.151890063539988 8.68394772263471E-05 0.000561639476708992 0.25980029967014 0.12055696278638 0 0.111482345701519 0.00910136096812285 0.00369913260504353 0.0635624437550333 0.149458130529063 1.71942577341367E-05 0.00443261411275383 0.0252026043601923 0.0448820427533139 0.0108591653238649 0.00312623673831822 0.00131615074723264 0.00877490378561379 0.00347941732517464 0.0150826472199057 0.000273136393629372 4.50367697129154E-05 0.000613079119457762 0.0116965525838704 0.186179193899782 0.248964596949891 0.242093681917211 0.191136165577342 0.261312091503268 0.241484204793028 0.213244553376906 0.239124727668845 0.228177559912854 0.234984567901235 0.497601210756375 0.545409272068576 0.492014192493129 0.470467199301701 0 0 0 0 0.0364575163398693 0.0992995642701525 0 0.0174210239651416 0.0232516339869281 0.186179193899782 0.248964596949891 0.242093681917211 0.191136165577342 0.224854575163399 0.142184640522876 0.213244553376906 0.221703703703704 0.204925925925926 0.0512152777777778 0.062872085048011 0.857337105624143 0.520833333333333 0.316668381344307 0.263020833333333 0 0 0 0 0.299068082788671 0.18119825708061 0 0.279838235294118 0.287805010893246 0 0 0 0 0.251702614379085 0.247399782135076 0 0.22236220043573 0.221436274509804
#NONE#
