6
0
True False
0.597441155867548 0 0 0.070550060231487 0 0 0.0258120291465975 0 0 0.14421791541683 0.037840365507546 0 0.000252812539501959 0.0257965503499496 0.0120151758712115 0.006193907217798 0.0248490887578554 0.000126406269750979 0.0112204415283422 0.00139046896726077 0.0410513376654294 0 0 0 0.00124228466289171 0.0119019607843137 0.0214117647058824 0.136745098039216 0.0173921568627451 0.0347647058823529 0.0647254901960786 0.0135098039215686 0.316274509803922 0.128627450980392 0.12716049382716 0.659231585563177 0.597873160294727 0.469619917965173 0.480929287308053 0 0 0 0 0 0 0 0.316274509803922 0 0.0119019607843137 0.0214117647058824 0.136745098039216 0.0173921568627451 0.0347647058823529 0.0647254901960786 0.0135098039215686 0 0.128627450980392 0.0625 0.0395679012345679 0.726419753086419 0.4375 0.235493827160494 0.21875 0 0 0 0 0.018078431372549 0.0406862745098039 0 0 0.149274509803922 0 0 0 0 0.0563333333333333 0.0527450980392158 0 0.429235294117647 0.111352941176471
#NONE#
(Leaf278.txt) (listLeaf278ED.txt) (#NONE#)
(Neighbor1Leaf278.txt) (Neighbor2Leaf278.txt) (Neighbor3Leaf278.txt) (Neighbor4Leaf278.txt)
(#NONE#)
(#NONE#) (Node35.txt)
0.619098074859656 0 0 0.0802382450717198 0 0 0.0086040097155325 0.00058981021436472 0 0.136722687308777 0.0246990558746143 0 8.42708465006532E-05 0.0568098372128137 0.0105900925886158 0.00212636413432773 0.00842768703520766 0.00774140265582907 0.00473170835754867 0.00606290566103384 0.0267816439036378 0.000443037974683545 0 0.00568739237261223 0.000561774212525086 0.0195359477124183 0.026078431372549 0.086392156862745 0.0568954248366013 0.167294117647059 0.0522287581699348 0.0669738562091502 0.36640522875817 0.110235294117647 0.156707818930041 0.630919024074357 0.449423541139081 0.471632805261234 0.509880543424332 0 0 0 0 0.0570653594771242 0 0 0.36640522875817 0.0472091503267973 0.0195359477124183 0.026078431372549 0.086392156862745 0.0568954248366013 0.110228758169935 0.0522287581699348 0.0669738562091502 0 0.0630261437908497 0.0625 0.0447736625514403 0.724876543209876 0.5 0.250185185185185 0.208333333333333 0 0 0 0 0.0995098039215686 0.0647320261437909 0 0.0819346405228758 0.105326797385621 0 0 0 0 0.174732026143791 0.0377058823529412 0 0.412372549019608 0.0940326797385622
#NONE#
