63
0
True False
0.0761444259718174 0 0 0.183361836108975 0.000812568323829689 0 0.00489073304417443 0.0156126583963696 0.000715102974828374 0.0207078953795589 0.220668111816955 0 0 0.039207023517071 0.364924131540233 1.30018722696068E-05 0.000383462941751843 0.00229515417846373 0.0243158363228654 0.000182064765589345 0.0248204246099248 4.55121745066805E-05 0 0.000624166964663047 0.0202758890961543 0.491444788441692 0.642041279669763 0.418357069143447 0.578974200206398 0.68122600619195 0.668862745098039 0.60914963880289 0.616804953560371 0.309294117647059 0.65464587394412 0.486311426851387 0.403052942603355 0.50836736694779 0.65519471508459 0 0 0 0 0.68122600619195 0.668862745098039 0 0.587711042311661 0.195721362229102 0.491444788441692 0.642041279669763 0.418357069143447 0.578974200206398 0 0 0.60914963880289 0.02909391124871 0.113572755417957 0.0756578947368421 0.0767641325536063 0.903287849252762 0.523026315789474 0.343313840155945 0.289473684210526 0 0 0 0 0.754897832817337 0.881446852425181 0 0.6958782249742 0.35837564499484 0 0 0 0 0.65474097007224 0.600728586171311 0 0.591298245614035 0.325876160990712
#NONE#
(Leaf355.txt) (listLeaf355ED.txt) (#NONE#)
(Neighbor1Leaf355.txt) (Neighbor2Leaf355.txt) (Neighbor3Leaf355.txt) (Neighbor4Leaf355.txt)
(#NONE#)
(#NONE#) (Node25.txt)
0.0602876428244753 0 0 0.126390616604763 0.00595453993925949 0 0.0128220658217103 0.0103436593779532 0.00897351411464464 0.027714021687957 0.226729533290878 0 1.39359226277576E-05 0.0458020601694037 0.335296841396482 0.000528055931353683 0.00129245978289584 0.0094533007433686 0.0429543870095968 0.00158393665155855 0.0534722311368858 0.000378967020465445 0 0.00193139450449563 0.0280768360692248 0.477371304077186 0.636543417366947 0.494802987861811 0.577592281356987 0.681032057267352 0.607358232181762 0.597552443199502 0.649582944288826 0.326641145347028 0.695682931608857 0.482138413568178 0.434725743552938 0.518349688717987 0.603622550615715 0 0 0 0 0.675116713352008 0.538092748210395 0 0.640808590102708 0.194830999066293 0.477371304077186 0.636543417366947 0.494802987861811 0.577592281356987 0.00591534391534392 0.0692654839713663 0.597552443199502 0.00877435418611889 0.131810146280735 0.060515873015873 0.0792827748383304 0.889631589261219 0.527777777777778 0.334305310601607 0.28968253968254 0 0 0 0 0.73988546529723 0.879760348583878 0 0.733137254901961 0.338844693432929 0 0 0 0 0.654760659819483 0.540243386243386 0 0.615831932773109 0.325053843759726
#NONE#
