92
0
True False
0.0322603830461798 3.09252845126175E-05 0 0.141882450657344 0.00165150142731665 0 0.0263793715783058 0.0568994039076709 0.00210307349646811 0.0638750713804739 0.183691188604456 3.09252845126175E-05 0.00487152788106011 0.020592262582498 0.0348812447548573 0.0871043190985026 0.122564711212918 0.00221150298956475 0.00191624070574571 0.0729890739912818 0.0712079416325963 0.0016259910802775 0.0344882304897613 0.0331752180453554 0.00356744086834123 0.331921568627451 0.396995098039216 0.281171568627451 0.536887254901961 0.471392156862745 0.25056862745098 0.492323529411765 0.461990196078431 0.511294117647059 0.660648148148148 0.503844300060871 0.438523878408295 0.48720012979168 0.602504370728194 0 0 0 0 0.471392156862745 0.121264705882353 0 0.461990196078431 0.511294117647059 0.331921568627451 0.396995098039216 0.281171568627451 0.536887254901961 0 0.129303921568627 0.492323529411765 0 0 0.0625 0.0842592592592593 0.935046296296296 0.546875 0.391342592592593 0.265625 0 0 0 0 0.426759803921569 0.168686274509804 0 0.434676470588235 0.580259803921569 0 0 0 0 0.458705882352941 0.248774509803921 0 0.449446078431373 0.481598039215686
#NONE#
(Leaf326.txt) (listLeaf326ED.txt) (#NONE#)
(Neighbor1Leaf326.txt) (Neighbor2Leaf326.txt) (Neighbor3Leaf326.txt) (Neighbor4Leaf326.txt)
(#NONE#)
(#NONE#) (Node11.txt)
0.0568671372833148 2.68915517501022E-06 0 0.118889434617456 0.0072934259564223 0 0.0242687903755838 0.0215220260002958 0.00195420118964024 0.066250700848748 0.313651424405161 2.95845386095619E-05 0.00459488054950302 0.101579156324478 0.143411295946721 0.00828883509018806 0.0239276666489507 0.00932593220994251 0.00931075175148788 0.0212527032934582 0.0470136767047446 0.000188528876106899 0.00300971326289963 0.00867949255192795 0.00868795241918494 0.427643648763853 0.416789428815004 0.268142796248934 0.497595481670929 0.520313299232737 0.271585677749361 0.509727195225917 0.507490196078431 0.534945012787724 0.67709205582394 0.500531624298323 0.438264708087662 0.477187372929576 0.586419098682654 0 0 0 0 0.512549445865303 0.159283461210571 0 0.49130179028133 0.526280903665814 0.427643648763853 0.416789428815004 0.268142796248934 0.497595481670929 0.00776385336743394 0.112302216538789 0.509727195225917 0.0161884057971014 0.00866410912190963 0.0495923913043478 0.0791626409017713 0.887124261943103 0.527853260869565 0.350127482555019 0.257472826086957 0 0 0 0 0.536253196930946 0.170438618925831 0 0.526927962489344 0.621064791133845 0 0 0 0 0.499390025575448 0.283424978687127 0 0.486447570332481 0.500798380221654
#NONE#
