53
0
True False
0.131435067320952 0 0 0.216324990285472 0.0238956656418923 0 0.0133131432830521 0.010257003504212 0.00836654150782258 0.0707981504393157 0.171995275043584 0 0 0.0843615085300122 0.142505221237147 0 0.00327616665008777 0.00556203174656747 0.0421694392058024 0.000757762951980893 0.0224985991260506 8.24062628759787E-06 0 0.000296658579683115 0.0521785343200783 0.556209150326797 0.398907189542484 0.196065359477124 0.614313725490196 0.605892810457516 0.247056209150327 0.5576 0.236347712418301 0.283032679738562 0.497399176954733 0.459447225875613 0.383593763871244 0.521143746325985 0.597515483294135 0 0 0 0 0.605892810457516 0.0850718954248366 0 0.17158431372549 0.1068 0.556209150326797 0.398907189542484 0.196065359477124 0.614313725490196 0 0.16198431372549 0.5576 0.0647633986928105 0.176232679738562 0.075 0.0820658436213992 0.900156378600823 0.5375 0.353316872427984 0.308333333333333 0 0 0 0 0.739947712418301 0.178750326797386 0 0.0953725490196079 0.335393464052288 0 0 0 0 0.573435294117647 0.247445751633987 0 0.293662745098039 0.256653594771242
#NONE#
(Leaf375.txt) (listLeaf375ED.txt) (#NONE#)
(Neighbor1Leaf375.txt) (Neighbor2Leaf375.txt) (Neighbor3Leaf375.txt) (Neighbor4Leaf375.txt)
(#NONE#)
(#NONE#) (Node31.txt)
0.129517669421186 0.00174069020054101 0 0.204279376558888 0.0320760983202344 0 0.0285901067609412 0.0239549481560654 0.00285141212925648 0.0782904325074938 0.186602910560755 2.33138817846309E-06 0 0.0719466897326148 0.122436207948709 0.0053068604912342 0.00489371439724812 0.00864830751076796 0.0232979800205987 0.00324847945915306 0.0429881823617448 0.00107973619264247 4.65874679711158E-06 0.00152950815350965 0.02671369898144 0.492972253052164 0.421442101368849 0.232435812060673 0.552330743618202 0.558956714761376 0.232851646318905 0.514918978912319 0.235878653348132 0.308142804291528 0.470475192173305 0.461012861205681 0.412153828789529 0.519044750803681 0.571262104757335 0 0 0 0 0.527186829448761 0.0708790233074362 0 0.112517203107658 0.0946873843877174 0.492972253052164 0.421442101368849 0.232435812060673 0.552330743618202 0.0317698853126156 0.161972623011469 0.514918978912319 0.123361450240474 0.213455419903811 0.0707547169811321 0.0861751688795714 0.895911949685535 0.531839622641509 0.362431865828092 0.305424528301887 0 0 0 0 0.703524972253052 0.192059933407325 0 0.144665186829449 0.397667036625971 0 0 0 0 0.52293969663337 0.231584165741768 0 0.262236034036256 0.281186829448761
#NONE#
