71
0
True False
0.166126548315384 0 0 0.272174303773612 0.0146232353205647 0 0.0328650277027089 0.0535707412904235 0 0.140285458441864 0.111950949046918 0 0.0194451896099457 0.0659081255634263 0.0536342570922296 0.000752571683345133 0.00697782360679474 0.0003928766516658 0.00688637080812017 0.00185214987650622 0.0401094884936051 0.000280618258146348 0 0.000112247303258539 0.0120520171614806 0.146014260249554 0.196648841354724 0.364342245989305 0.203682709447415 0.184884135472371 0.184499108734403 0.219750445632799 0.196263814616756 0.577607843137255 0.294276094276094 0.485399871489528 0.594463765123838 0.498788370229641 0.441282414592975 0 0 0 0 0.0865846702317292 0.0293048128342246 0 0.0724848484848485 0.577607843137255 0.146014260249554 0.196648841354724 0.364342245989305 0.203682709447415 0.0982994652406416 0.155194295900178 0.219750445632799 0.123778966131907 0 0.0397727272727273 0.0682828282828283 0.902603815937149 0.534090909090909 0.368742985409652 0.295454545454545 0 0 0 0 0.146003565062389 0.122930481283422 0 0.186352941176471 0.637016042780749 0 0 0 0 0.195447415329768 0.184762923351159 0 0.193803921568627 0.552577540106952
#NONE#
(Leaf373.txt) (listLeaf373ED.txt) (#NONE#)
(Neighbor1Leaf373.txt) (Neighbor2Leaf373.txt) (Neighbor3Leaf373.txt) (Neighbor4Leaf373.txt)
(#NONE#)
(#NONE#) (Node15.txt)
0.213427029038735 0 0 0.280723974186163 0.018955977882356 0 0.0442450633013204 0.0243981007695976 0.000418381367597433 0.119793038377787 0.125518986647724 8.0084151704168E-05 0.00629373637724899 0.0551251733159236 0.0441157683581999 0.00248114792416152 0.00466466952161753 0.00815051965796888 0.00724363526908379 0.00237521464737237 0.0323822535124244 0.000470049222654538 5.04582812719456E-05 0.000766173865919957 0.00832056432316778 0.161400718033692 0.189234465617233 0.239110742888705 0.196511460922397 0.174935653134493 0.169309030654515 0.177711681855841 0.192941728804198 0.575225075945871 0.271738828029908 0.523532532645728 0.576752074573224 0.482510016712385 0.460493639528185 0 0 0 0 0.0305854736260702 0.0147495167080917 0 0.0420679370339685 0.575225075945871 0.161400718033692 0.189234465617233 0.239110742888705 0.196511460922397 0.144350179508423 0.154559513946424 0.177711681855841 0.150873791770229 0 0.0598591549295775 0.066944879151452 0.904517475221701 0.553697183098592 0.350825943314206 0.292253521126761 0 0 0 0 0.179420602043634 0.107980115990058 0 0.179423916045291 0.6964418668876 0 0 0 0 0.169998895332781 0.171980668323667 0 0.19383429991715 0.536813035073184
#NONE#
