57
0
True False
0.118209262985404 0 0 0.0311514179790053 0.000450725682468484 0 0.000552123962380985 0 0 0.00977615134355911 0.0353656617341854 0 0 0.012722269084392 0.0951018374162662 0.00258482515745987 0.00123567787953245 0.000338124493470083 0.195287764780419 0.000316048490868456 0.0329461991606657 0 0 0.00068813118913018 0.463273778660793 0.754178253119429 0.820976827094475 0.798944741532977 0.812017825311943 0.18569696969697 0.861080213903743 0.817800356506239 0.683433155080214 0.489422459893048 0.762323232323232 0.496296172790911 0.484389668943244 0.489057359981289 0.523979505918493 0 0 0 0 0.117450980392157 0.861080213903743 0 0.674549019607843 0.469347593582888 0.754178253119429 0.820976827094475 0.798944741532977 0.812017825311943 0.0682459893048128 0 0.817800356506239 0.00888413547237076 0.0200748663101604 0.113636363636364 0.0930864197530864 0.583456790123457 0.448863636363636 0.197901234567901 0.193181818181818 0 0 0 0 0.0854973262032086 0.959294117647059 0 0.767329768270945 0.492502673796791 0 0 0 0 0.217525846702317 0.782131907308378 0 0.65225311942959 0.475971479500891
#NONE#
(Leaf22.txt) (listLeaf22ED.txt) (#NONE#)
(Neighbor1Leaf22.txt) (Neighbor2Leaf22.txt) (Neighbor3Leaf22.txt) (Neighbor4Leaf22.txt)
(#NONE#)
(#NONE#) (Node25.txt)
0.0726054608352047 0 0 0.0834376926398354 0.0121362106282373 0 0.0128641474537442 0.00281761858355881 0.00708300851154592 0.0493948326055952 0.115687875149949 3.2488628979857E-05 3.46794445998294E-05 0.0392950421280862 0.221233146312371 0.00630918144730838 0.00867065469454796 0.0092412628767277 0.103372544103294 0.00264165770357277 0.0944916841355899 7.59308099452708E-05 0.000263438949402338 0.00233463123784504 0.155976811120059 0.672835913312694 0.688732714138287 0.685891984864121 0.717531475748194 0.24831647746818 0.73040866873065 0.732140350877193 0.675990368077055 0.41683660130719 0.69246696989387 0.489955638049321 0.467875716713131 0.494971280074986 0.541622903433203 0 0 0 0 0.154440316477468 0.718611627106983 0 0.664963192294462 0.34431647746818 0.672835913312694 0.688732714138287 0.685891984864121 0.717531475748194 0.0938761609907121 0.011797041623667 0.732140350877193 0.0110271757825937 0.0725201238390093 0.0734649122807018 0.0890340047649989 0.823844487762616 0.517543859649123 0.333430799220273 0.253289473684211 0 0 0 0 0.119178534571723 0.884041967664259 0 0.816639834881321 0.404105263157895 0 0 0 0 0.282954936360509 0.667292053663571 0 0.628628138974888 0.409426900584795
#NONE#
