87
0
True False
0.139591922141863 8.34063138579593E-06 0 0.148642871143253 0.0273010629152926 0 0.0394328224251716 0.0233574081203546 0.000912453110833571 0.0920930712509461 0.163472332776033 2.47218788627936E-05 0.00134020068730726 0.0718530590374437 0.104410440456956 0.00789944786762904 0.0160032806837081 0.0196924914234062 0.0253493308764072 0.00907822729223545 0.071798541876606 0.0145187086452054 0 0.00227810053426756 0.0209411642248321 0.518075816993464 0.309942483660131 0.281916339869281 0.500674509803922 0.217074509803922 0.274162091503268 0.511129411764706 0.287129411764706 0.199137254901961 0.468246913580247 0.526190280394878 0.41723302741153 0.468066037112922 0.557389727221674 0 0 0 0 0.115082352941176 0.175092810457516 0 0.227678431372549 0.0874797385620915 0.518075816993464 0.309942483660131 0.281916339869281 0.500674509803922 0.101992156862745 0.0990692810457517 0.511129411764706 0.0594509803921569 0.111657516339869 0.104166666666667 0.111555555555556 0.942181069958848 0.558333333333333 0.453020576131687 0.333333333333333 0 0 0 0 0.084718954248366 0.240488888888889 0 0.124943790849673 0.1068 0 0 0 0 0.257335947712418 0.273592156862745 0 0.299262745098039 0.235547712418301
#NONE#
(Leaf218.txt) (listLeaf218ED.txt) (#NONE#)
(Neighbor1Leaf218.txt) (Neighbor2Leaf218.txt) (Neighbor3Leaf218.txt) (Neighbor4Leaf218.txt)
(#NONE#)
(#NONE#) (Node32.txt)
0.128325016254858 1.43803989410275E-06 1.48102729977622E-06 0.198907018525791 0.0101609892863355 0 0.0217628891416768 0.0335581690058032 0.00183742970634595 0.0859978849065451 0.202154168143203 0.000761210094992485 0.000432736945792774 0.0669242332094994 0.126792409084375 0.00440224949530613 0.00904397839941078 0.00808754761748869 0.020328322996722 0.00863369637441042 0.0440849880026949 0.00270331077109756 0.000221417808197559 0.00340914436197208 0.0214682708002882 0.517340094658553 0.322364210051837 0.27066892044174 0.535442416046878 0.245121929231463 0.332308767185035 0.548411990083389 0.278242055442867 0.17619292314627 0.481910032638002 0.494747574438531 0.420179759792185 0.494537217539372 0.550142794757216 0 0 0 0 0.122334009465855 0.178390353842686 0 0.158177146720757 0.0439594320486816 0.517340094658553 0.322364210051837 0.27066892044174 0.535442416046878 0.122787919765607 0.153918413342348 0.548411990083389 0.12006490872211 0.132233491097588 0.0876436781609195 0.0964594863062296 0.927999148573861 0.556752873563218 0.399948914431673 0.334051724137931 0 0 0 0 0.0709276538201487 0.438738336713996 0 0.163194951543836 0.0949109758846067 0 0 0 0 0.272420103673653 0.304485463150778 0 0.286416046878522 0.193806626098715
#NONE#
