11
0
True False
0.0878215985485514 0 0 0.263102122135731 0 0 0.000866444370195451 0.134194329501734 0 0.0780152831028925 0.118498540687172 0.000583982586442309 0 0.154452398486317 0.101278697654561 0 0.00119736651644692 0.00276737012393206 0.00654270678630208 0.000208776984425237 0.0421037237645932 0 0 0 0.00836665875070455 0.279516339869281 0.414117647058823 0.500797385620915 0.259137254901961 0.451346405228758 0.563477124183006 0.307267973856209 0.373411764705882 0.345228758169935 0.490205761316872 0.489904150476947 0.534981796543423 0.479518157485955 0.452070577518759 0 0 0 0 0.163712418300654 0.563477124183006 0 0.373411764705882 0.345228758169935 0.279516339869281 0.414117647058823 0.500797385620915 0.259137254901961 0.287633986928105 0 0.307267973856209 0 0 0.0625 0.126255144032922 0.955473251028806 0.5625 0.441481481481482 0.333333333333333 0 0 0 0 0.832836601307189 0.994248366013072 0 0.144823529411765 0.0389803921568628 0 0 0 0 0.374732026143791 0.455464052287582 0 0.390993464052287 0.372209150326797
#NONE#
(Leaf258.txt) (listLeaf258ED.txt) (#NONE#)
(Neighbor1Leaf258.txt) (Neighbor2Leaf258.txt) (Neighbor3Leaf258.txt) (Neighbor4Leaf258.txt)
(#NONE#)
(#NONE#) (Node38.txt)
0.062567054421973 0 0 0.163803262741732 0.00215970463074553 0 0.00695473205292041 0.0965887582286787 0 0.0940417577000225 0.106258258064317 0.000216178639763982 0.00392230138843792 0.173030454537946 0.0698873267816911 0.0120611325658937 0.0332326602014406 0.0178248945362674 0.0200797971692961 0.0241575657354758 0.0717291419721984 0.00382304225024739 0.000584696688592793 0.0304811074816187 0.00659617221074158 0.328299465240642 0.396021390374331 0.460367201426025 0.316663101604278 0.340770053475936 0.505907308377897 0.369026737967914 0.407928698752228 0.356224598930481 0.611010101010101 0.500494773091062 0.51369540552791 0.474650592385014 0.467937628677968 0 0 0 0 0.0801782531194296 0.481689839572192 0 0.403803921568627 0.34344385026738 0.328299465240642 0.396021390374331 0.460367201426025 0.316663101604278 0.260591800356506 0.0242174688057041 0.369026737967914 0.00412477718360071 0.0127807486631016 0.0852272727272727 0.110011223344557 0.936745230078563 0.545454545454545 0.425578002244669 0.340909090909091 0 0 0 0 0.759073083778966 0.89141889483066 0 0.301782531194296 0.0775187165775401 0 0 0 0 0.277461675579323 0.435333333333333 0 0.412898395721925 0.377939393939394
#NONE#
