77
0
True False
0.143904523608143 0 0 0.197514004927885 0.000745832265260697 0 0.00402817922280783 0.0253744839696543 0 0.0891012097384421 0.18819177480492 6.99192044748294E-05 0 0.081352229283436 0.140633265325221 0.0140815208367126 0.00531454152735882 0.00508256458280368 0.0147374672050482 0.0027860178390663 0.0676502285943173 2.31662620004156E-05 0.000178014806393746 0.00348972277816596 0.0157413332178891 0.402901960784314 0.419433823529412 0.326875 0.474117647058824 0.246394607843137 0.16555637254902 0.496411764705882 0.577977941176471 0.120803921568627 0.480856481481482 0.485287927738877 0.462629275379001 0.494092536271613 0.522327705270434 0 0 0 0 0.12644362745098 0.0208161764705883 0 0.510024509803921 0.019875 0.402901960784314 0.419433823529412 0.326875 0.474117647058824 0.119950980392157 0.144740196078431 0.496411764705882 0.067953431372549 0.100928921568627 0.0859375 0.101242283950617 0.928163580246914 0.55078125 0.388796296296296 0.28515625 0 0 0 0 0.0267843137254902 0.265313725490196 0 0.835338235294118 0.085953431372549 0 0 0 0 0.295713235294118 0.150644607843137 0 0.529213235294118 0.131848039215686
#NONE#
(Leaf377.txt) (listLeaf377ED.txt) (#NONE#)
(Neighbor1Leaf377.txt) (Neighbor2Leaf377.txt) (Neighbor3Leaf377.txt) (Neighbor4Leaf377.txt)
(#NONE#)
(#NONE#) (Node32.txt)
0.142604086207435 1.63194433111497E-06 0 0.178257370531724 0.00513697524733533 0 0.0141417386626307 0.0167770499750807 0.00198481736949652 0.0926294824760004 0.196530365627623 0.000127039916990012 0.000635836915687481 0.0763969016695067 0.144533220829917 0.00567592930164912 0.0072612167046695 0.0123579107135791 0.022256705177268 0.00501783849024659 0.0575665722243196 0.000806505023754371 5.1466482127561E-05 0.0027831835595049 0.0164661549491231 0.454656990068755 0.500664629488159 0.381867583396995 0.506722179781003 0.220548510313216 0.144000509294627 0.529736694677871 0.579142857142857 0.130828113063407 0.492395382395382 0.491998046094357 0.425951937037194 0.489158422900869 0.55475178902291 0 0 0 0 0.121692895339954 0.0218268398268398 0 0.532748663101605 0.00879959256429844 0.454656990068755 0.500664629488159 0.381867583396995 0.506722179781003 0.098855614973262 0.122173669467787 0.529736694677871 0.0463941940412529 0.122028520499109 0.0827922077922078 0.0975837742504409 0.922114798781466 0.549512987012987 0.383650793650794 0.313311688311688 0 0 0 0 0.0638044308632544 0.125255411255411 0 0.789632289279348 0.0943376623376624 0 0 0 0 0.256554112554113 0.146569900687548 0 0.530208810797046 0.140505729564553
#NONE#
