13
0
True False
0.192757055787682 0 0 0.483389826623051 0 0 0.00186772214942367 0.0199376947040498 0 0.077382451128703 0.139820363729537 0 0 0.0181857294936083 0.0387966738296449 0 8.2355363393041E-05 0 0.00284793199026245 0 0.0180433443679733 0 0 0 0.00688885083267216 0.0350065359477124 0.110888888888889 0.226143790849673 0.0666535947712418 0.240875816993464 0.424117647058824 0.0807712418300655 0.159816993464052 0.280183006535948 0.167242798353909 0.513400486704496 0.601507142167524 0.492985451097831 0.46738901219531 0 0 0 0 0 0 0 0 0 0.0350065359477124 0.110888888888889 0.226143790849673 0.0666535947712418 0.240875816993464 0.424117647058824 0.0807712418300655 0.159816993464052 0.280183006535948 0.0416666666666667 0.0649382716049384 0.946872427983539 0.5625 0.3840329218107 0.3125 0 0 0 0 0.352941176470588 1 0 0.141150326797386 0.470653594771242 0 0 0 0 0.216339869281046 0.342300653594771 0 0.151986928104575 0.270392156862745
#NONE#
(Leaf128.txt) (listLeaf128ED.txt) (#NONE#)
(Neighbor1Leaf128.txt) (Neighbor2Leaf128.txt) (Neighbor3Leaf128.txt) (Neighbor4Leaf128.txt)
(#NONE#)
(#NONE#) (Node24.txt)
0.27717798591602 0 0 0.432361547398698 0.00251433326442067 0 0.00487567514160937 0.0241389652304166 0.000876275827732139 0.0673807645836 0.0901296597737965 0 0 0.0350913936709431 0.0292681563488649 0 0.000276000560120187 0.00653553172741206 0.00462203813790541 0.000799814487852847 0.0140120480458487 0.00280404741968096 0 0.000632834276417679 0.00650292818866142 0.0945942684766214 0.103978883861237 0.174561085972851 0.107206636500754 0.143788838612368 0.339390648567119 0.159607843137255 0.172714932126697 0.306003016591252 0.174786324786325 0.486356039139857 0.580401647560867 0.494753175630697 0.472807097421356 0 0 0 0 0 0 0 0 0.0847420814479638 0.0945942684766214 0.103978883861237 0.174561085972851 0.107206636500754 0.143788838612368 0.339390648567119 0.159607843137255 0.172714932126697 0.221260935143288 0.0865384615384615 0.0539981006647674 0.922079772079772 0.543269230769231 0.341566951566952 0.283653846153846 0 0 0 0 0.133493212669683 0.68415987933635 0 0.156352941176471 0.378392156862745 0 0 0 0 0.133604826546003 0.284301659125189 0 0.165809954751131 0.289809954751131
#NONE#
