40
0
True False
0.0985200600284134 0 0 0.286761472820912 0.0108170330912534 0 0.0106112048248841 0.0108152851025988 0.00150601539451139 0.0469922507446425 0.171001816563252 0 0 0.0459909116448055 0.130466836327448 0 0.000643701380392492 5.76490708891408E-05 0.0395847875957804 0 0.0227650576614766 0 0 0 0.12346591774874 0.661574660633484 0.403444947209653 0.148217194570136 0.805927601809955 0.488666666666667 0.360190045248869 0.826696832579186 0.602449472096531 0.467653092006033 0.444463437796771 0.507603390102973 0.355080644001556 0.484698126276312 0.605927610511928 0 0 0 0 0.381266968325792 0.247858220211161 0 0.547897435897436 0.217704374057315 0.661574660633484 0.403444947209653 0.148217194570136 0.805927601809955 0.107399698340875 0.112331825037707 0.826696832579186 0.054552036199095 0.249948717948718 0.0673076923076923 0.0838176638176638 0.895555555555556 0.538461538461538 0.367758784425451 0.322115384615385 0 0 0 0 0.491158371040724 0.265221719457014 0 0.741327300150829 0.850775263951735 0 0 0 0 0.482283559577677 0.367149321266968 0 0.568844645550528 0.398283559577677
#NONE#
(Leaf10.txt) (listLeaf10ED.txt) (#NONE#)
(Neighbor1Leaf10.txt) (Neighbor2Leaf10.txt) (Neighbor3Leaf10.txt) (Neighbor4Leaf10.txt)
(#NONE#)
(#NONE#) (Node25.txt)
0.0792881975088697 0 0 0.20636725780196 0.00433346635464241 0 0.011591759294112 0.0155847635465679 0.000489455003216201 0.0312164335551572 0.264295148253584 0.000914935707220572 0 0.0471224826297931 0.184678262175763 0.000635816189944782 0.000456285030618934 0.00561549831940292 0.0391079339742228 0.000179013870213343 0.0287048935911244 0.000274766064444344 0 4.01249813244543E-05 0.0791035061478175 0.655202941176471 0.41978431372549 0.230091176470588 0.763996078431372 0.490466666666667 0.392095098039216 0.76476568627451 0.573972549019608 0.47918137254902 0.574916666666667 0.502496396184936 0.403030300763379 0.482393394844899 0.592333925674984 0 0 0 0 0.428730392156863 0.318014705882353 0 0.542748039215686 0.341142156862745 0.655202941176471 0.41978431372549 0.230091176470588 0.763996078431372 0.0617362745098039 0.0740803921568627 0.76476568627451 0.0312245098039216 0.138039215686275 0.05 0.0828456790123457 0.875114197530864 0.53125 0.343583333333333 0.3 0 0 0 0 0.455836274509804 0.333207843137255 0 0.673160784313726 0.713848039215686 0 0 0 0 0.483046078431372 0.392020588235294 0 0.54286568627451 0.431774509803922
#NONE#
