50
0
True False
0.0196629530495736 0 0 0.0568387790960539 0.000378830966072352 0 0.00572546198492872 0.000427055619403183 0.000331138677313792 0.0123141325847309 0.337669328946679 0 1.19557960877094E-05 0.0145881325671609 0.469155269133483 0.00450161546608491 0.00304633956150399 0.00388735697304551 0.0393648439095983 0.00099391594714506 0.0162855047648408 0.000135802950764748 9.56759416609661E-05 0.000323241883981845 0.0142626641798876 0.161504111321948 0.446912080961417 0.580659076533839 0.2888981657179 0.578985452245414 0.708957621758381 0.305015812776724 0.58384440227704 0.706097406704617 0.821549183592194 0.498937998213312 0.521172222619292 0.474780711627618 0.398892644851893 0 0 0 0 0.578985452245414 0.708957621758381 0 0.58384440227704 0.706097406704617 0.161504111321948 0.446912080961417 0.580659076533839 0.2888981657179 0 0 0.305015812776724 0 0 0.0221774193548387 0.0592074870569494 0.743070489844683 0.411290322580645 0.148677817602549 0.127016129032258 0 0 0 0 0.61728779253637 0.760465528146743 0 0.583769765970905 0.701811511701455 0 0 0 0 0.559052498418722 0.687127134724858 0 0.568091081593928 0.690302340290955
#NONE#
(Leaf124.txt) (listLeaf124ED.txt) (#NONE#)
(Neighbor1Leaf124.txt) (Neighbor2Leaf124.txt) (Neighbor3Leaf124.txt) (Neighbor4Leaf124.txt)
(#NONE#)
(#NONE#) (Node8.txt)
0.03664183714399 0 0 0.0639347142239484 0.0144897003970244 0 0.0168823200071673 0.00194324485312632 0.000205305979934551 0.0162043140737227 0.319879072623299 1.7286084701815E-05 9.88325447617104E-06 0.0202421417252118 0.398686452701793 0.0033467291334704 0.00294344617104056 0.0110560247247304 0.0404133567190651 0.00163394033968089 0.0270934012809118 0.000202789552760123 6.6730151249583E-05 0.000968676275025437 0.0231386325836697 0.18692862745098 0.466752156862745 0.553045490196079 0.299927843137255 0.618818039215686 0.696108235294117 0.326607843137255 0.562108235294118 0.678565490196078 0.779113580246914 0.498028945993025 0.508454007465529 0.477983308976781 0.439909691720249 0 0 0 0 0.618818039215686 0.689066666666666 0 0.548214901960784 0.678565490196078 0.18692862745098 0.466752156862745 0.553045490196079 0.299927843137255 0 0.00704156862745098 0.326607843137255 0.0138933333333333 0 0.0275 0.0634444444444445 0.796602469135803 0.46125 0.213958024691358 0.17 0 0 0 0 0.696017254901961 0.808209411764706 0 0.530538039215686 0.710472156862745 0 0 0 0 0.590236862745098 0.658440784313726 0 0.546757647058824 0.656860392156863
#NONE#
