80
0
True False
0.186247344974547 0 0 0.287301815198869 0.000834302298113498 0 0.0178884263848409 0.0224237585538322 0 0.045572020547108 0.282555927753563 0.000272142503711034 0 0.0361162291633672 0.0876292119640265 0.000100469926778432 0.000703776127472984 0.00739936448896054 0.00870575280618227 0.00343924091005746 0.00809673240015712 0.00141222819864974 0 0.000678851463143575 0.00262240433661921 0.374716339869281 0.349448366013072 0.283281045751634 0.472303267973856 0.233317647058824 0.124724183006536 0.460141176470588 0.209037908496732 0.168402614379085 0.379588477366255 0.481749548532502 0.372679281314102 0.500745289487601 0.575123558326269 0 0 0 0 0.0240915032679739 0 0 0.0737045751633987 0.0832366013071895 0.374716339869281 0.349448366013072 0.283281045751634 0.472303267973856 0.20922614379085 0.124724183006536 0.460141176470588 0.135333333333333 0.0851660130718954 0.0666666666666667 0.0791687242798354 0.919432098765432 0.5625 0.374971193415638 0.3125 0 0 0 0 0.345997385620915 0.213022222222222 0 0.114135947712418 0.163850980392157 0 0 0 0 0.213945098039216 0.107662745098039 0 0.215694117647059 0.166243137254902
#NONE#
(Leaf306.txt) (listLeaf306ED.txt) (#NONE#)
(Neighbor1Leaf306.txt) (Neighbor2Leaf306.txt) (Neighbor3Leaf306.txt) (Neighbor4Leaf306.txt)
(#NONE#)
(#NONE#) (Node32.txt)
0.16799031595623 0.000598767184506531 0.00103117718343133 0.271937846364183 0.0200380042737001 0 0.0269183456626613 0.0279180395699054 0.0057901887235439 0.0744982790747021 0.191078971227539 0.000425120283077354 0.00040992491578124 0.0526782187512599 0.0759851888726303 0.00855476530217949 0.00419239909202307 0.00830980130076953 0.01022312267571 0.013643541562599 0.0208048838719341 0.000583293723690263 0.00138132484817132 0.00530586247078199 0.00970261710899079 0.372628431372549 0.406887745098039 0.275789705882353 0.490758823529412 0.245628431372549 0.146580392156863 0.442005882352941 0.214434803921569 0.191470098039216 0.358064814814815 0.473923194472865 0.402914012785728 0.504277654522966 0.541545136190065 0 0 0 0 0.0575725490196079 0.0140911764705882 0 0.037881862745098 0.0509078431372549 0.372628431372549 0.406887745098039 0.275789705882353 0.490758823529412 0.188055882352941 0.132489215686275 0.442005882352941 0.17655294117647 0.140562254901961 0.07734375 0.0847330246913581 0.926350308641975 0.55 0.381773148148148 0.30390625 0 0 0 0 0.272436764705882 0.140775980392157 0 0.18770637254902 0.167791666666667 0 0 0 0 0.238150980392157 0.153273529411765 0 0.212902941176471 0.188008333333333
#NONE#
