1
0
True False
0.709729261960687 0 0 0.0876498949190258 0.000370874026455681 0 0.000741748052911361 0.000247249350970454 0 0.104339226109531 0.00630485844974657 0 0 0.0153294597601681 0.0153294597601681 0 0.000988997403881815 0 0.00729385585362838 0 0.0404252688836692 0 0 0 0.0112498454691556 0.0223137254901961 0.112392156862745 0.0554117647058823 0.0355294117647059 0.0276862745098039 0.107607843137255 0.0355294117647059 0.0815294117647059 0.176980392156863 0.0918518518518519 0.519194630872483 0.419627143922446 0.49202438212784 0.502070665819645 0 0 0 0 0 0 0 0 0 0.0223137254901961 0.112392156862745 0.0554117647058823 0.0355294117647059 0.0276862745098039 0.107607843137255 0.0355294117647059 0.0815294117647059 0.176980392156863 0 0.0209876543209877 0.701358024691358 0.5 0.200987654320988 0.0625 0 0 0 0 0 0.114 0 0.112156862745098 0.279058823529412 0 0 0 0 0.0608235294117647 0.0914509803921569 0 0.0607450980392157 0.147921568627451
#NONE#
(Leaf420.txt) (listLeaf420ED.txt) (#NONE#)
(Neighbor1Leaf420.txt) (Neighbor2Leaf420.txt) (Neighbor3Leaf420.txt) (Neighbor4Leaf420.txt)
(#NONE#)
(#NONE#) (Node35.txt)
0.709729261960687 0 0 0.0876498949190258 0.000370874026455681 0 0.000741748052911361 0.000247249350970454 0 0.104339226109531 0.00630485844974657 0 0 0.0153294597601681 0.0153294597601681 0 0.000988997403881815 0 0.00729385585362838 0 0.0404252688836692 0 0 0 0.0112498454691556 0.0223137254901961 0.112392156862745 0.0554117647058823 0.0355294117647059 0.0276862745098039 0.107607843137255 0.0355294117647059 0.0815294117647059 0.176980392156863 0.0918518518518519 0.519194630872483 0.419627143922446 0.49202438212784 0.502070665819645 0 0 0 0 0 0 0 0 0 0.0223137254901961 0.112392156862745 0.0554117647058823 0.0355294117647059 0.0276862745098039 0.107607843137255 0.0355294117647059 0.0815294117647059 0.176980392156863 0 0.0209876543209877 0.701358024691358 0.5 0.200987654320988 0.0625 0 0 0 0 0 0.114 0 0.112156862745098 0.279058823529412 0 0 0 0 0.0608235294117647 0.0914509803921569 0 0.0607450980392157 0.147921568627451
#NONE#
