55
0
True False
0.672296769136886 0.000468523724337679 0 0.0965794894822933 0.023349955390714 8.1314034802407E-05 0.0270738130918373 0.00226003856541095 0.000933957248450896 0.0283046916129166 0.0759582188777124 0.000286426022609851 0.00234732339446222 0.00758472764081776 0.0331948192955787 0.00201100337890332 0.00371283558494317 0.0011883546482878 0.00415294155310949 0.00206628297898813 0.00624700835973824 9.78366804766903E-05 0.00287109717701305 0.000810127366526389 0.00612244475318434 0.0659512774806892 0.0442697563874035 0.0932549019607843 0.0551325014854427 0.35539275103981 0.285109922756982 0.0557682709447415 0.0839904931669637 0.148903149138443 0.138413767302656 0.44439126318881 0.512641853661147 0.502976546443386 0.48624839379557 0 0 0 0 0.251724301841949 0.12762091503268 0 0.00756030897207367 0.0643006535947712 0.0659512774806892 0.0442697563874035 0.0932549019607843 0.0551325014854427 0.103668449197861 0.157489007724302 0.0557682709447415 0.0764301841948901 0.084602495543672 0.0340909090909091 0.0362738496071829 0.667721661054995 0.450757575757576 0.22914328469884 0.198863636363636 0 0 0 0 0.506825906120024 0.477776589423648 0 0.0381057635175283 0.151758764111705 0 0 0 0 0.327871657754011 0.247107546048723 0 0.0773511586452763 0.13929055258467
#NONE#
(Leaf239.txt) (listLeaf239ED.txt) (#NONE#)
(Neighbor1Leaf239.txt) (Neighbor2Leaf239.txt) (Neighbor3Leaf239.txt) (Neighbor4Leaf239.txt)
(#NONE#)
(#NONE#) (Node15.txt)
0.577388886747503 0.000281114234602607 0 0.139435714486111 0.0256223137663935 4.87884208814442E-05 0.0210437209422072 0.00468653269255677 0.000569441457003124 0.0637795981091598 0.0767378944709395 0.000171855613565911 0.00140839403667733 0.0198338309725947 0.0327618512283296 0.00333522708207173 0.00346133501111405 0.00201677368543029 0.00425162934193587 0.00467347952185412 0.0106992867106328 6.54560269271056E-05 0.00179513192128234 0.0010043086508805 0.00492743486934546 0.064979679144385 0.0625532976827095 0.106628877005348 0.0590467023172906 0.360048484848485 0.299137254901961 0.066804991087344 0.107251336898396 0.167070944741533 0.159658810325477 0.472203258380102 0.530314246915024 0.500452524987748 0.481993449172114 0 0 0 0 0.210673796791444 0.148959001782531 0 0.0154459893048128 0.0731764705882353 0.064979679144385 0.0625532976827095 0.106628877005348 0.0590467023172906 0.149374688057041 0.15017825311943 0.066804991087344 0.0918053475935829 0.0938944741532977 0.0590909090909091 0.0435061728395062 0.744662177328844 0.492045454545455 0.273784511784512 0.239772727272727 0 0 0 0 0.612951871657754 0.503050267379679 0 0.050427807486631 0.145116577540107 0 0 0 0 0.311900891265597 0.26099679144385 0 0.108954010695187 0.165212834224599
#NONE#
