23
0
True False
0.0128399025517656 0 0 0.101732511304422 0 0 0.0368210181450076 0 0 0.0143839585448625 0.472230256518147 0 0 0.00185198143726999 0.27634389225811 0 0.00145061728395062 9.25925925925925E-05 0.024907460766109 0 0.0560803612536552 0 0 0 0.00126544734410874 0.408441176470588 0.53306862745098 0.630019607843137 0.180029411764706 0.466401960784314 0.467833333333333 0.231666666666667 0.443009803921569 0.605019607843137 0.781728395061729 0.460001023096022 0.529546042958521 0.559647449176926 0.390500744134341 0 0 0 0 0.466401960784314 0.467833333333333 0 0.443009803921569 0.605019607843137 0.408441176470588 0.53306862745098 0.630019607843137 0.180029411764706 0 0 0.231666666666667 0 0 0.03125 0.0587345679012346 0.918055555555556 0.515625 0.401172839506173 0.296875 0 0 0 0 0.32771568627451 0.130666666666667 0 0.374911764705882 0.867980392156863 0 0 0 0 0.476058823529411 0.480401960784314 0 0.432911764705883 0.542735294117647
#NONE#
(Leaf170.txt) (listLeaf170ED.txt) (#NONE#)
(Neighbor1Leaf170.txt) (Neighbor2Leaf170.txt) (Neighbor3Leaf170.txt) (Neighbor4Leaf170.txt)
(#NONE#)
(#NONE#) (Node21.txt)
0.063881518700275 5.46277935287917E-06 0.000125928724342023 0.111173062937231 0.0246655362430775 0 0.0392959100143949 0.00207613900232524 0.00596262675931136 0.0236945673027446 0.306651801917671 0.000180271718645012 0 0.0203047706287812 0.263472762225018 0 0.00410128242555712 0.00258231123964609 0.0334492906439856 7.52809407724675E-05 0.0638600273500281 1.6425485783742E-05 0 0.000301133906035271 0.0341238890550222 0.277763000852515 0.643278772378517 0.700068201193521 0.169745950554135 0.508513213981245 0.543589087809036 0.171647058823529 0.534192668371696 0.610949701619778 0.677289318303811 0.47433482434818 0.534602330506156 0.524575182128459 0.404142466721794 0 0 0 0 0.493002557544757 0.531867007672634 0 0.510520034100597 0.610949701619778 0.277763000852515 0.643278772378517 0.700068201193521 0.169745950554135 0.0155106564364877 0.0117220801364024 0.171647058823529 0.0236726342710997 0 0.0652173913043478 0.0725335480407945 0.916999463231347 0.535326086956522 0.361460010735373 0.277173913043478 0 0 0 0 0.42921568627451 0.419244671781756 0 0.55596589940324 0.764625745950554 0 0 0 0 0.506011935208866 0.540124467178176 0 0.51337936913896 0.568610400682012
#NONE#
