65
0
True False
0.246161308243291 0 0 0.256351619173476 0.000423104515327701 0 0.00637689755121089 0.00619845674348152 0 0.225818495127559 0.0641274420694052 0 0.0150370917439941 0.035562974298705 0.0327098987353025 0.04935793782529 0.0174630524294377 0.00172688047939948 0.00994554125371574 0.00122807356700365 0.0258780980593082 0 0.000401570268928173 0 0.00523155791516454 0.365160130718954 0.178486928104575 0.155156862745098 0.239274509803922 0.135408496732026 0.186826797385621 0.188738562091503 0.148081699346405 0.144202614379085 0.189372427983539 0.527071710160014 0.494478756308984 0.486617245067004 0.48997130101515 0 0 0 0 0 0.101 0 0.0318202614379085 0.0430751633986928 0.365160130718954 0.178486928104575 0.155156862745098 0.239274509803922 0.135408496732026 0.0858267973856209 0.188738562091503 0.116261437908497 0.101127450980392 0.104166666666667 0.0786213991769547 0.928744855967078 0.557291666666667 0.369506172839506 0.239583333333333 0 0 0 0 0.145330065359477 0.0996633986928104 0 0.124895424836601 0.0399084967320261 0 0 0 0 0.127513071895425 0.190856209150327 0 0.139882352941176 0.161330065359477
#NONE#
(Leaf389.txt) (listLeaf389ED.txt) (#NONE#)
(Neighbor1Leaf389.txt) (Neighbor2Leaf389.txt) (Neighbor3Leaf389.txt) (Neighbor4Leaf389.txt)
(#NONE#)
(#NONE#) (Node19.txt)
0.269374761185427 5.70011685239548E-06 0.000526476509766647 0.219686711191757 0.0187469777217233 0 0.018649370196542 0.0123964621350403 0.00152769701137404 0.203834065260509 0.0751627188751215 0.000152296551110358 0.00681587650867575 0.0345293666630497 0.0349428346469665 0.0313018740619379 0.0125686308943103 0.00215403799988984 0.00669254523737929 0.0103876904895288 0.0293733305358786 0.000956573921473099 0.000514040830601246 0.00216923700961991 0.00753072444546528 0.312742081447964 0.194954449472097 0.151140874811463 0.246556259426848 0.139096229260935 0.142491101055807 0.208643137254902 0.183925791855204 0.138492911010558 0.25548717948718 0.501624938519 0.460665252032582 0.49068019809321 0.502153444292944 0 0 0 0 0.0236380090497738 0.0473194570135747 0 0.060905580693816 0.0365212669683258 0.312742081447964 0.194954449472097 0.151140874811463 0.246556259426848 0.115458220211161 0.0951716440422323 0.208643137254902 0.123020211161388 0.101971644042232 0.0855769230769231 0.0754814814814815 0.908208926875594 0.549038461538462 0.349164292497626 0.263461538461538 0 0 0 0 0.105053996983409 0.118298642533937 0 0.158816892911011 0.0949363499245852 0 0 0 0 0.144500150829563 0.144970739064857 0 0.18406334841629 0.14278371040724
#NONE#
