87
0
True False
0.0290691765459541 0 0 0.0348399571287712 0 0 0.000320220055370372 0.000594642439507888 0 0.0238586453470149 0.0977544100937855 0 0 0.0308155019448622 0.695745027368453 3.20107038120021E-05 0.000786540016338389 0.00316093055034116 0.0487916187335278 0.00025154477675905 0.0194221921594052 0 0 9.14494741655237E-06 0.0145484371886807 0.615103848946986 0.626155410312273 0.603830065359477 0.704601307189543 0.606329702251271 0.529251997095134 0.71084531590414 0.643501815541031 0.60359186637618 0.841362597165066 0.497792697733093 0.487504924003715 0.477808267497603 0.532112915617066 0 0 0 0 0.563179375453885 0.504904865649964 0 0.630320987654321 0.599491648511256 0.615103848946986 0.626155410312273 0.603830065359477 0.704601307189543 0.0431503267973856 0.0243471314451707 0.71084531590414 0.0131808278867102 0.00410021786492374 0.0462962962962963 0.0708733424782807 0.657274805669867 0.430555555555556 0.193799725651578 0.217592592592593 0 0 0 0 0.698249818445897 0.623767610748003 0 0.709648511256354 0.666275962236746 0 0 0 0 0.572663761801017 0.507525054466231 0 0.614053740014524 0.576646332607117
#NONE#
(Leaf243.txt) (listLeaf243ED.txt) (#NONE#)
(Neighbor1Leaf243.txt) (Neighbor2Leaf243.txt) (Neighbor3Leaf243.txt) (Neighbor4Leaf243.txt)
(#NONE#)
(#NONE#) (Node26.txt)
0.0364955388357036 0 0 0.0499183979108839 0.000551601494883186 0 0.00504609175212672 0.0104172482818856 0.000350549491713715 0.0293441114021002 0.125702548666365 0.000318031390925649 5.67687510732843E-06 0.0545932333421582 0.49981845063585 0.00115954041806414 0.00339372764915184 0.0116133303490343 0.0497484233814096 0.00704211225291346 0.0763024591219256 0.00692128083068336 2.84124476155044E-06 0.00467102683323654 0.0265837778391165 0.616704079332882 0.667193599278792 0.622069416272256 0.687180527383367 0.622179851250845 0.594096461573135 0.687885057471265 0.644501690331305 0.570782059950417 0.810131971051511 0.489586330398988 0.478447253112674 0.50464537562321 0.543761067258834 0 0 0 0 0.593204868154158 0.570871760198332 0 0.64041108857336 0.557018706333108 0.616704079332882 0.667193599278792 0.622069416272256 0.687180527383367 0.0289749830966869 0.0232247013748028 0.687885057471265 0.00409060175794455 0.013763353617309 0.0395114942528736 0.071941251596424 0.766389953171562 0.480603448275862 0.274257130693912 0.251436781609195 0 0 0 0 0.671917962587334 0.665111561866126 0 0.709080459770115 0.647785440613027 0 0 0 0 0.59554338517016 0.569879648411088 0 0.617155285102547 0.545081812035159
#NONE#
