31
0
True False
0.54177748555145 0 0 0.0219236995057366 1.13750113750114E-05 0 0.000399150687408255 0 0 0.00804645178055001 0.0291998932735898 0 2.27785244071889E-05 0.00413058980721284 0.095161144757041 0.00603869163969207 0.00541882646101296 0.000342090436320311 0.0462374962675093 0.000630660811695858 0.0295472373637571 0 1.15016562384984E-05 1.13764348528458E-05 0.21108955003015 0.00782887700534759 0.011572192513369 0.00764349376114082 0.00703030303030303 0.750809269162211 0.86888770053476 0.0075650623885918 0.389465240641711 0.698385026737968 0.441301907968575 0.480550913998413 0.486581873371435 0.506999501984951 0.499006719433562 0 0 0 0 0.750809269162211 0.86888770053476 0 0.386916221033868 0.698385026737968 0.00782887700534759 0.011572192513369 0.00764349376114082 0.00703030303030303 0 0 0.0075650623885918 0.00254901960784314 0 0.0852272727272727 0.0602693602693603 0.530650953984287 0.477272727272727 0.238148148148148 0.278409090909091 0 0 0 0 0.642695187165775 0.868121212121212 0 0.323376114081996 0.797212121212121 0 0 0 0 0.710345811051693 0.841850267379679 0 0.413276292335116 0.627358288770054
#NONE#
(Leaf421.txt) (listLeaf421ED.txt) (#NONE#)
(Neighbor1Leaf421.txt) (Neighbor2Leaf421.txt) (Neighbor3Leaf421.txt) (Neighbor4Leaf421.txt)
(#NONE#)
(#NONE#) (Node33.txt)
0.487310078556164 0 0 0.0723177490180819 0.000253912235248964 0 0.00567951566930335 0.00661065253488065 0 0.0410754570026995 0.0645280465720772 1.20321016471947E-05 0.0007842951848837 0.0520921564213475 0.0761780593140921 0.00577996165743839 0.00900454594302328 0.0177077993796624 0.0225954111414383 0.0114514184718936 0.0381033901195049 0.000545212732035382 8.12765339521552E-06 0.00558020578790799 0.0823819725032747 0.048168247944339 0.0376116382036686 0.0600392156862745 0.0309955724225174 0.61413788741303 0.719162555344718 0.0474294750158128 0.457076533839342 0.655510436432638 0.389761051373955 0.507009953327751 0.501380212293791 0.48946765357252 0.488073523891479 0 0 0 0 0.60262871600253 0.719162555344718 0 0.440631246046806 0.655510436432638 0.048168247944339 0.0376116382036686 0.0600392156862745 0.0309955724225174 0.0115091714104997 0 0.0474294750158128 0.0164452877925364 0 0.0806451612903226 0.0590521704500199 0.703723616089208 0.526209677419355 0.286009557945042 0.278225806451613 0 0 0 0 0.619387729285262 0.85332321315623 0 0.4435091714105 0.826608475648324 0 0 0 0 0.582779253636939 0.657325743200506 0 0.447795066413662 0.597032258064516
#NONE#
