1
0
True False
0.662978506931197 0 0 0.147526389418797 0 0 0.00063588960956378 0 0 0.0339565051507058 0.09690957649752 0 0 0.00305227012590614 0.0429861376065115 0 0 0 0.000763067531476536 0 0.00966552206536945 0 0 0 0.00152613506295307 0.0314117647058824 0.00784313725490196 0.00905882352941177 0.00858823529411765 0.0208627450980392 0.293137254901961 0.00784313725490196 0.158549019607843 0.173529411764706 0.144691358024691 0.408094562647754 0.57771158392435 0.507354260089686 0.480558046836074 0 0 0 0 0 0.293137254901961 0 0 0 0.0314117647058824 0.00784313725490196 0.00905882352941177 0.00858823529411765 0.0208627450980392 0 0.00784313725490196 0.158549019607843 0.173529411764706 0.0625 0.028641975308642 0.569506172839506 0.4375 0.21716049382716 0.3125 0 0 0 0 0 0 0 0.229019607843137 0.49521568627451 0 0 0 0 0.0624313725490196 0.341372549019608 0 0.135019607843137 0.12878431372549
#NONE#
(Leaf398.txt) (listLeaf398ED.txt) (#NONE#)
(Neighbor1Leaf398.txt) (Neighbor2Leaf398.txt) (Neighbor3Leaf398.txt) (Neighbor4Leaf398.txt)
(#NONE#)
(#NONE#) (Node36.txt)
0.662978506931197 0 0 0.147526389418797 0 0 0.00063588960956378 0 0 0.0339565051507058 0.09690957649752 0 0 0.00305227012590614 0.0429861376065115 0 0 0 0.000763067531476536 0 0.00966552206536945 0 0 0 0.00152613506295307 0.0314117647058824 0.00784313725490196 0.00905882352941177 0.00858823529411765 0.0208627450980392 0.293137254901961 0.00784313725490196 0.158549019607843 0.173529411764706 0.144691358024691 0.408094562647754 0.57771158392435 0.507354260089686 0.480558046836074 0 0 0 0 0 0.293137254901961 0 0 0 0.0314117647058824 0.00784313725490196 0.00905882352941177 0.00858823529411765 0.0208627450980392 0 0.00784313725490196 0.158549019607843 0.173529411764706 0.0625 0.028641975308642 0.569506172839506 0.4375 0.21716049382716 0.3125 0 0 0 0 0 0 0 0.229019607843137 0.49521568627451 0 0 0 0 0.0624313725490196 0.341372549019608 0 0.135019607843137 0.12878431372549
#NONE#
