85
0
True False
0.311223109331259 0.00133358208439571 0 0.271456315729397 0.00174242620851032 0 0.00831786066867222 0.0117125188498918 0.000352397338363633 0.0689545227257141 0.129024057649837 6.90975173262026E-06 0 0.0394993752510678 0.073343275520083 0.0123922078973939 0.00453384730433148 0.00593690937377786 0.00720253186379102 0.00449324303613652 0.0400838453649093 0.000162512968283826 0.000767341967572022 0.000793215430371935 0.00666799368450686 0.0953250773993808 0.17803302373581 0.207785345717234 0.168943240454076 0.280860681114551 0.120196078431372 0.218676986584107 0.568856553147575 0.156270381836945 0.280305393112411 0.524274814716907 0.47071649853665 0.473540287955529 0.501673162214687 0 0 0 0 0.176229102167183 0 0 0.54162435500516 0.0353973168214654 0.0953250773993808 0.17803302373581 0.207785345717234 0.168943240454076 0.104631578947368 0.120196078431372 0.218676986584107 0.0272321981424148 0.12087306501548 0.0888157894736842 0.0691487979207278 0.888174139051332 0.542763157894737 0.360233918128655 0.266447368421053 0 0 0 0 0.246990712074303 0.0867079463364294 0 0.781644994840041 0.166293085655315 0 0 0 0 0.276361197110423 0.130313725490196 0 0.515362229102167 0.144385964912281
#NONE#
(Leaf90.txt) (listLeaf90ED.txt) (#NONE#)
(Neighbor1Leaf90.txt) (Neighbor2Leaf90.txt) (Neighbor3Leaf90.txt) (Neighbor4Leaf90.txt)
(#NONE#)
(#NONE#) (Node15.txt)
0.291789022091623 0.0025343795850211 0 0.227170607225876 0.0148127506092832 7.69739981834137E-06 0.0164514156649832 0.0176114396691907 0.000377958889655352 0.105999217491745 0.10510495569707 0.00113664891810891 0.000297392571070283 0.0557697903014526 0.0480923442833491 0.0213457662669522 0.0140141785206984 0.0076739204346265 0.00782490383765521 0.0105977763600771 0.0368861495864266 0.000849966720894731 0.000795282702486482 0.00160023860884967 0.011256196563087 0.103720876585928 0.163105882352941 0.156882583621684 0.145186620530565 0.330951326412918 0.135503114186851 0.175432064590542 0.524591926182238 0.23637324106113 0.330113289760349 0.518664707230865 0.471401257394332 0.477073371424271 0.505072234323925 0 0 0 0 0.250170242214533 0.0174694348327566 0 0.476576239907728 0.124093656286044 0.103720876585928 0.163105882352941 0.156882583621684 0.145186620530565 0.0807810841983853 0.118033679354095 0.175432064590542 0.0480156862745098 0.112279584775087 0.0786764705882353 0.0677269426289034 0.86518373275236 0.536764705882353 0.333892519970951 0.266911764705882 0 0 0 0 0.319794694348328 0.111571856978085 0 0.741518800461361 0.269758246828143 0 0 0 0 0.329036216839677 0.13961568627451 0 0.470759861591695 0.222056286043829
#NONE#
