0
4
False False
#NONE#
0.0691139417983797 0 0 0.192687345823215 0.000971556358368 0 0.00631725849132931 0.008270816145902 0.000166481762220143 0.0627220744588186 0.278014322775399 0 3.44210381385102E-06 0.0632152466906602 0.155313106472634 0.00209705075445816 0.00512906957540335 0.00702328430589431 0.027051353345455 0.000814511705407367 0.097124764874857 0.000578775263454377 0 0.000137178024467649 0.0232484192698626 0.543089433551198 0.469165250544662 0.484005991285403 0.615022440087146 0.32968779956427 0.603849455337691 0.551388888888889 0.304008496732026 0.521612527233115 0.59457304526749 0.450388451247697 0.464157731500608 0.535643850187818 0.516099197150769 0 0 0 0 0.206488235294118 0.493123965141612 0 0.0953850762527234 0.444993246187364 0.543089433551198 0.469165250544662 0.484005991285403 0.615022440087146 0.123199564270152 0.110725490196078 0.551388888888889 0.208623420479303 0.0766192810457515 0.0730902777777778 0.0949471879286693 0.922727023319616 0.548611111111111 0.397905692729767 0.330208333333333 0 0 0 0 0.331925381263617 0.805722440087146 0 0.358620697167756 0.683586819172113 0 0 0 0 0.328003703703704 0.533447821350763 0 0.30025697167756 0.492172004357298
(Node27.txt) (#NONE#) (listNode27EC.txt)
(Neighbor1Node27.txt) (Neighbor2Node27.txt)
(#NONE#)
(#NONE#) (Root.txt)
#NONE#
0.0751944084360806 2.40361628808815E-05 0.00047388491094431 0.16804667092157 0.00437940821789877 0 0.0178750131731983 0.0341117374686551 0.00867339048840532 0.0643117984292337 0.211082510044689 0.000815076108489634 0.000695057772990748 0.0910072272497278 0.168883104345905 0.00460750198794237 0.00714234525323135 0.0130290856752492 0.0302111462602325 0.00285569242749986 0.0650161433679948 0.00125953322682598 3.06745302251727E-05 0.00202273806141511 0.0282518154787133 0.475486483524592 0.46317697035697 0.442770695073922 0.56602156130198 0.328800521099302 0.573056552624659 0.552631670575354 0.291443307474776 0.55952062576506 0.604585820957462 0.484411258864788 0.48334238885816 0.511675072763839 0.49896430289528 0 0 0 0 0.20316037122088 0.483684450034097 0 0.129204878604211 0.512909907973332 0.475486483524592 0.46317697035697 0.442770695073922 0.56602156130198 0.125640149878422 0.0893721025905625 0.552631670575354 0.162238428870565 0.046610717791728 0.0742343166251557 0.0955091381019513 0.924564095725303 0.550949691036331 0.394470997140799 0.315948867584421 0 0 0 0 0.358581667054174 0.81100237768145 0 0.313379898076869 0.777842044379612 0 0 0 0 0.31825571432717 0.513965995598701 0 0.281629441915918 0.508352894206756
