0
21
False False
#NONE#
0.365436645471767 3.75079081822866E-05 8.96893162086533E-07 0.176226064237775 0.017929417605731 9.06478724899571E-06 0.0246828906635302 0.00760804681788496 0.00281846469086555 0.0941664997124232 0.101446130565159 0.000762036539056002 0.00013444861136799 0.0481614511929447 0.0777604062134449 0.00431205308433054 0.005100042132879 0.00905005509879564 0.0169453659084114 0.0054932854256227 0.0220082293427237 0.00246620899292226 0.000297144550521065 0.00248598855465035 0.0146616549986003 0.240244797120991 0.272457065469545 0.220867745737071 0.23432937251112 0.254864995456 0.172102702205734 0.218076344924098 0.306012387215059 0.201464411403542 0.286111229166834 0.490418361266247 0.489544117521947 0.493546257661981 0.506810074668036 0 0 0 0 0.1338607789164 0.0442876677922631 0 0.199472698461219 0.0687437045029438 0.240244797120991 0.272457065469545 0.220867745737071 0.23432937251112 0.121004216539599 0.127815034413471 0.218076344924098 0.10653968875384 0.132720706900599 0.0591138920603206 0.0642356732502931 0.81520947060278 0.520260894467896 0.309036897804177 0.27105417269656 0 0 0 0 0.268556259034837 0.19826002762173 0 0.29058128810204 0.236394938765757 0 0 0 0 0.235742696289001 0.165031590260772 0 0.300704153303165 0.18949925775692
(Node3.txt) (#NONE#) (listNode3EC.txt)
(Neighbor1Node3.txt) (Neighbor2Node3.txt)
(#NONE#)
(#NONE#) (Root.txt)
#NONE#
0.339345363710181 1.92129908463946E-05 8.96893162086533E-07 0.181033956828341 0.0362843019918426 4.09717822059654E-06 0.0233030243123518 0.00967204094860987 0.00199728626570444 0.100819352031962 0.0944443650965141 0.000274030999776798 0.000155551024715197 0.0525585706819227 0.0661678066859162 0.00866673195401186 0.00557455036371427 0.009279372123032 0.0158259915126699 0.00825231171143154 0.0281317700104338 0.00254639038671111 0.000201785477947718 0.00223796988252938 0.0132032689374515 0.202399751390552 0.266185061882797 0.22208586628436 0.217436270530039 0.263759671115089 0.174048633528956 0.218221137787984 0.295742221915818 0.190702786955953 0.282095214142966 0.487323197595267 0.48299243192116 0.496138950182156 0.504865434949438 0 0 0 0 0.155316446085613 0.0546552563729932 0 0.188052846584355 0.0608070443086481 0.202399751390552 0.266185061882797 0.22208586628436 0.217436270530039 0.108443225029475 0.119393377155963 0.218221137787984 0.107689375331463 0.129895742647305 0.0645125428625531 0.0655507600027482 0.81613667179299 0.515951976292955 0.319467735935933 0.271769901962585 0 0 0 0 0.289793090581331 0.173120273058176 0 0.2805627354898 0.223655700510863 0 0 0 0 0.249447625315926 0.176079261693764 0 0.288719510893254 0.180991257390762
