0
21
False False
#NONE#
0.691021742224333 6.5772165219679E-07 8.96893162086533E-07 0.0883974655284128 0.0422090330643322 0 0.013522612572074 0.00075107655283831 8.75301555595919E-05 0.0607694018717406 0.0340785658694143 1.4176776525878E-06 0.000132412568177779 0.0141751909041534 0.0163422731513931 0.00565803468676682 0.00477218725199904 0.00102569381207751 0.00446837872417451 0.00250598730165508 0.0144131752370665 0.000132898124382347 0.000226719438034991 0.00096388767488581 0.0043427609940618 0.0277437090295707 0.0677742215350678 0.0603941660922879 0.0456942117569775 0.113072060417509 0.0879701730276756 0.0408314162060086 0.158572931944408 0.164587060999238 0.0882345309036017 0.533666203973099 0.53197774884724 0.489823936395014 0.490505196674317 0 0 0 0 0.0237897953027365 0.0246566386554622 0 0.0545738095616115 0.0372055545181035 0.0277437090295707 0.0677742215350678 0.0603941660922879 0.0456942117569775 0.0892822651147729 0.0633135343722134 0.0408314162060086 0.103999122382796 0.127381506481135 0.0427143446222394 0.0257183342972817 0.621139276517769 0.436396479982006 0.187541196189799 0.155704606066448 0 0 0 0 0.138906880524589 0.0632924397553294 0 0.231241337985487 0.220824663989452 0 0 0 0 0.10097034602595 0.0901709918167296 0 0.143601600481848 0.152936699340105
(Node23.txt) (#NONE#) (listNode23EC.txt)
(Neighbor1Node23.txt) (Neighbor2Node23.txt)
(#NONE#)
(#NONE#) (Root.txt)
#NONE#
0.679626615764964 6.5772165219679E-07 8.96893162086533E-07 0.0889237710233052 0.0493455219181304 0 0.0112454865452001 0.00131364261495951 8.73565730285733E-05 0.0615793978293481 0.0328615635779245 2.28041970565506E-06 0.000161053633098617 0.0138329774127828 0.0198059167661199 0.00604610539848112 0.00449163714949538 0.00199269737331302 0.00564355312455439 0.00274332841826703 0.0133930407376861 0.00043170245901829 0.00023281550399475 0.0011723685315566 0.00506561261025233 0.0305033016485283 0.0741467073240954 0.0716336958681469 0.0513073391250854 0.118400412434555 0.086717659027181 0.0442222668885405 0.16542502958196 0.166113731758641 0.0929116867930468 0.529289133907375 0.53128239842003 0.491003390328198 0.49073105294549 0 0 0 0 0.0227158425045792 0.0256612022295257 0 0.0554211752314769 0.0496234829523795 0.0305033016485283 0.0741467073240954 0.0716336958681469 0.0513073391250854 0.0956845699299756 0.0610564567976553 0.0442222668885405 0.110003854350483 0.116490248806262 0.0439140970595889 0.0266788452951173 0.629411211938057 0.435584411360172 0.190380090601983 0.153808431842682 0 0 0 0 0.139002706117055 0.0636468882926577 0 0.234560447989761 0.221635561022223 0 0 0 0 0.10651752874556 0.0864345083898769 0 0.149376662839999 0.155625232388037
