0
12
False False
#NONE#
0.6823174726028 1.15101289134438E-06 1.56956303365143E-06 0.123156684918723 0.0323060753574437 0 0.0083247202934705 0.0015354679568641 0.000153177772229286 0.058014576573617 0.0301962843020835 2.48093589202865E-06 2.43451515022793E-05 0.0193978302243207 0.0161992706219466 0.000816065845880165 0.0034505388916114 0.000199009276863551 0.00445227771541242 0.000866326172139236 0.0133874327233452 0.00015905336730761 1.3164424208245E-05 0.00014744391500121 0.00487758038141372 0.03240679218156 0.0376364417894913 0.0607736323463259 0.0567508909087702 0.115211672179443 0.0992128536335812 0.0501102252740952 0.135715630176497 0.108585926102335 0.0882838287155051 0.514970855619213 0.51954454914227 0.493017548322762 0.486587690507182 0 0 0 0 0.0193314881850176 0.0286051089324618 0 0.0493391340530815 0.00621611111111111 0.03240679218156 0.0376364417894913 0.0607736323463259 0.0567508909087702 0.0958801839944254 0.0706077447011193 0.0501102252740952 0.0863764961234157 0.102369814991224 0.0413878345704004 0.0273527640325886 0.623067522200563 0.429232034412955 0.192475671292825 0.163628893949618 0 0 0 0 0.143457574687095 0.0668288901237508 0 0.134563572411421 0.136120812671447 0 0 0 0 0.107313791819922 0.0946094934861034 0 0.137965545941273 0.0939148774399548
(Node35.txt) (#NONE#) (listNode35EC.txt)
(Neighbor1Node35.txt) (Neighbor2Node35.txt)
(#NONE#)
(#NONE#) (Root.txt)
#NONE#
0.677727330213794 1.15101289134438E-06 1.56956303365143E-06 0.114901830775526 0.0321074166080884 0 0.00540563103142255 0.00187506715735004 0.000152874002800003 0.0750717492004374 0.0267618132184621 3.99073448489636E-06 5.65389525767369E-05 0.0218157574724839 0.0150568202749534 0.00119113696342567 0.00248952173250374 0.00119166549532765 0.00362141115339818 0.00146797957935237 0.0140644615453729 0.000230756497026214 2.36548637168175E-05 0.000723702704176675 0.00405616924739477 0.0359656028067793 0.0429006515434457 0.058930897065897 0.0629050601957955 0.126279393656452 0.0922928820417055 0.0540472213733978 0.138848412769148 0.10426288197097 0.0885142071063367 0.508649456111067 0.510959899493921 0.493193511829762 0.489588789696421 0 0 0 0 0.0220043561667091 0.0288886629601335 0 0.0477178881249469 0.0126200878533231 0.0359656028067793 0.0429006515434457 0.058930897065897 0.0629050601957955 0.104275037489743 0.063404219081572 0.0540472213733978 0.0911305246442012 0.0916427941176471 0.0397734036796537 0.0282257940961645 0.637224361115565 0.438306051587302 0.201145692818841 0.165486562049062 0 0 0 0 0.148445604575163 0.0650809183572419 0 0.138957816116345 0.130687392340775 0 0 0 0 0.117060556758057 0.0894690661517132 0 0.134954726254138 0.0905992523271935
