0
12
False False
#NONE#
0.544021188273645 0 0 0.182881441294082 0.0122085058037393 0 0.00236237702385974 0.0101209190909487 0.000123520102765133 0.088694233791518 0.0490454459501598 3.63233917531432E-05 1.02431961450575E-05 0.0297773229304608 0.0309661218721377 0.00639176601364674 0.00438648926491548 0.00289734714309647 0.00388811857414722 0.00678893667749577 0.022108299788047 8.32273248247312E-05 9.672148871404E-06 0.000623058937815432 0.00257544140592528 0.0290753267973856 0.0529315359477124 0.0888980119825708 0.0520372549019608 0.164105936819172 0.291822685185185 0.0564001633986928 0.133618137254902 0.223476334422658 0.169666580932785 0.476008878481369 0.557714150549881 0.497369397256452 0.477388931235273 0 0 0 0 0.0706104030501089 0.137422194989107 0 0.0526515795206972 0.0930365468409586 0.0290753267973856 0.0529315359477124 0.0888980119825708 0.0520372549019608 0.0934955337690631 0.154400490196078 0.0564001633986928 0.0809665577342048 0.130439787581699 0.0387152777777778 0.0439931412894376 0.732457733196159 0.504340277777778 0.269567215363512 0.237803819444444 0 0 0 0 0.090247794117647 0.372476388888889 0 0.0799001089324619 0.265279901960784 0 0 0 0 0.175954738562092 0.267192293028322 0 0.140686437908497 0.20415318627451
(Node24.txt) (#NONE#) (listNode24EC.txt)
(Neighbor1Node24.txt) (Neighbor2Node24.txt)
(#NONE#)
(#NONE#) (Root.txt)
#NONE#
0.491165025679419 0 0 0.214866982506762 0.0176799022245838 0 0.00511762897836764 0.0149023530078343 0.000772354841546733 0.0837285299071634 0.0517121836634141 0.000168660405096787 0.000462117587795942 0.0329531877370034 0.0292210059851008 0.0107737571256038 0.00356780843382588 0.00586561812281191 0.0056229435083264 0.00732005021214341 0.0180222136022256 0.000543289385614255 0.00011590038031297 0.00129018066069854 0.00412830604434863 0.0490662447189832 0.0677780095536343 0.0895406022948162 0.0632623113711157 0.174303985487786 0.292100177896746 0.0694648886944774 0.132523212461111 0.23296477932844 0.186101529527226 0.490410563291168 0.554543478157198 0.494480119008119 0.477573457404864 0 0 0 0 0.0775622004194301 0.153965719238322 0 0.0418533044287674 0.108166936103622 0.0490662447189832 0.0677780095536343 0.0895406022948162 0.0632623113711157 0.0967417850683557 0.138134458658424 0.0694648886944774 0.0906699080323433 0.124797843224818 0.0525753489014314 0.0465910623816549 0.757750129781052 0.509785412859351 0.278890517670494 0.244055370322987 0 0 0 0 0.108914698805616 0.329212274757444 0 0.0802139728933582 0.257023529151293 0 0 0 0 0.182431555043623 0.276585807579461 0 0.137828490157259 0.222114744878735
