0
21
False False
#NONE#
0.245008722838818 0.00020497518224667 8.96893162086533E-07 0.150881986274124 0.0247268244900425 3.87209689535271E-06 0.0301745870304789 0.0128689752741416 0.00290017364105576 0.0560369736100329 0.182002264727144 0.000131572386566094 0.00288983731142626 0.0431944167974708 0.122987092551915 0.0128468245258351 0.0151477213228088 0.00967947285787256 0.0214445408883825 0.0168351686275266 0.02825806144328 0.000716755600346984 0.0009740763623626 0.00463727128472787 0.0154469359813375 0.302764595238769 0.272011471955786 0.272008481911283 0.380953659201054 0.438402320470276 0.375028082963825 0.258952050665384 0.388266360685688 0.346446466559688 0.448393962044227 0.496171827628286 0.483984450339294 0.484484086736022 0.521452754384731 0 0 0 0 0.332669010742344 0.296631611755813 0 0.312358120325571 0.263686582188431 0.302764595238769 0.272011471955786 0.272008481911283 0.380953659201054 0.105733309727932 0.0783964712080119 0.258952050665384 0.0759082403601172 0.0827598843712569 0.060890194461623 0.0858568270256101 0.871785737953992 0.537793066721638 0.375211657771975 0.304844319040748 0 0 0 0 0.512377916742454 0.46767801345454 0 0.379102202039065 0.373168013710535 0 0 0 0 0.389708476225507 0.349787138047138 0 0.385250568860541 0.332793696225965
(Node2.txt) (#NONE#) (listNode2EC.txt)
(Neighbor1Node2.txt) (Neighbor2Node2.txt)
(#NONE#)
(#NONE#) (Root.txt)
#NONE#
0.235018121718089 0.000205065448820109 8.96893162086533E-07 0.164207244784165 0.0250454271622933 3.87209689535271E-06 0.0284830765138013 0.0179482031105681 0.00213497072548481 0.0532630238845574 0.183805639728016 0.000109404710871688 0.00297275817013463 0.0413829879227285 0.120600605174421 0.0126560284209561 0.0145969290495863 0.00852767970221699 0.0219040463108397 0.0160932193032895 0.0291990164472806 0.000880340138992339 0.000871608096777396 0.00449189827559125 0.0155979362104621 0.288661398629833 0.266198506575651 0.268094044958485 0.377214423789718 0.43538660705729 0.369994573990561 0.269107306995134 0.397144633567992 0.34010347136313 0.445203137005258 0.495438659830187 0.48033485734095 0.486484116714099 0.523913998010944 0 0 0 0 0.34057654284327 0.287894905798748 0 0.324531087006324 0.254953871592951 0.288661398629833 0.266198506575651 0.268094044958485 0.377214423789718 0.0948100642140206 0.0820996681918125 0.269107306995134 0.072613546561668 0.0851495997701784 0.0649952433319368 0.0855880185624809 0.877765216625491 0.538445478692455 0.381627519807508 0.309557142566215 0 0 0 0 0.501950338279332 0.461444498426937 0 0.376049882620366 0.36292095106208 0 0 0 0 0.394501172399882 0.343339895726945 0 0.392901488637162 0.328890689628735
