0
21
False False
#NONE#
0.0451865893245445 0 0.00111809837751748 0.0934950677938779 0.0364082391199549 0 0.0387332904426873 0.0567076177416219 0.0206662694132771 0.0634997218910111 0.271289497088676 0.000245575631883653 0.0014993428297402 0.140570838672383 0.125262744906174 0.00120689850190871 0.0106295126983391 0.0117556844920761 0.0128654926633939 0.00312905420696881 0.0541096259870552 0.000306667837418492 0 0.00370118118741547 0.00761298919207538 0.400099332177315 0.50704873653165 0.455124845790168 0.417506755591125 0.46884259155514 0.515466592562951 0.401365756969455 0.446088386169283 0.387952343011279 0.700818985097468 0.485471375873817 0.489382916173994 0.504942763516421 0.510005563134541 0 0 0 0 0.426805478043069 0.504625360069954 0 0.408208454641116 0.348264284084004 0.400099332177315 0.50704873653165 0.455124845790168 0.417506755591125 0.0420371135120715 0.0108412324929972 0.401365756969455 0.0378799315281668 0.0396880589272746 0.0665636810279668 0.084758871998731 0.897904064835811 0.540077003023432 0.36650571372582 0.300223922902494 0 0 0 0 0.498781546692751 0.646376611385295 0 0.391897887747692 0.264527319965023 0 0 0 0 0.448539021238125 0.474614361892905 0 0.44354481970566 0.395449184118092
(Node28.txt) (#NONE#) (listNode28EC.txt)
(Neighbor1Node28.txt) (Neighbor2Node28.txt)
(#NONE#)
(#NONE#) (Root.txt)
#NONE#
0.0524171671270499 0.00026700507740759 0.00174267768334822 0.112290047624167 0.0343735155291519 0 0.0220867426585271 0.0425631923292864 0.0198242869352059 0.0564501725629137 0.245075702281871 0.00028457259731132 0.00141396319362129 0.1218204849398 0.14729719350095 0.00405713335444772 0.0112148172378343 0.0191327407663216 0.0194107114264985 0.00817129347667544 0.0601939084726614 0.000671982752109723 0.000302015183538183 0.00653240729455612 0.0124062659947449 0.390699831285633 0.493782307768636 0.473134925034694 0.430822052875077 0.474650297718748 0.537693950304614 0.381661538914967 0.44957313425139 0.39894301089554 0.687128782805364 0.482169535389172 0.491272432430902 0.508539530759606 0.501392353806879 0 0 0 0 0.441351071572327 0.525749896695205 0 0.399327835899521 0.352095297990464 0.390699831285633 0.493782307768636 0.473134925034694 0.430822052875077 0.0332992261464213 0.0119440536094095 0.381661538914967 0.0502452983518681 0.046847712905076 0.0670691724392255 0.0847750719672264 0.915009035623898 0.546142117675585 0.380536397400399 0.302538935810138 0 0 0 0 0.493623065929398 0.656879434591206 0 0.420685509695556 0.270457793909933 0 0 0 0 0.458336996307842 0.500276446686883 0 0.44110349774258 0.409309326884931
