0
11
False False
#NONE#
0.147127479376986 1.51837806854717E-06 0 0.217226968276899 0.014394403120939 0 0.0301177020611976 0.0145982063009564 0.00217341527114351 0.0497886610743038 0.230415172461334 9.91761630650419E-06 0 0.0533632762446334 0.149301276725511 0.00204538666348859 0.00214978114369407 0.00339645393297648 0.0250704555138103 0.00198005676751699 0.025458309859634 0.000398630273040084 1.81297059264306E-05 0.000810610279353773 0.0301541889522807 0.447560560561183 0.430840235703097 0.282825883786601 0.528271261594677 0.521280622586282 0.170838111231734 0.507292844310988 0.447469402476374 0.163612029078124 0.473174116816887 0.487604373378877 0.379639641372817 0.49898417112586 0.592397828954932 0 0 0 0 0.472090468922671 0.0384067888547328 0 0.386879713893387 0.0398564821752973 0.447560560561183 0.430840235703097 0.282825883786601 0.528271261594677 0.0491901536636113 0.132431322377001 0.507292844310988 0.0605896885829872 0.123755546902827 0.0566988882329791 0.077403557632731 0.888590577945987 0.533180497731933 0.344067110997574 0.274209306194205 0 0 0 0 0.61801485436976 0.170962050891692 0 0.445139412818629 0.13091097258216 0 0 0 0 0.494799437570591 0.171090595813793 0 0.436088406856145 0.166681208606104
(Node31.txt) (#NONE#) (listNode31EC.txt)
(Neighbor1Node31.txt) (Neighbor2Node31.txt)
(#NONE#)
(#NONE#) (Root.txt)
#NONE#
0.14176927038834 0.000158518969360585 0.000155556707009476 0.196562150503374 0.0150761401278878 0 0.026652899280562 0.0170870868561948 0.00434830565822869 0.0656561504295726 0.220322191840201 3.14519194051086E-05 0.0003492167898295 0.0604229797845804 0.136049371859611 0.00649487983587368 0.00605504133235236 0.00551630600602693 0.0234149005193463 0.00511021331974256 0.0396109244242858 0.00064711324502115 0.00041033128666048 0.00198507008948283 0.026113928827051 0.438092111948323 0.437704658880831 0.29689788982334 0.512689427549048 0.517245532813454 0.19055700855255 0.503552703004987 0.434937581948532 0.176722749630681 0.485104804309833 0.486488416551183 0.393140885744343 0.500247146377403 0.581931072739225 0 0 0 0 0.469657678291527 0.0481157611014271 0 0.36664995308507 0.0465637381062476 0.438092111948323 0.437704658880831 0.29689788982334 0.512689427549048 0.047587854521927 0.142441247451122 0.503552703004987 0.0682876288634618 0.130159011524433 0.0659999713320654 0.0809138843720063 0.894165197205159 0.537392317377359 0.351426131026908 0.278762263682411 0 0 0 0 0.606768083705925 0.171944255339239 0 0.442433443064705 0.131609845042668 0 0 0 0 0.488970463348088 0.193140177153079 0 0.42323643883372 0.182439825453913
