0
18
False False
#NONE#
0.167333083642998 0 0 0.160543095300123 0.0140287128632224 0 0.0147831555207859 0.0113022982973132 0.00242791630850181 0.0622808651197682 0.18683586960887 2.99983538501509E-05 0.000184738947078167 0.0562833170992852 0.140085144521391 0.0107920294167786 0.0117885598548629 0.0162100157927835 0.0240721014653747 0.0105427287801339 0.0616572403342737 0.000403159612118666 0.000407296152381444 0.00615911862866961 0.0418495543794358 0.201167310183961 0.28652012884519 0.278528454403212 0.282806443109429 0.647497579736995 0.474044901060218 0.283915516552607 0.607925888422588 0.429072055850844 0.533903224567465 0.490956934672844 0.467113831891958 0.49047965861102 0.510611407097734 0 0 0 0 0.639657593144067 0.415145307333 0 0.571753326587397 0.352915285772275 0.201167310183961 0.28652012884519 0.278528454403212 0.282806443109429 0.00783998659292776 0.0588995937272177 0.283915516552607 0.0361725618351916 0.0761567700785695 0.0698978515048873 0.0715134996642925 0.839318320253373 0.526228914405067 0.308081634566311 0.263442160417343 0 0 0 0 0.774054682519068 0.569837529917285 0 0.72752653910443 0.437321371189219 0 0 0 0 0.607351488865468 0.447909190812603 0 0.565972360101268 0.414877798315453
(Node8.txt) (#NONE#) (listNode8EC.txt)
(Neighbor1Node8.txt) (Neighbor2Node8.txt)
(#NONE#)
(#NONE#) (Root.txt)
#NONE#
0.146624917487444 0.000475641722145806 0.000159896722771576 0.153908863889228 0.0187842785559481 0 0.0234413830833448 0.0163890656108361 0.00417482990974962 0.0658412100842856 0.195671138147966 7.74491995119399E-05 0.00138750563952738 0.0690472450873692 0.147995300685534 0.00821995280606146 0.00884989529872923 0.0115683900653955 0.0246876029647835 0.00893441281421859 0.0581857020973585 0.000917206856610367 0.000421470362409356 0.00415487901500182 0.0300817618937698 0.206669759192181 0.298586828870299 0.278393234743846 0.294641967719347 0.643834326695082 0.488323899895024 0.294522605626675 0.610582483215136 0.432961446746235 0.546197140389809 0.496688018347391 0.473057540411382 0.487688312651793 0.510648208517182 0 0 0 0 0.633357792093416 0.421634564709799 0 0.589135846384925 0.35562570815036 0.206669759192181 0.298586828870299 0.278393234743846 0.294641967719347 0.010476534601666 0.0666893351852251 0.294522605626675 0.0214466368302111 0.077335738595875 0.069774920804381 0.074795669535297 0.877699375226812 0.537303106542591 0.341042992369497 0.283933035859615 0 0 0 0 0.779437046183565 0.572106768435728 0 0.722349595800883 0.452128409485271 0 0 0 0 0.600172097105205 0.460057099988502 0 0.571378436550165 0.419704482326308
