0
21
False False
#NONE#
0.252471094376292 0 0 0.156307151731932 0.035243294574769 0 0.0224964847707769 0.0152659787325443 0.00131748494536404 0.0763636580789713 0.13238288169899 7.51302291356206E-05 0.00211054005458464 0.0495608646893895 0.0819340474560592 0.0197731898013666 0.0272361365249259 0.00790060570440108 0.0184098384661823 0.0209654835577499 0.046758219161596 0.00102776911978072 0.00377896325032025 0.00321259131517951 0.0254085917596897 0.158432548385321 0.202136944269549 0.262837547681077 0.200587486444461 0.312278178500616 0.533482202640186 0.206135294506303 0.332397766236254 0.482802465968517 0.423424785766849 0.489763591412914 0.54187954575521 0.494309380158363 0.466116013640728 0 0 0 0 0.225630436771445 0.502107780871478 0 0.231901116089015 0.423339295093329 0.158432548385321 0.202136944269549 0.262837547681077 0.200587486444461 0.0866477417291703 0.0313744217687075 0.206135294506303 0.100496650147238 0.0594631708751877 0.0730722650365507 0.0752312657360276 0.842914317037068 0.530811663534878 0.341642400720972 0.281123385543028 0 0 0 0 0.258782491290222 0.606839506696229 0 0.338052203877666 0.581202077048379 0 0 0 0 0.319404816241959 0.506215923096511 0 0.326592388846759 0.449290364605827
(Node5.txt) (#NONE#) (listNode5EC.txt)
(Neighbor1Node5.txt) (Neighbor2Node5.txt)
(#NONE#)
(#NONE#) (Root.txt)
#NONE#
0.214094271424885 8.29387619346002E-05 0.000182961696605204 0.187839235513482 0.0342457300686917 6.38074546249238E-06 0.0282319617247924 0.0203448574367538 0.00220735386911956 0.0806746497194481 0.147273947323324 0.00024404764635341 0.0024475169080275 0.0635022216475011 0.091275509388241 0.0112917494744811 0.0116365199704117 0.00831968351329055 0.018132308799312 0.0102158520417879 0.0449356828077029 0.000755274349975137 0.00109271182479121 0.00336382775882935 0.0176028055847964 0.164646804055883 0.20276428909435 0.268219740526191 0.204516372329413 0.30010059402243 0.536189430645637 0.210776604627733 0.322956440483412 0.500253140405644 0.421002341871783 0.495238199428705 0.5471662263635 0.489538368986785 0.457400625575812 0 0 0 0 0.197185903149421 0.49727433340801 0 0.218850338999995 0.4453040927687 0.164646804055883 0.20276428909435 0.268219740526191 0.204516372329413 0.102914690873009 0.038915097237627 0.210776604627733 0.104106101483417 0.0549490476369439 0.0766151487183298 0.075500110374049 0.871016722650824 0.538807904101762 0.349837257901825 0.288695600590945 0 0 0 0 0.264925765074583 0.631777438571103 0 0.315844404806074 0.584656056776098 0 0 0 0 0.299937657216197 0.501984098575388 0 0.316859809049948 0.470225426202773
