0
21
False False
#NONE#
0.467947882913982 8.64722839728344E-05 8.96893162086533E-07 0.139136390683917 0.0112054231341839 3.87209689535271E-06 0.0191423351229892 0.00860325622652333 0.000156929634822894 0.111995315758802 0.0820951408361531 2.71957256876449E-05 0.00013728322470525 0.0415488887224483 0.0436371432237959 0.0160448134242797 0.00673441597109071 0.00690746737331601 0.00571990113833272 0.00361809373086879 0.0261132311842636 0.00209109583933621 0.000296409844783281 0.0013030532723787 0.00544709173930959 0.065489752701064 0.085962906744426 0.149874551815328 0.0955873047168404 0.165487414644097 0.17037243406609 0.106196175258391 0.1881952240925 0.18318746540247 0.217783231409359 0.475076123953739 0.527775701970004 0.49694572364327 0.478933274177184 0 0 0 0 0.0722204860201145 0.0504092793698676 0 0.0930123062611541 0.0481349066878214 0.065489752701064 0.085962906744426 0.149874551815328 0.0955873047168404 0.093266928623983 0.119963154696222 0.106196175258391 0.0951829178313455 0.135052558714648 0.0537589008735625 0.0570111117674471 0.772259662927757 0.507283883488066 0.289780147502384 0.247158811583154 0 0 0 0 0.10433681294781 0.203057943900253 0 0.199750935925182 0.260961043714259 0 0 0 0 0.17692928522957 0.167005305108835 0 0.185342890156431 0.164757772093829
(Node14.txt) (#NONE#) (listNode14EC.txt)
(Neighbor1Node14.txt) (Neighbor2Node14.txt)
(#NONE#)
(#NONE#) (Root.txt)
#NONE#
0.447397600000279 4.07328402323756E-05 8.96893162086533E-07 0.134748764604596 0.0174034314748251 2.5599665673453E-06 0.0142368745131196 0.00756534240478013 0.000273781584155193 0.117676540186396 0.0754956635134452 0.000215178373526345 7.18597591042176E-05 0.0431118745489344 0.0503626107646909 0.0224792681431749 0.00750524937285548 0.00784750933748615 0.00632435196918916 0.00471628013161963 0.0300193820678136 0.00208036521576899 0.000292300380607852 0.000934166539136728 0.00919741541453281 0.0603762818197784 0.0755816776750902 0.143807172018228 0.096434073420997 0.182256016527485 0.180578622309503 0.10406330204647 0.20019328547851 0.190144725840879 0.231412889141633 0.475454858010734 0.528579081194667 0.496872516854698 0.477582293556422 0 0 0 0 0.0993563518696219 0.0664630014008238 0 0.0955978965656057 0.0527207721641409 0.0603762818197784 0.0755816776750902 0.143807172018228 0.096434073420997 0.0828996646578634 0.114115620908679 0.10406330204647 0.104595388912904 0.137423953676738 0.0617819938860312 0.0593917787922274 0.766988059264135 0.506506514103564 0.295816590321214 0.262021309435906 0 0 0 0 0.131914330634385 0.192004149511566 0 0.195501183433138 0.254596361129094 0 0 0 0 0.196883609015783 0.180139938184659 0 0.199472258773987 0.174158026511034
