0
7
False False
#NONE#
0.371521953081065 0 0 0.215164356172454 0.0109602519637095 0 0.0199679787298341 0.0290806547379489 1.32842480368373E-05 0.0914676515929927 0.0896155793257857 0.00121881620407232 0.000453634990277405 0.038384984320209 0.0536422115271609 0.00943534227201763 0.0118894294774075 0.00580852820380095 0.00650951978962633 0.00415841960436241 0.0316575087699343 1.77018292610196E-05 0.000600459011770513 0.00171062447501538 0.00672110967325777 0.148820166605881 0.173071776392505 0.14890283541544 0.157126275892382 0.279952300733813 0.256109868086058 0.203863791877797 0.587796019625151 0.21192069104254 0.275928229944985 0.51715026490715 0.46607493431304 0.486397117047973 0.500837053909695 0 0 0 0 0.198052982498361 0.151941634099897 0 0.544385424617918 0.0878386988569062 0.148820166605881 0.173071776392505 0.14890283541544 0.157126275892382 0.0818993182354528 0.104168233986161 0.203863791877797 0.0434105950072337 0.124081992185634 0.09006783560355 0.064769000024732 0.855435726335197 0.535594283362141 0.330954889058946 0.288332864225721 0 0 0 0 0.227336179278756 0.329880788264542 0 0.869240248339688 0.214663649609028 0 0 0 0 0.278327787577087 0.240647031513978 0 0.520714125018046 0.213375904466941
(Node13.txt) (#NONE#) (listNode13EC.txt)
(Neighbor1Node13.txt) (Neighbor2Node13.txt)
(#NONE#)
(#NONE#) (Root.txt)
#NONE#
0.317010881926631 0 0.000215082410132649 0.224884311402281 0.0197254496485312 0 0.0197748690660874 0.0290909022200162 0.000721450638790488 0.0833830022412094 0.107018567804845 0.000564719338504821 0.00104401275423528 0.0615351864978966 0.0572963644023852 0.0055056541248873 0.00626704667799531 0.0068472256926037 0.00878866793723056 0.00562284993534314 0.0335951194262306 0.000457298737680414 0.00024284275145998 0.00233809884386631 0.00807039552115699 0.143203940677409 0.180182072203359 0.181808042031976 0.163413720526557 0.274994458834112 0.25028539237025 0.193404755441396 0.593102060571968 0.22090789770034 0.310516183602534 0.524000187387617 0.485512971261635 0.480567164388927 0.491544258654789 0 0 0 0 0.167198360283012 0.14153991740582 0 0.548709921887298 0.107447387724074 0.143203940677409 0.180182072203359 0.181808042031976 0.163413720526557 0.1077960985511 0.10874547496443 0.193404755441396 0.0443921386846696 0.113460509976265 0.0843255506252434 0.0715067653287833 0.86205006110548 0.541108849301295 0.342253337555105 0.286850452424762 0 0 0 0 0.260100012731472 0.283024136810392 0 0.862313575046614 0.19988901814532 0 0 0 0 0.272916287390042 0.241324076308052 0 0.528370728065837 0.220080414914095
