0
14
False False
#NONE#
0.318967782490065 0.000561224289044522 0 0.215842159959066 0.0187384017541775 5.80814534302907E-06 0.01631035243726 0.0298117686607525 0.000921842271519842 0.104033958816527 0.0843068815546204 0.000477542371759902 0.00317553140419476 0.036535236264638 0.0437145127558728 0.0450528453049127 0.0192815834098921 0.0035288384648955 0.00610519961962831 0.0101267687164246 0.0290197925531594 0.00022560340125708 0.00701418263255496 0.00118200328042257 0.00506017944201071 0.129236408392612 0.179207030232174 0.177945465360688 0.147101840972857 0.328999740676302 0.217314753145419 0.16083600378624 0.26905162108122 0.287133623221565 0.306759375136016 0.499716510046577 0.494791146790138 0.486825340856377 0.492881575884738 0 0 0 0 0.236186613427717 0.072698146711036 0 0.180312533605447 0.19072070675906 0.129236408392612 0.179207030232174 0.177945465360688 0.147101840972857 0.0928131272485853 0.144616606434383 0.16083600378624 0.0887390874757725 0.0964129164625044 0.0788970701533589 0.0716231492132622 0.822264944636483 0.533278737113635 0.325535039789698 0.284172722004088 0 0 0 0 0.379980419826115 0.222757563422265 0 0.232852874441806 0.320731164649377 0 0 0 0 0.31501411164995 0.209670193343117 0 0.266110023909311 0.273974331177416
(Node15.txt) (#NONE#) (listNode15EC.txt)
(Neighbor1Node15.txt) (Neighbor2Node15.txt)
(#NONE#)
(#NONE#) (Root.txt)
#NONE#
0.297410903334795 0.000284362646596706 4.24363226391427E-05 0.228570433490287 0.0250667486496061 4.03470147855611E-06 0.0258058800095973 0.0232261631221386 0.000968485041574549 0.108305046565936 0.0975269427672764 0.000259022730342579 0.00199422048188724 0.0538188908869411 0.0417750878371523 0.0206507685592888 0.00857742870335328 0.00580197009082654 0.00746541720739651 0.00943379070109152 0.030811486455676 0.00059858460967639 0.00169654809606362 0.00257185556804233 0.00733349142033673 0.124711616655134 0.170596371449785 0.170750694896975 0.165082156247922 0.356709964847783 0.206706158524969 0.163683768015101 0.254605852358926 0.294374675492537 0.288946602227045 0.501844332737358 0.502939097916775 0.488075427809446 0.487621519455604 0 0 0 0 0.258532928061667 0.0695427038047872 0 0.144280078160245 0.174979016843478 0.124711616655134 0.170596371449785 0.170750694896975 0.165082156247922 0.0981770367861162 0.137163454720182 0.163683768015101 0.110325774198682 0.11939565864906 0.0768899689681961 0.0682573656810538 0.857588936918842 0.537961340984843 0.336354925960214 0.28027054363748 0 0 0 0 0.414036250608848 0.204653998396144 0 0.219927205128321 0.355200500934483 0 0 0 0 0.338254792268737 0.203197308358099 0 0.252773479895217 0.27813112835889
