0
15
False False
#NONE#
0.0498032510924069 0 0.00156533772852447 0.096412479192872 0.0473785768771144 0 0.033523540178798 0.0503193028183868 0.0284520821100762 0.0676879838259079 0.275877802002254 0.000307489150233508 0.00177366255144033 0.118272660485008 0.135177705322764 0.000314403698673361 0.00958188119927896 0.00652828747971294 0.0126580574873615 0.00168141935149308 0.0533257505505639 5.41539869563926E-05 0 0.000917859300361977 0.00838631360981137 0.372263666355431 0.499272370577861 0.439491812428675 0.439593109243697 0.460862948438635 0.533989438738458 0.434329218798631 0.464926973752464 0.348059929453263 0.688104356914233 0.484314411171668 0.480942406787664 0.511212247405646 0.531855171177608 0 0 0 0 0.406477551613238 0.533989438738458 0 0.434789108828717 0.296145274406059 0.372263666355431 0.499272370577861 0.439491812428675 0.439593109243697 0.0543853968253969 0 0.434329218798631 0.0301378649237473 0.0519146550472041 0.0640641534391535 0.086994245215233 0.889000999412111 0.537080026455027 0.365688438173623 0.299146825396825 0 0 0 0 0.463025755783795 0.683395447660546 0 0.412186419753086 0.225000444029464 0 0 0 0 0.444376773524225 0.486322572881004 0 0.459991714908185 0.356587201991908
(Node38.txt) (#NONE#) (listNode38EC.txt)
(Neighbor1Node38.txt) (Neighbor2Node38.txt)
(#NONE#)
(#NONE#) (Root.txt)
#NONE#
0.0513179625200569 0.000357692981139749 0.00239894492516915 0.116071935699681 0.0443606752333614 0 0.0216198076020194 0.028718037308324 0.0272096613582431 0.0565405889310557 0.263791730247156 0.000336725789430716 0.00177338057067403 0.101911133031851 0.153992132676437 0.00442701474870104 0.0128200007108004 0.0159545523708373 0.0173678395493351 0.00789879147423357 0.0537146217365643 0.000651458736305555 0.000421457378007617 0.00375031785300777 0.0125935365676086 0.353660099227545 0.480483541206309 0.465048161840293 0.46019995872971 0.472544483676406 0.556298957756065 0.421571220373138 0.464081697326939 0.36059890086003 0.679808443047835 0.478357258229131 0.483800435597891 0.517706936304475 0.51699564956085 0 0 0 0 0.437139421562754 0.551124822530973 0 0.422082509706534 0.299953882788551 0.353660099227545 0.480483541206309 0.465048161840293 0.46019995872971 0.0354050621136521 0.00517413522509179 0.421571220373138 0.0419991876204051 0.0606450180714794 0.0634851951955432 0.0865891629991801 0.910458480220577 0.544798999766708 0.383029422452412 0.297370637222866 0 0 0 0 0.467577192764915 0.689070615279762 0 0.451414914675364 0.25219851344478 0 0 0 0 0.459577898768021 0.515446162189385 0 0.453398936025968 0.367748557814976
