0
21
False False
#NONE#
0.157180414787951 0.000182006807054584 0 0.181706746895696 0.032917000431196 0 0.0258478995596709 0.0164816069173358 0.00692090025742601 0.0425470762823798 0.248637215079402 5.26035386861265E-05 0.0025655522528709 0.043816127012432 0.123862416817521 0.0106192276982892 0.0115614519107135 0.00376302070210915 0.0200106230271142 0.013836846901889 0.0327641099363584 0.000232428515672794 0.000614147514733178 0.00359408576755713 0.0202864913859409 0.247645523098128 0.317935648926237 0.322434499132987 0.386176369214352 0.451166701347206 0.44927459872838 0.28742022097728 0.499049561602419 0.417910363701036 0.519291640771535 0.495072237368146 0.455825263629878 0.492533061322693 0.547765306606004 0 0 0 0 0.392674217242452 0.37425278200169 0 0.45852654528478 0.346859230803432 0.247645523098128 0.317935648926237 0.322434499132987 0.386176369214352 0.058492484104753 0.0750218167266907 0.28742022097728 0.0405230163176382 0.0710511328976035 0.0715865929705215 0.0829997242518406 0.893036548528877 0.545065192743764 0.372429927773579 0.297767148526077 0 0 0 0 0.490876704904184 0.546747910275221 0 0.519490280112045 0.501738483393357 0 0 0 0 0.420666338980036 0.419257114845939 0 0.481983422702414 0.388147694188787
(Node4.txt) (#NONE#) (listNode4EC.txt)
(Neighbor1Node4.txt) (Neighbor2Node4.txt)
(#NONE#)
(#NONE#) (Root.txt)
#NONE#
0.153030048984653 0.000182006807054584 0 0.182005055794471 0.0320420974497959 0 0.025488166093554 0.0162418523545842 0.00745040594879969 0.0399520599932599 0.2570020391448 5.40984552224073E-05 0.0026032211762829 0.0403945845728566 0.129298783455853 0.0102443076281675 0.0115894424966286 0.00481166608634631 0.0193153910864407 0.0136646311251753 0.0305197480357381 0.000416560150866817 0.000595867662613723 0.00359558552738 0.0195023799694554 0.259679351356704 0.316488803181205 0.326244684095861 0.385712076153694 0.449708052655406 0.450093512270228 0.29071101972102 0.504024168647257 0.416113331329165 0.525642146479492 0.49403342255417 0.454649968827592 0.492897228619412 0.550792000508482 0 0 0 0 0.391052157640834 0.378701663318526 0 0.464399178102217 0.341510154486037 0.259679351356704 0.316488803181205 0.326244684095861 0.385712076153694 0.0586558950145715 0.0713918489517019 0.29071101972102 0.0396249905450395 0.0746031768431278 0.0688820120851371 0.0827042355506862 0.892945048812641 0.541905475889851 0.370378411317763 0.294585024350649 0 0 0 0 0.485383711649643 0.541851217001952 0 0.520037976190476 0.500114220684907 0 0 0 0 0.41924020907016 0.419851586547077 0 0.487929661083289 0.386792386281112
