0
21
False False
#NONE#
0.539113496081022 6.5772165219679E-07 8.96893162086533E-07 0.114028551180426 0.0232601247326783 0 0.0164343993232906 0.00806672041891303 0.000145578676857057 0.100811177320108 0.0615543349511282 2.18811267101661E-06 0.000820146145294326 0.0358319563298539 0.0341937723308164 0.0140467677490872 0.0087072651923977 0.005563611020769 0.00323345603310744 0.0040988848869436 0.0236743597830198 0.0020413297455928 0.000146991221885814 0.000500006678654802 0.00372332747066858 0.0527677260647849 0.0587820809691398 0.0922682724029784 0.0637407785678375 0.141485192606957 0.185592559793148 0.0870723603629486 0.158936416720534 0.195265006344418 0.195206248209952 0.495048525576916 0.536179467123292 0.492722405149507 0.479372169957238 0 0 0 0 0.0489941334482511 0.0785394536618066 0 0.0547067662620604 0.0943328291316527 0.0527677260647849 0.0587820809691398 0.0922682724029784 0.0637407785678375 0.0924910591587062 0.107053106131341 0.0870723603629486 0.104229650458474 0.100932177212765 0.0663266941391941 0.0535472271213012 0.71726089102941 0.504284951159951 0.272200079138968 0.245685668498169 0 0 0 0 0.084025236179942 0.172684670688788 0 0.141862046493811 0.22089163901458 0 0 0 0 0.153277190500132 0.188435369053604 0 0.161344839234839 0.185977249874309
(Node16.txt) (#NONE#) (listNode16EC.txt)
(Neighbor1Node16.txt) (Neighbor2Node16.txt)
(#NONE#)
(#NONE#) (Root.txt)
#NONE#
0.510264556707009 2.1034764629821E-05 0.000116002022567612 0.128817175024383 0.0201113585179784 0 0.0112133020121239 0.0084553164296342 0.000996482008885885 0.100999361381723 0.0625527014708276 6.73949353663112E-05 0.000743764806544264 0.0385901120535831 0.0376990442062975 0.018276997567026 0.0082224562676993 0.00919232044026284 0.0043878973546123 0.00507338723201278 0.0261827681070851 0.00193167942785274 0.000225953799768103 0.00051622423258996 0.00534270922953793 0.0583582844996172 0.0592288239357302 0.0971922896911811 0.0755872440539152 0.142204830429923 0.19595626862475 0.0921939128440622 0.158072435171278 0.186987179473591 0.220464382780411 0.491644821148913 0.538464749257037 0.494970883386065 0.477726866528443 0 0 0 0 0.0645150556612399 0.097444163186155 0 0.0551538147558515 0.0889333158830749 0.0583582844996172 0.0592288239357302 0.0971922896911811 0.0755872440539152 0.0776897747686832 0.0985121054385952 0.0921939128440622 0.102918620415426 0.0980538635905162 0.0701967477636116 0.0549749956310486 0.735929116095866 0.510537956917669 0.284480474397212 0.264237542646128 0 0 0 0 0.101563796701346 0.168138724292444 0 0.130255392363534 0.181290393324028 0 0 0 0 0.151750756482349 0.202052028649695 0 0.162957951088327 0.185181547374136
