0
21
False False
#NONE#
0.0549452200634451 0 0.00115966113728473 0.0868760721805188 0.0396649611324479 0 0.047759409069059 0.0332029812012869 0.016339263035541 0.0732403960419392 0.266253901163673 4.35961097384852E-05 0.00265968152125096 0.110320062257373 0.145724432828787 0.0022347706737551 0.0158137230518296 0.00584207069979337 0.0186550252474679 0.0103279596411963 0.0509775350453762 0.000244465031342959 0.000306269694024796 0.00359296546649958 0.0138155777063682 0.411992624308983 0.502959502319446 0.436286000622471 0.451305369851644 0.456074368710447 0.523274637262312 0.421624635335616 0.416322331599307 0.431002649059624 0.665421464498008 0.473929480588998 0.475783933985346 0.527925863898518 0.526527147678076 0 0 0 0 0.411605156432943 0.502599604582574 0 0.365882964445037 0.390548265824848 0.411992624308983 0.502959502319446 0.436286000622471 0.451305369851644 0.0444692122775036 0.0206750326797386 0.421624635335616 0.0504393671542691 0.0404543832347754 0.0618962585034014 0.0866828336272781 0.921457609436093 0.552560468631897 0.381569947649842 0.323861016628874 0 0 0 0 0.453381640063433 0.645114420583048 0 0.384639811183733 0.405515420390378 0 0 0 0 0.443083917715234 0.488618428704815 0 0.411500627213848 0.422306364027092
(Node22.txt) (#NONE#) (listNode22EC.txt)
(Neighbor1Node22.txt) (Neighbor2Node22.txt)
(#NONE#)
(#NONE#) (Root.txt)
#NONE#
0.0576331933573802 0.000617565685965673 0.00253796016978569 0.0997162469475678 0.0426849813383693 0 0.0406303362254798 0.0262069721446281 0.0251437663369747 0.0521112499797066 0.245917180591521 0.000511829498534707 0.00341876410063409 0.0874015875002291 0.157196022141874 0.00753146792915347 0.0190131923832117 0.0156491654394132 0.0247975098570785 0.0171362176217878 0.0437290762315179 0.000567962582301377 0.000795131441312266 0.010862232390335 0.0181903881052373 0.401286703192574 0.495806277269657 0.467429660267111 0.462976926068933 0.459661698489473 0.53693667814308 0.419710411490769 0.435266220109507 0.417568563555288 0.666216897359345 0.476279693380221 0.485983928976822 0.518340066975534 0.508479459780111 0 0 0 0 0.411860689334588 0.517861124851056 0 0.376049854644906 0.370533392337937 0.401286703192574 0.495806277269657 0.467429660267111 0.462976926068933 0.0478010091548846 0.0190755532920239 0.419710411490769 0.0592163654646007 0.0470351712173512 0.0696579679851738 0.0887301488957262 0.926738320419729 0.552546894826307 0.392321747663832 0.322584747088424 0 0 0 0 0.444924267475017 0.652472116522463 0 0.415761569377694 0.387511085255041 0 0 0 0 0.447631324683262 0.501056410400228 0 0.427383155870145 0.41581728686325
