0
21
False False
#NONE#
0.492495045110114 8.64722839728344E-05 8.96893162086533E-07 0.139859108926733 0.0121581807684144 3.87209689535271E-06 0.0202100627854161 0.00859972278247542 0.000156929634822894 0.100836849362864 0.0798538968669093 2.71957256876449E-05 0.000138266439266265 0.0410749175720136 0.0363811301793547 0.0100658167156724 0.00540461403797841 0.007180983660395 0.00638387681300449 0.00561358709277546 0.0247499562846828 0.00219125445729652 0.000215255201489151 0.00174354531955341 0.00456856298905074 0.0677374962429252 0.124998729962602 0.149994128534905 0.0969832586539708 0.154763200514001 0.154086284050528 0.106303458171556 0.212046079990414 0.174051953419899 0.207737865938068 0.475414434265912 0.52221011127412 0.496829419210322 0.47814348396979 0 0 0 0 0.0707247188243473 0.045212267231679 0 0.118836146908524 0.0419201541201276 0.0677374962429252 0.124998729962602 0.149994128534905 0.0969832586539708 0.0840384816896537 0.108874016818849 0.106303458171556 0.0932099330818902 0.132131799299771 0.0530644564291181 0.0557577314029556 0.752314728575415 0.497412851742034 0.279870094592331 0.241057621106963 0 0 0 0 0.109724114535112 0.176953275366172 0 0.208939824814071 0.256057340010555 0 0 0 0 0.16113392264009 0.147756472242355 0 0.208376659219611 0.154247532442413
(Node10.txt) (#NONE#) (listNode10EC.txt)
(Neighbor1Node10.txt) (Neighbor2Node10.txt)
(#NONE#)
(#NONE#) (Root.txt)
#NONE#
0.471978469671876 4.1735189723372E-05 8.96893162086533E-07 0.138085850958918 0.0186103574579508 2.63171364688302E-06 0.0155745161630437 0.00771327479272186 0.00027462095167893 0.101781053179408 0.0741265417057925 0.000218834904195264 7.46986787236609E-05 0.0424671371783862 0.0434688246686434 0.0170483409073417 0.00608199452366718 0.00807129048296175 0.00703174819486389 0.00675843846349916 0.0282737192750504 0.00219656973222202 0.000214106816415192 0.00139927703658213 0.00850507045952674 0.0628928810130068 0.115015579136029 0.145540925569206 0.0987788678039531 0.169632875001221 0.162874208137935 0.104776807630263 0.222939317424279 0.181178966674403 0.222150835299515 0.475801630600445 0.524098434851692 0.496823712774429 0.476450420925619 0 0 0 0 0.0948160180588284 0.0591835217721629 0 0.121450173866952 0.0453010799222931 0.0628928810130068 0.115015579136029 0.145540925569206 0.0987788678039531 0.0748168569423931 0.103690686365772 0.104776807630263 0.101489143557327 0.13587788675211 0.0610543103289607 0.0583404402603342 0.750037092206245 0.497621959204743 0.287603741222541 0.257151172099417 0 0 0 0 0.137160159531186 0.164564752981474 0 0.203438114496902 0.250543270925722 0 0 0 0 0.178918244671715 0.159564858485632 0 0.221646223449647 0.163614726554541
