0
21
False False
#NONE#
0.0462786199895831 3.3622741077155E-06 0.000196799156937805 0.0957538067289069 0.0196547371748304 0 0.0107835073156585 0.055923816934952 0.0146008199667763 0.0670011331901875 0.228692784918107 0.000374007840502844 0.000214954436140719 0.0989537178767118 0.229294864528463 0.0026281602710378 0.00733031238123086 0.0107781702471605 0.0266341325510685 0.00608177825170717 0.0521380987763155 0.00104234815273375 0.000232309375571294 0.00325638869788901 0.0221513689634203 0.354699806615457 0.493280126691199 0.509135131124345 0.404463547458199 0.400041298663256 0.509312265821361 0.45102041778803 0.496292792986476 0.529441780529205 0.712577026036752 0.492660228668423 0.491398737235632 0.496401780717046 0.49878241926128 0 0 0 0 0.319593077963211 0.493782473983057 0 0.479333465255383 0.511242020625244 0.354699806615457 0.493280126691199 0.509135131124345 0.404463547458199 0.0804482207000447 0.015529791838304 0.45102041778803 0.0169593277310925 0.0181997599039616 0.0880333800186741 0.0892814706129365 0.882842208817683 0.541672919167667 0.342278362703106 0.268115246098439 0 0 0 0 0.377469153674542 0.447732265978287 0 0.497161348513262 0.484036757552694 0 0 0 0 0.391155948444737 0.499947999748919 0 0.481903433739509 0.51922560213628
(Node12.txt) (#NONE#) (listNode12EC.txt)
(Neighbor1Node12.txt) (Neighbor2Node12.txt)
(#NONE#)
(#NONE#) (Root.txt)
#NONE#
0.0551370536490903 1.29052330483638E-06 0.00024655698704948 0.110928737777219 0.0170018828250647 0 0.0118417227914844 0.0646501687697348 0.0150766930423245 0.0641104883369735 0.220236844373263 0.000140330965280601 6.86484406261345E-05 0.0940315114141838 0.205763393102411 0.00361891541660957 0.00864775818483183 0.0119625924516806 0.0236919089005973 0.0063937230184491 0.0623390701383998 0.000853164262288872 0.000104604831885336 0.00224234328643055 0.0209105965108167 0.362197113739315 0.49069828116277 0.497994169002581 0.393863098105534 0.41948416722839 0.495849890183845 0.450778599190797 0.485055164007367 0.535176394535705 0.689844522375877 0.494721370631988 0.487347245796508 0.492135580123826 0.504320719767085 0 0 0 0 0.343252320407718 0.47384743441539 0 0.460341159164435 0.519219990769843 0.362197113739315 0.49069828116277 0.497994169002581 0.393863098105534 0.0762318468206719 0.0220024557684553 0.450778599190797 0.0247140048429319 0.0159564037658623 0.0794664817190643 0.0884913148676174 0.89876197107102 0.543673515696224 0.355152770866136 0.266873893044609 0 0 0 0 0.383005674445762 0.467319441754009 0 0.494394854789127 0.505784678461179 0 0 0 0 0.412391162620713 0.484469395990549 0 0.469557679840208 0.520189582295167
