0
13
False False
#NONE#
0.090061391146942 0 0 0.145283688344095 0.00402528578433608 0 0.0133897361591285 0.0119174530265095 0.00464683075975876 0.0372295148398687 0.141010688340072 4.56479731387629E-06 4.63114090706715E-05 0.0374264744787833 0.238665585581324 0.00235729358716141 0.00329283604943159 0.0031576369006944 0.0792430821814406 0.00213125017240266 0.039078218597024 0.000457282136570922 3.59551872502629E-05 0.00131610658049669 0.145222813940325 0.651428025243172 0.651466917047389 0.434586664572495 0.737094346202253 0.566211675768332 0.425365058487683 0.735779881588955 0.637919335458892 0.308689787102457 0.629884870479038 0.493224003386101 0.410537098613559 0.49410791268103 0.610521803754544 0 0 0 0 0.523996086882608 0.341894575576929 0 0.612409497104115 0.172727926233047 0.651428025243172 0.651466917047389 0.434586664572495 0.737094346202253 0.0422155888857246 0.0834704829107544 0.735779881588955 0.0255098383547776 0.13596186086941 0.0797946346276306 0.0848656602639958 0.811381935195476 0.503433561771112 0.31088806785313 0.273244594474352 0 0 0 0 0.580775297648291 0.479254323834105 0 0.696929020714231 0.326707584735305 0 0 0 0 0.551535215424499 0.402278842537333 0 0.610201562729474 0.306143738572912
(Node25.txt) (#NONE#) (listNode25EC.txt)
(Neighbor1Node25.txt) (Neighbor2Node25.txt)
(#NONE#)
(#NONE#) (Root.txt)
#NONE#
0.0718947270706069 4.91993767335382E-05 1.20967682404258E-05 0.119707457151773 0.00617202982081412 0 0.0125956143394744 0.0131324687970199 0.00378714496879351 0.0464499159790308 0.154936428001737 0.000205671079150367 0.000342309609865918 0.0530569691179057 0.239931947428283 0.00504561482878768 0.00542373475343289 0.0104847729963773 0.0715857206245304 0.00501782780633319 0.0695123401300306 0.0011970975356227 0.000889488270367463 0.00248282560183888 0.10608659794325 0.647753308496347 0.634277071195797 0.489100928021466 0.722424587511833 0.572782886421134 0.424431767055894 0.71555096093895 0.645707712031844 0.302781171664956 0.661640829382876 0.490965788302568 0.431153683332063 0.4991419907771 0.58876029101366 0 0 0 0 0.533207116990694 0.329446094089678 0 0.620342916462239 0.184913520718177 0.647753308496347 0.634277071195797 0.489100928021466 0.722424587511833 0.0395757694304394 0.0949856729662158 0.71555096093895 0.0253647955696045 0.117867650946779 0.0650055852474968 0.0828543279682813 0.847868450451648 0.517309991719604 0.331607255867209 0.2726946124329 0 0 0 0 0.577673655915437 0.483449694979629 0 0.729533667540277 0.283205572660158 0 0 0 0 0.557387249028182 0.402275544751861 0 0.612584872364741 0.302884407121985
