0
21
False False
#NONE#
0.594631559639123 6.5772165219679E-07 8.96893162086533E-07 0.126401880205344 0.00687650227415441 0 0.0145847862420337 0.00745497838708122 8.70745014156681E-05 0.0939675430488984 0.0478138230842443 1.4176776525878E-06 0.000751403687129685 0.0259340905838507 0.0219792909063021 0.00789927985365777 0.012459096465587 0.00429546846344978 0.00354221794083906 0.00448241886386409 0.0214487640318014 0.00173455165490728 0.00052973345500008 0.000356049278275897 0.0027665151405733 0.0317147614601396 0.0438374042950514 0.05284295851674 0.0458343879774132 0.125208663020764 0.193655200746965 0.0367908932461873 0.169089522920279 0.177890040460629 0.162620061028527 0.512565673617557 0.54115363050002 0.492663133194216 0.482356613238054 0 0 0 0 0.0533847512338269 0.0850567320261438 0 0.0789610724289716 0.0788308861322307 0.0317147614601396 0.0438374042950514 0.05284295851674 0.0458343879774132 0.071823911786937 0.108598468720822 0.0367908932461873 0.0901284504913077 0.099059154328398 0.0462698412698413 0.0396668346350886 0.687608451611097 0.479946145124717 0.250913823801125 0.237855725623583 0 0 0 0 0.0709987399404206 0.185099103641457 0 0.145915925481304 0.190180004446223 0 0 0 0 0.139204858832422 0.193909480236539 0 0.173550173847317 0.170806655995732
(Node20.txt) (#NONE#) (listNode20EC.txt)
(Neighbor1Node20.txt) (Neighbor2Node20.txt)
(#NONE#)
(#NONE#) (Root.txt)
#NONE#
0.583119318454133 6.5772165219679E-07 8.96893162086533E-07 0.134425386671851 0.00470082870508599 0 0.0134794259008737 0.00655441262728723 9.45897181581324E-05 0.093716187755052 0.0477776438104819 7.4270056373147E-05 0.000754346156857015 0.0271713167571833 0.0250028517818387 0.0137372648728361 0.00951547626157184 0.00642506261894654 0.00432355038509875 0.0046945775284708 0.0186311383045362 0.00181957069215766 0.000568089296442411 0.000451507338189168 0.00296162969176122 0.0410440739932336 0.0488767260170061 0.0603820804281309 0.0542393796036933 0.134134905571656 0.181210202276197 0.0435389030224884 0.15951418706203 0.181867015290965 0.166218115776052 0.516336885726309 0.544283505546202 0.4921248430068 0.481608593623106 0 0 0 0 0.0591002565605367 0.0746003025183138 0 0.0696646152602455 0.087237926322044 0.0410440739932336 0.0488767260170061 0.0603820804281309 0.0542393796036933 0.0750346490111196 0.106609899757883 0.0435389030224884 0.0898495718017847 0.0946290889689209 0.0547015220229506 0.041354479115502 0.695098084226832 0.483751202501203 0.252792192395103 0.229060717721432 0 0 0 0 0.103552041732518 0.170301617037387 0 0.143451230175572 0.192129858866105 0 0 0 0 0.139859109960483 0.179083477916419 0 0.163423421126026 0.172282472382892
