0
21
False False
#NONE#
0.051250283049017 0.000363480048547492 0 0.115067213426494 0.0140137181024484 0 0.0117290990701212 0.0518191406963983 0.0053498979491702 0.0556544091183597 0.201015007885194 0.000270029985439389 0.00194871973702163 0.0773461757766222 0.220162454561157 0.0104294008060362 0.0276165115428257 0.0111965455074735 0.0219098862211912 0.00936163634381977 0.0889571704673303 0.000923321228109147 0.00332639780877667 0.00151480146612544 0.0187746992023212 0.33849873507573 0.489771247584001 0.49210916073619 0.402273226885526 0.388388215207652 0.508958920038604 0.442135792826935 0.538161371529003 0.546564064998548 0.702999466617923 0.496239607308771 0.482711252637978 0.487324696063705 0.518444312521987 0 0 0 0 0.30919231765909 0.496878241178824 0 0.52993920532919 0.538017286287064 0.33849873507573 0.489771247584001 0.49210916073619 0.402273226885526 0.0791958975485619 0.0120806788597792 0.442135792826935 0.00822216619981326 0.00854677871148459 0.0652230058690143 0.0812050869730609 0.895067202518868 0.542331932773109 0.36013298603392 0.281975790316126 0 0 0 0 0.390626443257041 0.514663980886472 0 0.546059249896037 0.489549309240036 0 0 0 0 0.379656308588795 0.491478780950289 0 0.516935508791752 0.538630266224137
(Node18.txt) (#NONE#) (listNode18EC.txt)
(Neighbor1Node18.txt) (Neighbor2Node18.txt)
(#NONE#)
(#NONE#) (Root.txt)
#NONE#
0.0587799737553437 0.000312498766615491 3.48103542174338E-05 0.129894762589603 0.00944541586471906 0 0.0122075466712667 0.0567785559368687 0.00553616151733885 0.0527991856712432 0.185867422599239 0.000254738666816428 0.00217101225068783 0.0919273574835761 0.199521114440508 0.0119751821434488 0.0284129734045054 0.0152441370230905 0.0220608465684193 0.0118431737723792 0.080780359726892 0.000897420863845833 0.00178853194170444 0.00253594348528884 0.0189308745023812 0.350632390876463 0.511607508167599 0.489587627458323 0.39585928497094 0.399483820233267 0.511231079808339 0.426727244877831 0.530826585413198 0.533216182581535 0.684803466852089 0.493573413801986 0.479763179712525 0.493425727279235 0.519357316909816 0 0 0 0 0.329334419496505 0.496120125405828 0 0.511166701674398 0.522397518667615 0.350632390876463 0.511607508167599 0.489587627458323 0.39585928497094 0.0701494007367621 0.0151109544025115 0.426727244877831 0.0196598837387996 0.0108186639139201 0.0607397028791715 0.0858284553069236 0.911428891786467 0.546496381664491 0.374895943755489 0.288246906960142 0 0 0 0 0.349331821147383 0.523351466787048 0 0.559988092460463 0.506338602647175 0 0 0 0 0.397003430224862 0.492219296434137 0 0.507511203644291 0.521073292363285
