0
8
False False
#NONE#
0.301593401678015 0 0 0.199743659548481 0.0388135400678743 0 0.0283547758438781 0.0256531189727371 0.00015620892332091 0.17108249728367 0.0645585952869474 9.15832515711961E-06 0.0158206755754986 0.0376200871381365 0.0281039401589002 0.0258095387535114 0.0104994123793079 0.00239686059603728 0.00600244722933888 0.0100832492621653 0.0228000361710369 0.00100245653499003 0.00162611418673104 0.00318135235373353 0.00508887373053213 0.16458704796021 0.162108476082741 0.203336967158658 0.16482291442218 0.14581732340372 0.148303039485025 0.184627284888314 0.205894758223802 0.124159087032249 0.190830591733369 0.52193669870737 0.532724784484944 0.489222444937951 0.478963403303569 0 0 0 0 0.0114862996480644 0.0443205756661639 0 0.0789177754435108 0.0053843954248366 0.16458704796021 0.162108476082741 0.203336967158658 0.16482291442218 0.134331023755656 0.103982463818861 0.184627284888314 0.126976982780292 0.118774691607412 0.0687206673534799 0.0639972810111699 0.893944024725275 0.536415407509158 0.34148308545878 0.233462826236264 0 0 0 0 0.115356714160023 0.159076189129498 0 0.190502311822165 0.083051432431947 0 0 0 0 0.149035563905049 0.143410231720893 0 0.200903480302377 0.129157309398118
(Node19.txt) (#NONE#) (listNode19EC.txt)
(Neighbor1Node19.txt) (Neighbor2Node19.txt)
(#NONE#)
(#NONE#) (Root.txt)
#NONE#
0.280766526935454 2.10683288351065E-05 0.000110107553870055 0.23299356334583 0.0444069119213008 0 0.0251385675019679 0.0164730026658926 0.00122836019131367 0.13812076128695 0.0860451903111384 6.87553169999101E-05 0.00321731305411651 0.0465566663987119 0.0406395719735324 0.0178518867222291 0.00667711339845069 0.00477376174920983 0.00900874487031367 0.00617072519330623 0.0280610628245307 0.000658409201251339 0.000559050090753526 0.0014507926901561 0.00900208647388658 0.152476433977331 0.157734954512851 0.199838467842495 0.18487451591822 0.159860626804212 0.177427599176598 0.205431598145987 0.23841600231275 0.159098321338185 0.244275466248517 0.509859594958316 0.518280209944384 0.488921635800587 0.483788568399509 0 0 0 0 0.0230936910413046 0.0618438182574788 0 0.0940248717622722 0.0495398511561511 0.152476433977331 0.157734954512851 0.199838467842495 0.18487451591822 0.136766935762908 0.115583780919119 0.205431598145987 0.144391130550478 0.109558470182034 0.06770832838767 0.0664345396413669 0.881390829001709 0.537074518658209 0.34406900664812 0.272405861251305 0 0 0 0 0.103196296329604 0.155704542713413 0 0.243046144780557 0.0928168216556925 0 0 0 0 0.16866701767792 0.179466035241072 0 0.232888730516533 0.170065803937877
