0
14
False False
#NONE#
0.121974514431577 2.20894889375839E-06 0 0.152192745154288 0.010259372226826 0 0.0112111375334373 0.0250387513900344 0.00378772621908784 0.0804428308984061 0.181346245611932 0.000102421281979725 0.000398763713849093 0.0885619466991059 0.140486916935087 0.0125651219589344 0.0164759612537964 0.0110974028513152 0.0281375762845666 0.0119921762193897 0.0717608039726451 0.000688599911421953 0.00261994344060112 0.00414335832956282 0.024713474733263 0.54056528500289 0.433344472233338 0.371378818193944 0.585200357920946 0.372372451202703 0.227528559201458 0.582820969498911 0.445194884620515 0.503624346405229 0.547933442512808 0.50416813136241 0.438618497768274 0.485342479001813 0.552939925929219 0 0 0 0 0.292735836556845 0.141719797919168 0 0.362253585878796 0.418188892223556 0.54056528500289 0.433344472233338 0.371378818193944 0.585200357920946 0.0796366146458583 0.0858087612822906 0.582820969498911 0.0829412987417188 0.0854354541816727 0.0628667091836735 0.0897927059712774 0.908861534531508 0.547247023809524 0.366451285658296 0.293689767573696 0 0 0 0 0.339784375972611 0.209691302076386 0 0.47222218109466 0.667556611533502 0 0 0 0 0.371091655551109 0.223866066426571 0 0.429215505090925 0.461302009692766
(Node11.txt) (#NONE#) (listNode11EC.txt)
(Neighbor1Node11.txt) (Neighbor2Node11.txt)
(#NONE#)
(#NONE#) (Root.txt)
#NONE#
0.0966781725529776 5.03589699180468E-05 7.44659456731709E-05 0.159426883848588 0.00942198026249114 0 0.0138026068558988 0.026798979522867 0.00522291574815317 0.0736323023462845 0.204783630085727 0.000626852519337633 0.000772289880308388 0.089393000344857 0.160088507030534 0.0100134340116621 0.00931044794574678 0.010290765556229 0.0290216089364191 0.0065206863817064 0.0616014762591168 0.000749312262330216 0.000977485811167969 0.00214534403636628 0.0285964928856396 0.534494023054919 0.429827978918392 0.35497164023628 0.586476740187403 0.355071040589028 0.264265842750402 0.579862708303932 0.474555927407011 0.506288702202565 0.577603417041705 0.502248614722288 0.447634908737205 0.481994323071257 0.546155942638153 0 0 0 0 0.276625825069973 0.158756540776321 0 0.420726381053041 0.425916264366671 0.534494023054919 0.429827978918392 0.35497164023628 0.586476740187403 0.0784452155190543 0.105509301974081 0.579862708303932 0.0538295463539696 0.0803724378358946 0.0723596604055607 0.0892599285343291 0.910464325813091 0.547114078201393 0.376769449186909 0.295110107112214 0 0 0 0 0.295090346161731 0.212736809487564 0 0.51250524469955 0.677793166389722 0 0 0 0 0.358072389002825 0.269690999847884 0 0.456106454996168 0.462298443549359
