0
21
False False
#NONE#
0.693474008986286 6.5772165219679E-07 8.96893162086533E-07 0.0932186381497217 0.0422090330643322 0 0.0134096700720754 0.0006103969843806 8.75301555595919E-05 0.0554816164607019 0.0395382042008174 1.4176776525878E-06 0.000132412568177779 0.0155131132681233 0.0160829690785915 0.00565803468676682 0.00398094687077616 0.000693177226255164 0.00252572949415434 0.00232027200230278 0.0119807313438459 0.000108559229611558 0.000226719438034991 0.000934475045102581 0.0018107893819157 0.0256697594497388 0.0259350058487933 0.0358060552924124 0.0388046381497568 0.0969618830132143 0.10999307996823 0.0361804358138517 0.168766333749574 0.180650926545457 0.0926184227319379 0.531877360439915 0.536341267143844 0.490620826350224 0.488782314692353 0 0 0 0 0.0237897953027365 0.0483361904761904 0 0.0634374883664667 0.0432634443406992 0.0256697594497388 0.0259350058487933 0.0358060552924124 0.0388046381497568 0.0731720877104778 0.0616568894920391 0.0361804358138517 0.105328845383108 0.137387482204758 0.0469802176381124 0.0263738310638895 0.579022090548731 0.420126638712165 0.182688952411629 0.188839526701369 0 0 0 0 0.102062373833024 0.0572089663659736 0 0.230958673808705 0.291175488763807 0 0 0 0 0.0900722445631424 0.114252535545332 0 0.155941096280167 0.154988488944836
(Node30.txt) (#NONE#) (listNode30EC.txt)
(Neighbor1Node30.txt) (Neighbor2Node30.txt)
(#NONE#)
(#NONE#) (Root.txt)
#NONE#
0.688310610206314 6.5772165219679E-07 8.96893162086533E-07 0.0975925140085284 0.041842701995394 0 0.00907327456652367 0.00117220979887391 8.73565730285733E-05 0.0559712279252141 0.0388074146293722 2.28041970565506E-06 0.000153703724804581 0.0175047080180456 0.0190255991566824 0.00585048987358101 0.00349427065314498 0.00157561477821633 0.00302238148539095 0.00228137670879241 0.0106826550515013 0.000314379656186707 0.000232735184742789 0.0010525939430283 0.00194834702811359 0.026452870158718 0.0278560167527183 0.0358756070708344 0.0416302495183766 0.107476354003803 0.103010586696373 0.0386361092219739 0.177900224938276 0.188220154545837 0.0999206689617237 0.522639545272936 0.542644466609315 0.49172867774239 0.488572571302397 0 0 0 0 0.0297180060172217 0.051140281975804 0 0.0695812350551586 0.0649716611027973 0.026452870158718 0.0278560167527183 0.0358756070708344 0.0416302495183766 0.0777583479865818 0.0518703047205691 0.0386361092219739 0.108318989883117 0.123248493443039 0.0522479459820458 0.029239428567338 0.579958091111748 0.418172493502728 0.184555206874076 0.183148633502107 0 0 0 0 0.106084706016349 0.0566164914996948 0 0.239753691313156 0.296687651645133 0 0 0 0 0.100049666953539 0.105943516479144 0 0.160991324716594 0.163033826011379
