0
9
False False
#NONE#
0.103589205486675 0.00043364909591077 0 0.198903112126691 0.011053911942048 0 0.0223414460018614 0.0143342125224826 0.0015675632014983 0.0906853738323201 0.203754326214968 2.62996660593645E-05 0.0020395236837097 0.100648011693814 0.098497594684258 0.0105130249539872 0.020224265508499 0.00955871997665309 0.0199360036744183 0.0104889853135124 0.0569926688811767 0.0044071649949882 0.00316471591744041 0.00289391027337104 0.0139463103536569 0.299518481409658 0.385395394245067 0.366843277177918 0.373471671973633 0.618514377222874 0.327227856783739 0.371012815990594 0.320646318375403 0.380285642063093 0.544083253775641 0.469984478705205 0.449216902330655 0.510848433867311 0.532038635790512 0 0 0 0 0.599687458801184 0.216032066577818 0 0.228854579419612 0.294983575937498 0.299518481409658 0.385395394245067 0.366843277177918 0.373471671973633 0.0188269184216896 0.111195790205921 0.371012815990594 0.0917917389557913 0.0853020661255956 0.0567205942205942 0.0808981280493626 0.927631155881156 0.557904287070954 0.36862858700513 0.281308930267264 0 0 0 0 0.773212480680781 0.300415920233241 0 0.229456306910229 0.41195486698003 0 0 0 0 0.571008850795779 0.328862291944318 0 0.325690035007355 0.364210859728507
(Node17.txt) (#NONE#) (listNode17EC.txt)
(Neighbor1Node17.txt) (Neighbor2Node17.txt)
(#NONE#)
(#NONE#) (Root.txt)
#NONE#
0.104385469250197 0.000188269553487877 0.00024014901970088 0.194118025926674 0.0185939862641544 6.30087381853401E-05 0.0268281578885068 0.0320948805194751 0.00853536323079255 0.0813851059518959 0.195330535754282 0.000523846271956621 0.00272164752217793 0.086954291137154 0.113707322788236 0.00798864814355766 0.0148782510944554 0.00826005358378659 0.0188615999352795 0.0102164542582578 0.052912569641538 0.00134972329668159 0.00171508554730475 0.00208163556692354 0.0160659191153396 0.283935982173202 0.368697806560261 0.408086022079836 0.34307512443204 0.594355960431521 0.315968241115828 0.349264377098802 0.298421718541397 0.41147248716311 0.542547119030109 0.478304069862869 0.486163097800368 0.504652747386944 0.500458678484164 0 0 0 0 0.553007823025557 0.215993982335374 0 0.199837298163204 0.330683695108431 0.283935982173202 0.368697806560261 0.408086022079836 0.34307512443204 0.0413481374059639 0.0999742587804534 0.349264377098802 0.0985844203781937 0.0807887920546784 0.0719551701711238 0.0877447069771384 0.921579012499772 0.551625667756981 0.382676061953646 0.300297980546597 0 0 0 0 0.80333327340749 0.266688303416441 0 0.208946629455758 0.462594918438662 0 0 0 0 0.539728108789438 0.318599830976316 0 0.307102830221376 0.390973228726961
