0
21
False False
#NONE#
0.0601714811307126 0 0 0.120934505409353 0.0104829027825313 0 0.0128444052698102 0.0427658374720537 0.00784819607891638 0.0432438610398909 0.234443376329009 0.000811100586509134 0.000231976806401364 0.0906552561768732 0.232864553796708 0.0098119030308673 0.00972631244793549 0.0194914492462419 0.0274677359580639 0.00390169670700759 0.0428990995758702 0.000538262646953203 0.000336150694275639 0.00072466507955271 0.0278052717344625 0.433922368685366 0.487185787021361 0.476372721635663 0.475731984201088 0.405757459439616 0.409283890194254 0.476612931451783 0.477615216958578 0.496395353833841 0.674489742943711 0.497567581655678 0.482251915209447 0.48902895430424 0.501487202342765 0 0 0 0 0.358563385365542 0.363264488085833 0 0.429423370293986 0.446404166247696 0.433922368685366 0.487185787021361 0.476372721635663 0.475731984201088 0.0471940740740741 0.0460194021084218 0.476612931451783 0.0481918466645918 0.0499911875861456 0.0770778279260422 0.0879227016859292 0.885606323221491 0.541569640676783 0.34861478588692 0.304500334321763 0 0 0 0 0.361129931915786 0.357130864767559 0 0.506016509897406 0.605305324842188 0 0 0 0 0.398698209585829 0.404937557723944 0 0.465563184430467 0.46931794216262
(Node7.txt) (#NONE#) (listNode7EC.txt)
(Neighbor1Node7.txt) (Neighbor2Node7.txt)
(#NONE#)
(#NONE#) (Root.txt)
#NONE#
0.0651682079920966 0 0 0.126640209408669 0.00900016632040995 0 0.0127961548721222 0.0277992980702861 0.00672570661181881 0.0458975944000718 0.233986693529509 0.000403866950567717 7.8884385494053E-05 0.088055250427004 0.233054331171032 0.00677191610089737 0.0112099429728314 0.0119533429975728 0.028143402753532 0.00425684306469346 0.0583684954807017 0.000420795091355391 0.000219069844002721 0.000553947748970037 0.0284958798063618 0.440232199219501 0.505301607526013 0.476649727225787 0.466383442904016 0.402014027458554 0.403196616717592 0.461600469281582 0.474708595648626 0.509896913645925 0.667413361991007 0.499539730016962 0.484172426149451 0.485121678900065 0.503636609798789 0 0 0 0 0.352990639047181 0.348100172439124 0 0.424269590432887 0.469251606081425 0.440232199219501 0.505301607526013 0.476649727225787 0.466383442904016 0.0490233884113736 0.0550964442784685 0.461600469281582 0.0504390052157392 0.0406453075644993 0.0739915039092901 0.087588577377928 0.888934345249904 0.538685761496695 0.358679770782544 0.298932621172251 0 0 0 0 0.355854124834097 0.366538795499958 0 0.521472652516365 0.594771715363987 0 0 0 0 0.398968527368236 0.399925583955855 0 0.456801383301483 0.484251744533626
