0
12
False False
#NONE#
0.155168640760125 6.95052615482994E-07 0 0.182150919045525 0.0174431459224879 0 0.0125714864111989 0.0164403726254286 0.00417597294359344 0.0594858968560033 0.162929746994262 3.22009316558031E-05 0.00015845532221327 0.0488444127576458 0.174047086112616 0.0248375864866536 0.00615148156505091 0.00489626230195219 0.0337779981451787 0.00410864181981683 0.0486225569328997 0.00152689794102455 0.000346688127761576 0.000836363027690311 0.0414464919166012 0.522591404404899 0.511343589067799 0.439749100531643 0.531278242698677 0.31182339801389 0.195573742330992 0.505630836633855 0.307823583712715 0.1751388278623 0.472090107790944 0.495300907853144 0.453121209048226 0.488611162306063 0.529170129894437 0 0 0 0 0.123595203780495 0.0632750366286674 0 0.199555985208172 0.0615196898857582 0.522591404404899 0.511343589067799 0.439749100531643 0.531278242698677 0.188228194233394 0.132298705702325 0.505630836633855 0.108267598504543 0.113619137976541 0.0724069778374313 0.0902756206220486 0.890892476183432 0.540911859535481 0.353652604228706 0.280762742018103 0 0 0 0 0.296881387195401 0.229724827650741 0 0.268419606953166 0.147462556284315 0 0 0 0 0.287208321217013 0.188253383606529 0 0.311386264529414 0.18073922791702
(Node32.txt) (#NONE#) (listNode32EC.txt)
(Neighbor1Node32.txt) (Neighbor2Node32.txt)
(#NONE#)
(#NONE#) (Root.txt)
#NONE#
0.135165808219903 9.83025764835484E-05 0.000478136298771184 0.190971596859455 0.0173474110994542 6.68716684534777E-07 0.0186417703435732 0.0217902313996517 0.00629136050800292 0.0767128846138212 0.160358930755006 0.000254996412580858 0.00054273850113086 0.0532290201314832 0.157417493944185 0.0158860659817931 0.00670056523257027 0.00698458714354176 0.0349271366219887 0.00520488348874227 0.0494146682901416 0.000671643561965445 0.000496378856460481 0.00156161400816261 0.0388511064344464 0.510907632023318 0.51372504634796 0.44457195999461 0.547006093450367 0.279817231966066 0.214881778862261 0.534398087029491 0.305666858683121 0.179102848798038 0.470328612161338 0.485457534906785 0.437101286758786 0.498651817087981 0.537831163123332 0 0 0 0 0.120378129144657 0.0729015343690418 0 0.188624545109739 0.0434778860957883 0.510907632023318 0.51372504634796 0.44457195999461 0.547006093450367 0.15943910282141 0.141980244493219 0.534398087029491 0.117042313573383 0.13562496270225 0.0746215721116763 0.0906059971047855 0.900879527835949 0.544648708429637 0.362598987199964 0.295908647574911 0 0 0 0 0.282814108403473 0.231967681759772 0 0.271716293755166 0.153878824968046 0 0 0 0 0.276462765677554 0.210482253699427 0 0.304979612943999 0.180812955889606
