0
11
False False
#NONE#
0.69097699750061 0 0 0.0770466438153369 0.0444213723364526 0 0.00739162381544288 0.000550229578376214 0 0.0527997750976842 0.0417813938367565 0 0.000226229283064182 0.0191248950062791 0.0209865980203089 0.00936098162216513 0.00705220425368338 0.00121219728176939 0.00213476172768614 0.00312405457216294 0.0185973888763109 3.37366740137645E-05 0.000418466828021444 0.00152155345340985 0.00123889642046616 0.0180094276094276 0.0214594573182808 0.0233734204793028 0.0250094276094276 0.0689758764111705 0.103836997425233 0.0317943355119826 0.211736621113092 0.287330996236878 0.125364633994263 0.538897172965151 0.571742770348305 0.486202556894537 0.487141262233131 0 0 0 0 0.030372192513369 0.0687165775401069 0 0.133808199643494 0.12819302832244 0.0180094276094276 0.0214594573182808 0.0233734204793028 0.0250094276094276 0.0386036838978015 0.0351204198851258 0.0317943355119826 0.077928421469598 0.159137967914438 0.0467171717171717 0.0309539842873176 0.564831400423993 0.416856060606061 0.182877540840504 0.197537878787879 0 0 0 0 0.0503774212715388 0.0576550604080016 0 0.305301723113488 0.469161576549812 0 0 0 0 0.0664589423648247 0.109434145375322 0 0.186791206179442 0.250367082590612
(Node36.txt) (#NONE#) (listNode36EC.txt)
(Neighbor1Node36.txt) (Neighbor2Node36.txt)
(#NONE#)
(#NONE#) (Root.txt)
#NONE#
0.678117406166292 0 0 0.0885388317778131 0.0480793098235899 0 0.011671401745406 0.0006736670815369 0 0.0495206567028026 0.0442668436390028 0 0.000227354395575433 0.0167727636862124 0.0198476208944923 0.00928515961971046 0.0046783223357944 0.00129593547651991 0.00270677459049005 0.00275447486626345 0.0170811258602666 0.000209352584808873 0.000418466828021444 0.00136876955438853 0.002485762371013 0.022258229352347 0.0246067736185383 0.0281371360665478 0.0347184789067142 0.0700009506833036 0.10505109922757 0.0390896019013666 0.21337302436126 0.299261081402258 0.119967452300786 0.543971968501931 0.570417345111089 0.486832725934657 0.485298260510439 0 0 0 0 0.0173557932263814 0.0619322638146168 0 0.10955210932858 0.117803446226976 0.022258229352347 0.0246067736185383 0.0281371360665478 0.0347184789067142 0.0526451574569221 0.0431188354129531 0.0390896019013666 0.10382091503268 0.181457635175282 0.0481060606060606 0.0304930789375234 0.57437822671156 0.417992424242424 0.186952113729891 0.189204545454545 0 0 0 0 0.0441676767676767 0.0718691622103387 0 0.320325609031491 0.504215805109923 0 0 0 0 0.0698975638740345 0.106899940582293 0 0.187857754010695 0.258658585858586
