0
12
False False
#NONE#
0.0580291910049071 3.76108108514712E-06 0 0.0456723078018872 0.00244867996875333 0 0.00408270035167554 0.00453298314645926 0.00498736122407598 0.0227893607157347 0.0965212783513982 5.86241655594085E-05 1.09062636971098E-05 0.0271501687032661 0.32018482909441 0.00166810694997814 0.00366693953737054 0.0027495605043695 0.100915527452041 0.00166061075811411 0.0373903881837363 7.97818590450315E-05 3.36928046606981E-05 0.000543154339382352 0.264820085738394 0.62613238972752 0.68577076861052 0.677672715683596 0.709893648679743 0.612124701255056 0.588067280299065 0.708160289989751 0.568874700763678 0.683806801710406 0.794498150325355 0.494536524352173 0.483265614176655 0.490594553967953 0.528726080787609 0 0 0 0 0.587081253858473 0.551219102638627 0 0.533484516499906 0.674616211948076 0.62613238972752 0.68577076861052 0.677672715683596 0.709893648679743 0.0250434473965832 0.0368481776604373 0.708160289989751 0.0353901842637709 0.00919058976233024 0.051871367889211 0.0781832779929379 0.649812247491796 0.413938385907566 0.218113161385051 0.196529290692673 0 0 0 0 0.659876593079229 0.647909048210631 0 0.581063294285743 0.722689555434468 0 0 0 0 0.585333002438823 0.561577029390336 0 0.556820973091558 0.660134506322093
(Node26.txt) (#NONE#) (listNode26EC.txt)
(Neighbor1Node26.txt) (Neighbor2Node26.txt)
(#NONE#)
(#NONE#) (Root.txt)
#NONE#
0.0484189228749707 2.07086247226281E-05 0.000297859377485859 0.0576630616110202 0.00394107179596008 0 0.00742498010909713 0.00621389965506972 0.00579541645905779 0.0273353400339274 0.114997144954795 0.000179611364938923 3.12829489373113E-05 0.034278884252074 0.291377853735074 0.00656995771085685 0.00476570473075848 0.00869863840163152 0.0948929174447029 0.00535696937311352 0.0784416847188898 0.00145408899325269 1.67252773679097E-05 0.00406388386892984 0.197763391683366 0.651758767740005 0.69075420947238 0.652718561466859 0.721502632372895 0.647646136870272 0.615367274293956 0.715922713430421 0.567163750211859 0.668933043085199 0.778559844043356 0.491992626569684 0.476599217983112 0.498074195344957 0.536538035032352 0 0 0 0 0.626499532877906 0.589208896934393 0 0.529559617984809 0.652401552141462 0.651758767740005 0.69075420947238 0.652718561466859 0.721502632372895 0.0211466039923661 0.0261583773595632 0.715922713430421 0.0376041322270497 0.0165314909437373 0.0493694519359137 0.0760418923526169 0.747969125393396 0.464635396668983 0.268762528206732 0.228080465665755 0 0 0 0 0.686748632714312 0.664948569340663 0 0.564911632178622 0.74369069794159 0 0 0 0 0.622881053665652 0.589238008015102 0 0.554671362461941 0.637429148236612
