0
4
False False
#NONE#
0.677850163158857 0 0 0.181288749822496 0 0 0.000432472533516793 0.00258722781726516 0 0.0355333626472817 0.0255714593589004 0 0 0.0226467939366828 0.0214914578170124 0 0.00206995717108868 0.00156487971911209 0.00420368144710249 0.000710315009264977 0.0114242568103802 0 0 0.000154416306361952 0.0124708064446774 0.0347411764705882 0.235308823529412 0.171424509803922 0.0352352941176471 0.26061862745098 0.0688803921568627 0.0340372549019608 0.0710333333333334 0.11 0.0919938271604938 0.499278779644355 0.604930359860336 0.494474507691521 0.482007026535463 0 0 0 0 0.15511862745098 0 0 0.00716666666666668 0.0544352941176472 0.0347411764705882 0.235308823529412 0.171424509803922 0.0352352941176471 0.1055 0.0688803921568627 0.0340372549019608 0.0638666666666667 0.0555647058823529 0.021875 0.0300092592592593 0.682972222222222 0.4296875 0.215524691358025 0.1078125 0 0 0 0 0.284696078431373 0.0263372549019608 0 0.0753970588235295 0.0408382352941177 0 0 0 0 0.239399019607843 0.0837225490196078 0 0.0553441176470588 0.149877450980392
(Node29.txt) (#NONE#) (listNode29EC.txt)
(Neighbor1Node29.txt) (Neighbor2Node29.txt)
(#NONE#)
(#NONE#) (Root.txt)
#NONE#
0.55195807455306 0 0 0.186976789496106 0.0389359513962442 0 0.00439176728030702 0.00647439870357006 0 0.0300004577028722 0.0660857302649388 0 0 0.0274087300340636 0.0485280121297675 0.0002224482013474 0.00123442188510607 0.00525721746865366 0.00867341393651939 0.000558918526054647 0.0145881955586509 7.09884430814665E-06 0 3.8604076590488E-05 0.00865976994183987 0.101363562091503 0.196329901960784 0.279930446623094 0.0691538126361656 0.241004738562092 0.0746285403050108 0.0665150326797385 0.0673360021786492 0.125954302832244 0.151422839506173 0.510426161979818 0.594508471284522 0.491055106323678 0.484210151471481 0 0 0 0 0.135421023965141 0 0 0.00695098039215685 0.0436549564270153 0.101363562091503 0.196329901960784 0.279930446623094 0.0691538126361656 0.10558371459695 0.0746285403050108 0.0665150326797385 0.0603850217864924 0.0822993464052287 0.0338541666666667 0.0431651234567901 0.735401920438957 0.436545138888889 0.257793552812071 0.179861111111111 0 0 0 0 0.40492962962963 0.0307242374727669 0 0.0812211328976036 0.0633141067538126 0 0 0 0 0.211387472766885 0.0826971677559912 0 0.0535712962962963 0.133452777777778
