0
21
False False
#NONE#
0.0747508905003597 2.14918919151264E-06 0 0.0981094754284972 0.00340410005691998 0 0.00693531257909 0.00497583520114291 0.00119257924578069 0.0302830628458468 0.11419609322572 3.6325350085395E-05 3.49011182040022E-05 0.0286762012532239 0.280436492168783 0.00117375252260357 0.00317600319993217 0.00319799461111419 0.0908283836683167 0.00191964932211536 0.0394239622595722 0.000328669051617256 3.1943467087704E-05 0.00112215129189205 0.215764072442904 0.645481384003944 0.670081296545144 0.561202094578812 0.732030489118474 0.583016764866663 0.522446798596894 0.726794198035137 0.618072953814112 0.517048688575118 0.709809823876079 0.494918022871948 0.448504531828399 0.491219061014395 0.561997988436332 0 0 0 0 0.549843425510859 0.465424732229167 0 0.587040521703407 0.440661411508279 0.645481384003944 0.670081296545144 0.561202094578812 0.732030489118474 0.0331733393558035 0.0570220663677273 0.726794198035137 0.0310324321107045 0.0763872770668386 0.0667573461641588 0.0817619673019066 0.724014164361124 0.457215063918317 0.263010552253637 0.235914287983213 0 0 0 0 0.609246412413553 0.570364936096181 0 0.664789000917043 0.545656015493798 0 0 0 0 0.562780061258266 0.496882803640341 0 0.594277149558572 0.500982075610409
(Node1.txt) (#NONE#) (listNode1EC.txt)
(Neighbor1Node1.txt) (Neighbor2Node1.txt)
(#NONE#)
(#NONE#) (Root.txt)
#NONE#
0.0632425109738961 3.7690632956559E-05 0.000169506507757316 0.0905007519207419 0.00446249973006259 0 0.00921210714239359 0.00856729933754817 0.00291161752029957 0.0339821914701817 0.131032342470612 0.00018177476482709 5.70938473384258E-05 0.0372994252913207 0.269816357933886 0.00686587706348463 0.00426507643671809 0.00884634553590412 0.0868879084629562 0.00458500164722384 0.0626117047835594 0.00159250911956312 6.56357125917101E-05 0.0025176376600027 0.170289134034174 0.651446855742049 0.668508854083055 0.57164266687602 0.728402208351387 0.607695452455287 0.529705654827232 0.722008361775179 0.618494814483071 0.496455038298337 0.716430110017033 0.493509600750351 0.451137908807526 0.494166390636123 0.565171924730572 0 0 0 0 0.573025254223688 0.474564351293816 0 0.587621077740209 0.427285738003547 0.651446855742049 0.668508854083055 0.57164266687602 0.728402208351387 0.0346701982315988 0.055141303533416 0.722008361775179 0.0308737367428613 0.0691693002947897 0.0584250542345928 0.0789546295295151 0.773853273443953 0.479976885353447 0.284751262429843 0.243236046437554 0 0 0 0 0.625338705463942 0.586477494425373 0 0.661043368017436 0.532384453979755 0 0 0 0 0.587256211880099 0.502912646036643 0 0.593861185493675 0.478549333571891
