0
21
False False
#NONE#
0.0979914969868545 0 0 0.184607246997567 0.0178817501890056 0 0.0262478336473309 0.017851680564848 0.00256795605452767 0.046529502512439 0.301072665233869 2.67827582112992E-05 1.77582055173711E-05 0.0563895443097847 0.156237783193709 0.00310532464157879 0.004112554718772 0.00411789231371902 0.0213717267114678 0.0060304870609162 0.033615543119057 0.000730893726944301 5.49439838065768E-05 0.00345983732175245 0.0159787957483217 0.331060143852413 0.385958317002015 0.351377574345978 0.465942395146093 0.488133564126505 0.430590556906523 0.443057965818806 0.533339988918644 0.436269936829433 0.573631047455386 0.506043653394862 0.445664856232598 0.477198637330081 0.557565850077154 0 0 0 0 0.434628091646915 0.352965491564147 0 0.505196596450546 0.35306994674793 0.331060143852413 0.385958317002015 0.351377574345978 0.465942395146093 0.0535054724795901 0.0776250653423764 0.443057965818806 0.0281433924680984 0.0831999900815027 0.0601089089481946 0.0872306852465583 0.916974825840434 0.549565018315018 0.3735924198866 0.290584009244724 0 0 0 0 0.491347616995516 0.520279143110236 0 0.589783453141941 0.460043106336552 0 0 0 0 0.471470409975956 0.403716728195551 0 0.511733534165803 0.416457257774905
(Node6.txt) (#NONE#) (listNode6EC.txt)
(Neighbor1Node6.txt) (Neighbor2Node6.txt)
(#NONE#)
(#NONE#) (Root.txt)
#NONE#
0.0933536748308973 1.96143828763501E-06 0 0.178624599067655 0.0156118015072178 0 0.0274285848450722 0.0179764367230041 0.00551775803904739 0.0550341095364395 0.292442993646806 3.14407461877324E-05 0.000128032460583054 0.064184502687301 0.151135916598896 0.00373459836733964 0.00660377170298714 0.00641798375951676 0.0199154753585112 0.00617579198302169 0.0364503839131896 0.00120435618450404 0.000170351227325735 0.00324878441411304 0.0146066909620964 0.337701858228917 0.38672397730084 0.350466198507375 0.46181824744609 0.510968038323333 0.423333073984839 0.445300693206575 0.526914953035345 0.437340222537085 0.576880107455416 0.501163972245169 0.445853229585078 0.482256889283871 0.559536225308709 0 0 0 0 0.461062578568853 0.344179520015206 0 0.49919265272128 0.359565388337153 0.337701858228917 0.38672397730084 0.350466198507375 0.46181824744609 0.0499054597544793 0.0791535539696324 0.445300693206575 0.027722300314065 0.0777748341999322 0.0650851694601695 0.0847287114348843 0.909588166565944 0.543849437599438 0.369646602323146 0.287511146261146 0 0 0 0 0.546220619641796 0.514501640509092 0 0.599443889327811 0.450248897420662 0 0 0 0 0.489174788348906 0.397082509066823 0 0.50450472851767 0.421258244195891
