0
9
False False
#NONE#
0.280834591954233 0 0 0.129468786414055 0.010386426660864 0 0.0103675520463993 0.0152813322170278 0.00187002667959291 0.0695424120433671 0.117762269970348 9.82027626464589E-05 0.000352437668551385 0.0566419522950007 0.110773455859105 0.00973710555512725 0.0218508267520221 0.00836251287205261 0.0250508692688891 0.010712868891177 0.0692097543124822 0.00108250218497146 0.000469792023011708 0.0028700542466346 0.0472742673224413 0.100246502371993 0.195988144317556 0.214711676703834 0.154170868202241 0.39142651219514 0.560283824236766 0.150164753474557 0.426716018621901 0.627605502558444 0.470389152228658 0.497793425225379 0.539024587886758 0.487020815559107 0.448778516328324 0 0 0 0 0.348161283596578 0.533973148855502 0 0.366450663352624 0.608626921952412 0.100246502371993 0.195988144317556 0.214711676703834 0.154170868202241 0.043265228598562 0.0263106753812636 0.150164753474557 0.0602653552692768 0.0189785806060316 0.0655501905501905 0.0689042059906257 0.798954596386695 0.511525742775743 0.312126376138722 0.282278832278832 0 0 0 0 0.315849897379309 0.563057575539929 0 0.47216018462293 0.751635321105909 0 0 0 0 0.397943774163382 0.547193581146522 0 0.408959815493149 0.580927912029873
(Node33.txt) (#NONE#) (listNode33EC.txt)
(Neighbor1Node33.txt) (Neighbor2Node33.txt)
(#NONE#)
(#NONE#) (Root.txt)
#NONE#
0.263101467526059 4.82593806584123E-06 4.76935193992101E-05 0.149116880235335 0.0290064876839953 0 0.0215239323289289 0.0153934062557371 0.00228690946093999 0.0683890469343448 0.130753586663719 0.000168858602776261 0.00198421872376756 0.058287144350817 0.109100413431733 0.00774167031313416 0.011480858947073 0.00901686305382534 0.0238278982760436 0.007221044779617 0.0562083970560963 0.000702931597677297 0.000397479645581377 0.00269302321818499 0.0315449614571489 0.110653204221491 0.172681617073089 0.230130158439944 0.149766134653701 0.34376842111037 0.559562404742819 0.150189680941153 0.436165975430472 0.634311831274978 0.435230760079993 0.50851052597411 0.554170746791403 0.481444155617194 0.441997997727161 0 0 0 0 0.260411138550961 0.530818458573299 0 0.372364685866481 0.618542925789438 0.110653204221491 0.172681617073089 0.230130158439944 0.149766134653701 0.0833572825594091 0.0287439461695193 0.150189680941153 0.063801289563991 0.0157689054855404 0.0706093174163358 0.067937692070983 0.841755875401515 0.532279935103243 0.329983557340987 0.283510447807511 0 0 0 0 0.304180349930813 0.602239705281884 0 0.481950141364254 0.774703052597184 0 0 0 0 0.341275306628373 0.534262015553413 0 0.416353058177517 0.588458613897187
