0
14
False False
#NONE#
0.219132074998985 0 0 0.169772853182752 0.0462008756954373 0 0.0290699324827548 0.0135911349286514 0.000774067409736332 0.0803582883682004 0.150853287347223 4.95649962878502E-05 0.00293924300923679 0.0468200876932788 0.0828380990880875 0.0235091862801197 0.02741401113686 0.00696053244474107 0.0146103950459582 0.0248255020828249 0.0379891608433517 0.000880248150514971 0.00536643571783 0.00318975347591175 0.0128552656212568 0.181420736191912 0.21637188690861 0.305593416546106 0.21652763741394 0.293179979735484 0.530730124870461 0.229467336934774 0.276104418895763 0.424622723345749 0.415298906105652 0.488870127823061 0.547632812730917 0.495856639748902 0.461908739792813 0 0 0 0 0.191021728383661 0.498492861965299 0 0.156193385456747 0.347628483136845 0.181420736191912 0.21637188690861 0.305593416546106 0.21652763741394 0.102158251351823 0.0322372629051621 0.229467336934774 0.119911033439017 0.0769942402089041 0.0736378205128205 0.07687937993811 0.873549533241597 0.538645751569859 0.347595763158065 0.272687647174254 0 0 0 0 0.264943060608859 0.640933044243338 0 0.254542123977796 0.497719191933184 0 0 0 0 0.296454446701758 0.495587955028165 0 0.276835297247104 0.401458767199187
(Node34.txt) (#NONE#) (listNode34EC.txt)
(Neighbor1Node34.txt) (Neighbor2Node34.txt)
(#NONE#)
(#NONE#) (Root.txt)
#NONE#
0.190060357415093 0.000112365822089762 0.000212345783548154 0.213029065816347 0.0293448610611325 8.88746689418579E-06 0.0283999602903442 0.0232346524993345 0.0016059969908205 0.0843167835373469 0.154479250527612 0.000222956034558373 0.00263419349043803 0.0674974332468794 0.0856409184786597 0.0112845357506307 0.0105719114177102 0.00800880379161542 0.0156471494527904 0.0101344113655612 0.0421433235578304 0.000637224489549295 0.00116017672792117 0.00362436182085224 0.0159880731644408 0.183965116098084 0.218583907965164 0.309656598385211 0.21922757660341 0.292664924860754 0.546954624682721 0.233839422434556 0.261542050041048 0.437416129484916 0.418492206340012 0.488530031573388 0.55058198666139 0.493385936637249 0.454000148134293 0 0 0 0 0.184598165501303 0.506812917016233 0 0.139295134978249 0.364647679144077 0.183965116098084 0.218583907965164 0.309656598385211 0.21922757660341 0.108066759359452 0.0401417076664882 0.233839422434556 0.122246915062799 0.0727684503408387 0.0759521706930503 0.0776518211030177 0.88552720456386 0.541776882766258 0.355736461610448 0.290257824640145 0 0 0 0 0.267866331723898 0.673716497893956 0 0.21833616342945 0.487967550225714 0 0 0 0 0.290806987826813 0.506236690762177 0 0.263297544527897 0.416353227489366
