0
21
False False
#NONE#
0.155993510940529 1.19251381618166E-06 0 0.204011924107638 0.0163061192940795 0 0.0174962665008148 0.0169761591281578 0.0035247258717 0.0596362584641644 0.184032408355435 2.35954742495802E-05 9.0545898407583E-05 0.0551023076978331 0.157455730016034 0.0152616263630363 0.0046369253440271 0.00457442561805176 0.0276078499175007 0.00338496791811852 0.0405878370353733 0.00108131944265407 0.000207604014206174 0.000902527114532154 0.0311041729696409 0.498578588717158 0.466777002755417 0.345922485948517 0.540068043330921 0.427163769692114 0.187780144677866 0.515153360025653 0.354916542022667 0.169312012614388 0.461010543784748 0.490003531642257 0.415666910554086 0.495473533918758 0.558978214482186 0 0 0 0 0.301397436174527 0.0562750055688605 0 0.261311886952791 0.0535489435374488 0.498578588717158 0.466777002755417 0.345922485948517 0.540068043330921 0.125766333517587 0.131505139109005 0.515153360025653 0.0936046550698752 0.115763069076939 0.0640582390363553 0.0849426471442471 0.902216197769683 0.543121381028488 0.361883565779517 0.285707105321306 0 0 0 0 0.470282497092655 0.206607720549819 0 0.326091433424933 0.142215030476517 0 0 0 0 0.399562596356935 0.18485920084934 0 0.353489926564351 0.173588010693403
(Node9.txt) (#NONE#) (listNode9EC.txt)
(Neighbor1Node9.txt) (Neighbor2Node9.txt)
(#NONE#)
(#NONE#) (Root.txt)
#NONE#
0.138655304951284 0.000154254352267721 0.00038588366362252 0.200170227436842 0.0182700428579357 4.1441597351451E-07 0.0230567561852223 0.0211155641107113 0.00535334287688201 0.0716609704570627 0.181124525299932 0.000154551254934564 0.000464043905749711 0.0536405109741541 0.148206637675354 0.0131233939828271 0.00639449226681016 0.00662572810993694 0.028856114048623 0.00595548171995109 0.0414953635774512 0.00078598879997673 0.000498881292761428 0.00203674273787544 0.0318147830458595 0.482446801281613 0.472006577271117 0.357867235542108 0.539991853132967 0.401414620172486 0.206803140315269 0.52709642111838 0.35203539603471 0.179229198322438 0.465609651058872 0.486180506950371 0.411886461308102 0.500020551709947 0.560648589842241 0 0 0 0 0.291792353568673 0.0656891625640547 0 0.251693268089481 0.0433412884586928 0.482446801281613 0.472006577271117 0.357867235542108 0.539991853132967 0.109622266603813 0.141113977751214 0.52709642111838 0.100342127945229 0.135887909863745 0.0712284787527329 0.0856467529935827 0.901207688579074 0.543028567331112 0.361102887667503 0.291260892119812 0 0 0 0 0.458741117123012 0.206979139715378 0 0.329553071526018 0.148955154087842 0 0 0 0 0.383659735257441 0.206116763627301 0 0.34830879134577 0.18188293918922
