0
10
False False
#NONE#
0.0446104716186591 7.06077562620254E-06 0 0.0899874957778056 0.0151520820493467 0 0.01740861357812 0.0185125311347649 0.000178196510171316 0.0371408622687949 0.256004703353563 0.00117805563862197 0.000261865036130097 0.0386125682316085 0.339812609277233 0.00286691546107999 0.00569740818660583 0.00369700115080049 0.0353950893102332 0.00515871886836577 0.058489996345711 0.000174338183375229 8.0367967875327E-05 0.000346227437243388 0.0292268218382644 0.339585919827961 0.426956825270078 0.5547427625047 0.347071933322349 0.435135402909278 0.530293434013123 0.421074170036039 0.625248602397218 0.678662598408896 0.727292648721407 0.495673362709873 0.512674870677604 0.488195499843333 0.460194529781513 0 0 0 0 0.381451498916309 0.482718099336265 0 0.617436837691336 0.674469657232425 0.339585919827961 0.426956825270078 0.5547427625047 0.347071933322349 0.0536839039929697 0.0475753346768571 0.421074170036039 0.00781176470588236 0.00419294117647059 0.0458243104934281 0.0744420334325563 0.819765078168019 0.500226042340013 0.30013005844313 0.232112758564964 0 0 0 0 0.404471181202496 0.480349798344677 0 0.71928904390112 0.777032791952377 0 0 0 0 0.429998703541748 0.517957144082369 0 0.587514602794361 0.643635702286948
(Node21.txt) (#NONE#) (listNode21EC.txt)
(Neighbor1Node21.txt) (Neighbor2Node21.txt)
(#NONE#)
(#NONE#) (Root.txt)
#NONE#
0.0623743322674449 4.83710257438467E-05 9.09056603717606E-05 0.112875398229285 0.0180358520137487 0 0.0236959851739977 0.01749759248717 0.00821597296561412 0.0427405286145727 0.251872102007422 0.000443886516763998 0.000365686914813694 0.0645232672539229 0.241295299613637 0.00291817186999478 0.00840173976072734 0.0100735046921211 0.0310303452651511 0.00387524865784928 0.0645926020880086 0.000656929585946774 0.00028652364423697 0.00189557799141058 0.0321941757000448 0.299865219203887 0.442809227034664 0.544062948328771 0.338107500341567 0.437298029999811 0.524095561402397 0.403457023423378 0.595151834825191 0.661562162670196 0.686526836078461 0.498969806882927 0.507505926991299 0.485713978431706 0.469756675964841 0 0 0 0 0.369085272956974 0.487941990469756 0 0.579567773503216 0.657589957248555 0.299865219203887 0.442809227034664 0.544062948328771 0.338107500341567 0.0682127570428366 0.0361535709326416 0.403457023423378 0.0155840613219749 0.00397220542164086 0.0595347427970023 0.0819174847549129 0.884521833123906 0.530732859611913 0.356577101025086 0.279845135626492 0 0 0 0 0.45134711896509 0.501489729997778 0 0.711498700242588 0.800800890306503 0 0 0 0 0.425023923028344 0.512701824116389 0 0.557157620202073 0.61685819394572
