0
9
False False
#NONE#
0.0406265888003628 0 0 0.0913560079948204 0.00595625735455276 0 0.0415644359181794 0.049275680577564 0.000801158447519701 0.0640092032378855 0.207969270906555 6.60168920860932E-05 0.00054236235032659 0.168918136058225 0.102049516269164 0.00276002466104671 0.0146727053067575 0.00654278620144409 0.0249865708982484 0.00505588169224501 0.14356739551811 0.000581395053650022 3.43062588338617E-05 0.00174972214622626 0.0269145774561968 0.468187538126362 0.488514669571532 0.532395366739288 0.353514611474219 0.556468104575163 0.557385185185185 0.325991880900509 0.398483064633261 0.506806347131445 0.709001783264746 0.484655033265128 0.51213652354338 0.50025138790866 0.459155754616084 0 0 0 0 0.549023834422658 0.532088976034858 0 0.348438750907771 0.500725301379811 0.468187538126362 0.488514669571532 0.532395366739288 0.353514611474219 0.00744427015250545 0.0252962091503267 0.325991880900509 0.0500443137254902 0.00608104575163399 0.0700694444444444 0.0806417466849565 0.9034109739369 0.543518518518519 0.361877594878829 0.292222222222222 0 0 0 0 0.672980682643427 0.616460203340595 0 0.353167378358751 0.469016165577342 0 0 0 0 0.525019738562092 0.53548281771968 0 0.393552156862745 0.498837618010167
(Node37.txt) (#NONE#) (listNode37EC.txt)
(Neighbor1Node37.txt) (Neighbor2Node37.txt)
(#NONE#)
(#NONE#) (Root.txt)
#NONE#
0.0590305587575851 0 0 0.0987407577053562 0.00591867257219363 0 0.0218267100320459 0.0278520886621199 0.00130034631167536 0.0721426084990653 0.163409958817887 9.93512058404193E-05 0.000275734614736097 0.132883906535499 0.118368033274791 0.00164060067725515 0.0112276356627405 0.00801389351787081 0.0327617648035979 0.0170972537259343 0.18226120059673 0.000432904486201385 3.43062588338617E-05 0.00995263725814868 0.0347290760238926 0.480688886813985 0.490851063388318 0.543684556489262 0.355623907044299 0.549195877165681 0.584915893764913 0.306711457620085 0.405812715011931 0.511007145969499 0.684127689594356 0.486050737186442 0.513182166925829 0.501879509026724 0.458975912264207 0 0 0 0 0.531029073555348 0.565732248158523 0 0.347981908911713 0.502682298993671 0.480688886813985 0.490851063388318 0.543684556489262 0.355623907044299 0.018166803610333 0.0191836456063907 0.306711457620085 0.0578308061002179 0.00832484697582737 0.0750297619047619 0.0816127441374355 0.904488281403096 0.546990740740741 0.370633392122281 0.294371693121693 0 0 0 0 0.639880464778504 0.644830833073971 0 0.354560676418716 0.441884512916278 0 0 0 0 0.522133962029256 0.560034171594564 0 0.396228264342774 0.511649683577135
