0
20
False True
#NONE#
0.256732669244915 5.05634317067887E-05 7.83453645779061E-05 0.153339074998283 0.0178573717053846 2.90407267151454E-07 0.0164946498706064 0.0176377230973187 0.00286884160824241 0.0692894691671335 0.143718531177672 0.000185383874061761 0.00142111858298997 0.0554122704475521 0.120116851935846 0.010146488811981 0.010336267095877 0.00538940587004826 0.0242100543087959 0.00635057112182075 0.047483086244934 0.000641735434139305 0.00111296912678652 0.00172169344055661 0.0374045736315037 0.29253167994879 0.327133709711751 0.312859039155216 0.325600023537409 0.374013351543935 0.345532878044697 0.326434923161907 0.37230939048354 0.35521028881308 0.442452706319387 0.495271466276237 0.494280221190899 0.495532886261104 0.507010233233257 0 0 0 0 0.302131332047326 0.267289170176985 0 0.298023317031606 0.272661086495169 0.29253167994879 0.327133709711751 0.312859039155216 0.325600023537409 0.0718820194966091 0.0782437078677113 0.326434923161907 0.074286073451934 0.0825492023179103 0.061443703894498 0.0694219914252282 0.814943501284378 0.509392801189182 0.310681225418931 0.254229745762804 0 0 0 0 0.38936239060596 0.381636282358461 0 0.393924005377354 0.388922051283795 0 0 0 0 0.361081453377348 0.329425761511366 0 0.358550030164762 0.342126434867909
(Root.txt) (#NONE#) (listRootEC.txt)
(#NONE#)
(#NONE#)
(#NONE#) (#NONE#)
#NONE#
0.23700862617881 9.47436855547634E-05 0.000250556574438033 0.161098574559615 0.0223192272490492 3.82998116213084E-06 0.0180817283057074 0.0186514840500397 0.0045645569387251 0.0696792233995904 0.145060320475864 0.000252594077508492 0.00104384101026923 0.0611676842118717 0.1188106091395 0.00791594299913716 0.00755598976536788 0.00784668054752305 0.0247062501928938 0.00643863394431822 0.051491965961877 0.000701597886717804 0.000515702330343647 0.00260979562438221 0.0321298409097344 0.290348811199868 0.324114433105642 0.323451482087272 0.328008663385005 0.371908974628731 0.352858582852117 0.327655574852619 0.371471908958153 0.363975159269022 0.448024890148788 0.498306847647042 0.498729787288138 0.49426909062869 0.50213195418439 0 0 0 0 0.29496628470028 0.273994267329004 0 0.294923130194885 0.28050603494797 0.290348811199868 0.324114433105642 0.323451482087272 0.328008663385005 0.0769426899284513 0.0788643155231132 0.327655574852619 0.0765487787632686 0.0834691243210519 0.0645582332237495 0.0714054089767636 0.837886262496862 0.518316605612203 0.327638674234881 0.266711308256439 0 0 0 0 0.400254422057867 0.383323055634279 0 0.396477122829825 0.402172258644374 0 0 0 0 0.358068158250211 0.338288508811174 0 0.356318503938012 0.347953318514452
