112	
116	
25	
26	
28	
32	
33	
35	
38	
40	
42	
45	
47	
48	
49	
51	
52	
53	
54	
546	
55	
56	
57	
58	
59	
60	
61	
62	
63	
64	
646	
651	
652	
655	
656	
66	
661	
662	
663	
664	
668	
669	
671	
672	
674	
676	
678	
679	
682	
683	
684	
685	
686	
687	
689	
690	
692	
693	
694	
696	
698	
700	
702	
704	
705	
708	
709	
712	
714	
715	
716	
717	
718	
719	
723	
725	
726	
728	
731	
732	
736	
737	
738	
739	
742	
754	
767	
768	
778	
779	
780	
781	
783	
784	
786	
788	
789	
790	
791	
792	
793	
794	
795	
796	
797	
798	
799	
800	
801	
802	
803	
804	
805	
806	
807	
808	
809	
810	
811	
812	
813	
815	
817	
818	
819	
821	
822	
823	
824	
825	
826	
827	
828	
829	
830	
831	
832	
833	
834	
835	
836	
837	
838	
841	
842	
843	
844	
845	
846	
847	
848	
849	
850	
851	
852	
853	
854	
855	
856	
857	
858	
859	
861	
862	
863	
864	
865	
868	
869	
871	
872	
873	
875	
879	
885	
892	
893	
894	
895	
896	
897	
899	
900	
901	
904	
905	
906	
907	
908	
909	
910	
912	
914	
915	
916	
917	
918	
919	
921	
922	
923	
924	
925	
926	
927	
928	
929	
930	
931	
932	
933	
934	
935	
936	
937	
938	
939	
941	
942	
943	
944	
947	
948	
949	
950	
951	
952	
953	
955	
957	
958	
959	
960	
961	
962	
963	
965	
966	
967	
969	
970	
971	
991	
992	
993	
994	
995	
996	
997	
998	
999	
